Acceleration
10.655752041724087
10.655752041724087
10.655752041724087
10.655752041724087
10.655752041724087
10.655752041724087
10.655752041724087
10.655752041724087
10.655752041724087
10.655752041724087
10.601575453658262
10.601575453658262
10.601575453658262
10.601575453658262
10.601575453658262
10.547400883880039
10.547400883880039
10.547400883880039
10.547400883880039
10.547400883880039
10.493229454266347
10.493229454266347
10.493229454266347
10.493229454266347
10.493229454266347
10.493229454266347
10.493229454266347
10.493229454266347
10.493229454266347
10.493229454266347
10.439061579128271
10.439061579128271
10.439061579128271
10.439061579128271
10.439061579128271
10.439061579128271
10.439061579128271
10.493229454266347
10.493229454266347
10.493229454266347
10.493229454266347
10.493229454266347
10.493229454266347
10.493229454266347
10.493229454266347
10.493229454266347
10.493229454266347
10.493229454266347
10.493229454266347
10.493229454266347
10.493229454266347
10.547400883880039
10.547400883880039
10.547400883880039
10.547400883880039
10.547400883880039
10.547400883880039
10.547400883880039
10.547400883880039
10.547400883880039
10.547400883880039
10.547400883880039
10.547400883880039
10.547400883880039
10.493229454266347
10.493229454266347
10.493229454266347
10.493229454266347
10.493229454266347
10.493229454266347
10.493229454266347
10.493229454266347
10.493229454266347
10.493229454266347
10.493229454266347
10.493229454266347
10.493229454266347
10.493229454266347
10.493229454266347
10.493229454266347
10.439061579128271
10.439061579128271
10.439061579128271
10.439061579128271
10.439061579128271
10.439061579128271
10.439061579128271
10.384896579423987
10.384896579423987
10.384896579423987
10.439061579128271
10.439061579128271
10.439061579128271
10.439061579128271
10.439061579128271
10.439061579128271
10.493229454266347
10.493229454266347
10.493229454266347
10.493229454266347
10.493229454266347
10.493229454266347
10.493229454266347
10.493229454266347
10.493229454266347
10.493229454266347
10.493229454266347
10.493229454266347
10.601575453658262
10.601575453658262
10.601575453658262
10.601575453658262
10.601575453658262
10.601575453658262
10.601575453658262
10.655752041724087
10.655752041724087
10.655752041724087
10.655752041724087
10.655752041724087
10.655752041724087
10.764116821063398
10.764116821063398
10.764116821063398
10.994430519194992
10.994430519194992
10.994430519194992
10.994430519194992
10.994430519194992
10.994430519194992
10.994430519194992
11.102830378206566
11.102830378206566
11.102830378206566
11.102830378206566
11.102830378206566
11.21124203364693
11.21124203364693
11.21124203364693
11.21124203364693
11.21124203364693
11.21124203364693
11.21124203364693
11.21124203364693
11.21124203364693
11.21124203364693
11.21124203364693
11.21124203364693
11.21124203364693
11.21124203364693
11.21124203364693
11.216800445922729
11.216800445922729
11.216800445922729
11.216800445922729
11.216800445922729
11.216800445922729
11.216800445922729
11.270983645035608
11.270983645035608
11.270983645035608
11.270983645035608
11.270983645035608
11.270983645035608
11.270983645035608
11.270983645035608
11.270983645035608
11.270983645035608
11.270983645035608
11.270983645035608
11.270983645035608
11.270983645035608
11.270983645035608
11.270983645035608
11.265451966966063
11.265451966966063
11.265451966966063
11.265451966966063
11.265451966966063
11.265451966966063
11.265451966966063
11.210910959245588
11.210910959245588
11.210910959245588
11.210910959245588
11.210910959245588
11.210910959245588
11.102496070989966
11.102496070989966
11.102496070989966
11.102496070989966
11.102496070989966
11.102496070989966
10.93989510606206
10.93989510606206
10.93989510606206
10.93989510606206
10.885700091941686
10.885700091941686
10.885700091941686
10.885700091941686
10.885700091941686
10.885700091941686
10.885700091941686
10.709932754547696
10.709932754547696
10.709932754547696
10.709932754547696
10.709932754547696
10.709932754547696
10.601575453658262
10.601575453658262
10.601575453658262
10.601575453658262
10.601575453658262
10.601575453658262
10.601575453658262
10.601575453658262
10.601575453658262
10.601575453658262
10.601575453658262
10.601575453658262
10.438706014250672
10.438706014250672
10.438706014250672
10.438706014250672
10.438706014250672
10.438706014250672
10.438706014250672
10.492875724938513
10.492875724938513
10.492875724938513
10.601225339494038
10.601225339494038
10.601225339494038
10.601225339494038
10.601225339494038
10.601225339494038
10.601225339494038
10.601225339494038
10.601225339494038
10.601225339494038
10.601225339494038
10.541771045112776
10.541771045112776
10.541771045112776
10.541771045112776
10.541771045112776
10.541771045112776
10.541771045112776
10.541771045112776
10.541771045112776
10.541771045112776
10.541771045112776
10.541771045112776
10.541771045112776
10.433017521995149
10.433017521995149
10.433017521995149
10.433017521995149
10.433017521995149
10.433017521995149
10.37882097960832
10.37882097960832
10.37882097960832
10.37882097960832
10.547400883880039
10.547400883880039
10.547400883880039
10.547400883880039
10.493229454266347
10.493229454266347
10.493229454266347
10.493229454266347
10.493229454266347
10.493229454266347
10.493229454266347
10.493229454266347
10.445670396355462
10.445670396355462
10.445670396355462
10.445670396355462
10.33741294150728
10.33741294150728
10.33741294150728
10.33741294150728
9.94443946236806
9.94443946236806
9.94443946236806
9.94443946236806
9.619919662298747
9.619919662298747
9.619919662298747
9.619919662298747
9.383509728336053
9.383509728336053
9.383509728336053
9.383509728336053
9.275337365279286
9.275337365279286
9.383509728336053
9.383509728336053
9.383509728336053
9.545804077618671
9.545804077618671
9.545804077618671
9.545804077618671
9.775785339496068
9.775785339496068
9.775785339496068
9.775785339496068
10.100587778645414
10.100587778645414
10.100587778645414
10.100587778645414
10.330734869639107
10.330734869639107
10.330734869639107
10.330734869639107
10.493229454266347
10.493229454266347
10.493229454266347
10.493229454266347
10.493229454266347
10.547400883880039
10.547400883880039
10.547400883880039
10.547400883880039
10.493229454266347
10.493229454266347
10.493229454266347
10.493229454266347
10.493229454266347
10.493229454266347
10.547400883880039
10.547400883880039
10.601575453658262
10.601575453658262
10.601575453658262
10.601575453658262
10.601575453658262
10.601575453658262
10.601575453658262
10.601575453658262
10.601575453658262
10.547400883880039
10.547400883880039
10.547400883880039
10.493229454266347
10.493229454266347
10.493229454266347
10.493229454266347
10.547400883880039
10.547400883880039
10.547400883880039
10.547400883880039
10.547400883880039
10.547400883880039
10.547400883880039
10.547400883880039
10.547400883880039
10.547400883880039
10.547400883880039
10.547400883880039
10.547400883880039
10.547400883880039
10.547400883880039
10.547400883880039
10.547400883880039
10.493229454266347
10.493229454266347
10.493229454266347
10.493229454266347
10.493229454266347
10.493229454266347
10.547400883880039
10.547400883880039
10.547400883880039
10.547400883880039
10.493229454266347
10.493229454266347
10.601575453658262
10.601575453658262
10.601575453658262
10.601575453658262
10.499167999728524
10.499167999728524
10.499167999728524
10.384896579423987
10.384896579423987
10.384896579423987
10.384896579423987
10.37917859599866
10.37917859599866
10.37917859599866
10.37917859599866
10.270798585741383
10.270798585741383
10.270798585741383
10.427966486635192
10.427966486635192
10.427966486635192
10.541771045112776
10.541771045112776
10.541771045112776
10.601575453658262
10.601575453658262
10.601575453658262
10.601575453658262
10.601575453658262
10.601575453658262
10.601575453658262
10.547400883880039
10.547400883880039
10.547400883880039
10.547400883880039
10.547400883880039
10.547400883880039
10.607453342167007
10.607453342167007
10.607453342167007
10.607453342167007
10.721843306500993
10.721843306500993
10.721843306500993
10.721843306500993
10.721843306500993
10.721843306500993
10.721843306500993
10.721843306500993
10.721843306500993
10.721843306500993
10.607453342167007
10.607453342167007
10.607453342167007
10.493229454266347
10.493229454266347
10.493229454266347
10.493229454266347
10.493229454266347
10.493229454266347
10.493229454266347
10.493229454266347
10.493229454266347
10.493229454266347
10.493229454266347
10.493229454266347
10.493229454266347
10.493229454266347
10.493229454266347
10.493229454266347
10.493229454266347
10.493229454266347
10.493229454266347
10.493229454266347
10.493229454266347
10.493229454266347
10.493229454266347
10.493229454266347
10.493229454266347
10.493229454266347
10.493229454266347
10.493229454266347
10.493229454266347
10.547400883880039
10.547400883880039
10.547400883880039
10.547400883880039
10.439061579128271
10.439061579128271
10.439061579128271
10.541771045112776
10.541771045112776
10.541771045112776
10.433373280734124
10.433373280734124
10.433373280734124
10.433373280734124
10.433373280734124
10.541771045112776
10.541771045112776
10.541771045112776
10.541771045112776
10.330734869639107
10.330734869639107
10.330734869639107
10.276576872994358
10.276576872994358
10.276576872994358
10.046444802098954
10.046444802098954
10.046444802098954
10.046444802098954
9.829909509841873
9.829909509841873
9.829909509841873
9.775785339496068
9.775785339496068
9.775785339496068
9.775785339496068
9.775785339496068
9.775785339496068
9.775785339496068
9.775785339496068
9.775785339496068
9.829909509841873
9.829909509841873
9.829909509841873
9.829909509841873
9.829909509841873
9.775785339496068
9.775785339496068
9.775785339496068
9.829909509841873
9.829909509841873
9.829909509841873
9.829909509841873
9.88403756611631
9.88403756611631
9.88403756611631
10.04607534118385
10.04607534118385
10.04607534118385
10.33037557622657
10.33037557622657
10.33037557622657
10.33037557622657
10.492875724938513
10.492875724938513
10.492875724938513
10.601225339494038
10.601225339494038
10.601225339494038
10.59597439888914
10.59597439888914
10.59597439888914
10.59597439888914
10.59597439888914
10.59597439888914
10.59597439888914
10.59597439888914
10.487570535743133
10.433373280734124
10.433373280734124
10.433373280734124
10.493229454266347
10.493229454266347
10.493229454266347
10.493229454266347
10.493229454266347
10.493229454266347
10.601575453658262
10.601575453658262
10.601575453658262
10.601575453658262
10.655752041724087
10.655752041724087
10.655752041724087
10.601575453658262
10.601575453658262
10.601575453658262
10.601575453658262
10.601575453658262
10.601575453658262
10.601575453658262
10.601575453658262
10.655752041724087
10.655752041724087
10.655752041724087
10.812471422808153
10.812471422808153
10.812471422808153
11.097147848373128
11.097147848373128
11.097147848373128
11.36833247025688
11.653136627608841
11.653136627608841
11.653136627608841
11.880730782069579
11.880730782069579
11.880730782069579
11.82651749727202
11.82651749727202
11.82651749727202
11.718098940247838
11.718098940247838
11.718098940247838
11.487743978638713
11.487743978638713
11.487743978638713
11.157035052035274
11.157035052035274
11.157035052035274
10.886041056903016
10.886041056903016
10.886041056903016
10.655752041724087
10.655752041724087
10.655752041724087
10.493229454266347
10.493229454266347
10.493229454266347
10.493229454266347
10.493229454266347
10.493229454266347
10.547400883880039
10.547400883880039
10.547400883880039
10.547400883880039
10.547400883880039
10.547400883880039
10.547400883880039
10.547400883880039
10.547400883880039
10.547400883880039
10.547400883880039
10.493229454266347
10.493229454266347
10.493229454266347
10.547400883880039
10.547400883880039
10.547400883880039
10.601575453658262
10.601575453658262
10.601575453658262
10.601575453658262
10.601575453658262
10.601575453658262
10.601575453658262
10.655752041724087
10.655752041724087
10.655752041724087
10.655752041724087
10.655752041724087
10.655752041724087
10.655752041724087
10.655752041724087
10.655752041724087
10.655752041724087
10.655752041724087
10.655752041724087
10.655752041724087
10.655752041724087
10.709586182764237
10.709586182764237
10.709586182764237
10.93989510606206
10.93989510606206
10.93989510606206
10.93989510606206
11.053934520513005
11.053934520513005
11.053934520513005
10.999693779584453
10.999693779584453
10.999693779584453
11.054269951257453
11.054269951257453
10.82406368302856
10.82406368302856
10.82406368302856
10.655752041724087
10.655752041724087
10.655752041724087
10.656378871104915
10.656378871104915
10.656378871104915
10.547400883880039
10.547400883880039
10.547400883880039
10.547400883880039
10.547400883880039
10.547400883880039
10.493229454266347
10.493229454266347
10.55330894610378
10.55330894610378
10.55330894610378
10.55330894610378
10.55330894610378
10.439061579128271
10.439061579128271
10.487570535743133
10.487570535743133
10.487570535743133
10.487570535743133
10.487570535743133
10.487570535743133
10.487570535743133
10.487570535743133
10.487570535743133
10.487570535743133
10.601225339494038
10.601225339494038
10.60710378165339
10.60710378165339
10.60710378165339
10.547048971366092
10.547048971366092
10.547048971366092
10.547048971366092
10.547048971366092
10.547048971366092
10.547400883880039
10.547400883880039
10.547400883880039
10.61514579223619
