time,lat,long,light,temp
"Jul 6 2009 14:22:50",42.313957,-71.03926,76.00,35.52
"Jul 6 2009 14:22:51",42.31395,-71.03926,74.00,35.52
"Jul 6 2009 14:22:52",42.313923,-71.03925,73.00,34.13
"Jul 6 2009 14:22:53",42.313908,-71.03925,76.00,35.52
"Jul 6 2009 14:22:54",42.3139,-71.03924,76.00,35.52
"Jul 6 2009 14:22:55",42.313892,-71.03924,76.00,35.52
"Jul 6 2009 14:22:57",42.313877,-71.03923,76.00,35.52
"Jul 6 2009 14:22:58",42.313866,-71.03924,74.00,35.52
"Jul 6 2009 14:22:59",42.313877,-71.03924,73.00,35.52
"Jul 6 2009 14:23:00",42.313877,-71.03924,73.00,34.13
"Jul 6 2009 14:23:01",42.313885,-71.03923,73.00,35.52
"Jul 6 2009 14:23:02",42.313885,-71.03922,73.00,34.13
"Jul 6 2009 14:23:03",42.3139,-71.039215,73.00,34.13
"Jul 6 2009 14:23:04",42.313923,-71.03922,73.00,34.13
"Jul 6 2009 14:23:05",42.313972,-71.03925,73.00,34.13
"Jul 6 2009 14:23:06",42.314022,-71.03927,73.00,34.13
"Jul 6 2009 14:23:07",42.314037,-71.03926,73.00,34.13
"Jul 6 2009 14:23:08",42.31407,-71.03925,72.00,34.13
"Jul 6 2009 14:23:09",42.31408,-71.03926,72.00,34.13
"Jul 6 2009 14:23:11",42.314053,-71.03927,72.00,34.13
"Jul 6 2009 14:23:12",42.314045,-71.039276,72.00,35.52
"Jul 6 2009 14:23:13",42.314037,-71.03928,72.00,34.13
"Jul 6 2009 14:23:14",42.31403,-71.03929,72.00,34.13
"Jul 6 2009 14:23:15",42.314022,-71.03929,72.00,34.13
"Jul 6 2009 14:23:16",42.314022,-71.03929,72.00,34.13
"Jul 6 2009 14:23:17",42.314014,-71.0393,73.00,34.13
"Jul 6 2009 14:23:18",42.314022,-71.03931,72.00,34.13
"Jul 6 2009 14:23:19",42.314037,-71.03932,73.00,34.13
"Jul 6 2009 14:23:20",42.314045,-71.03932,73.00,34.13
"Jul 6 2009 14:23:21",42.314053,-71.03933,72.00,34.13
"Jul 6 2009 14:23:22",42.314045,-71.03933,72.00,34.13
"Jul 6 2009 14:23:24",42.314045,-71.03934,72.00,34.13
"Jul 6 2009 14:23:25",42.314045,-71.039345,72.00,34.13
"Jul 6 2009 14:23:26",42.314045,-71.03935,72.00,34.13
"Jul 6 2009 14:23:27",42.314037,-71.03935,72.00,34.13
"Jul 6 2009 14:23:28",42.314037,-71.03935,72.00,34.13
"Jul 6 2009 14:23:29",42.314037,-71.03935,72.00,34.13
"Jul 6 2009 14:23:30",42.314045,-71.03935,72.00,34.13
"Jul 6 2009 14:23:31",42.314045,-71.03935,72.00,34.13
"Jul 6 2009 14:23:32",42.314037,-71.03935,72.00,34.13
"Jul 6 2009 14:23:33",42.314037,-71.03935,73.00,34.13
"Jul 6 2009 14:23:34",42.31403,-71.03935,72.00,34.13
"Jul 6 2009 14:23:35",42.314037,-71.03935,73.00,34.13
"Jul 6 2009 14:23:37",42.314053,-71.039375,73.00,34.13
"Jul 6 2009 14:23:38",42.314053,-71.03935,73.00,34.13
"Jul 6 2009 14:23:39",42.314045,-71.03935,73.00,34.13
"Jul 6 2009 14:23:40",42.314045,-71.039345,72.00,34.13
"Jul 6 2009 14:23:41",42.314053,-71.039345,73.00,34.13
"Jul 6 2009 14:23:42",42.314045,-71.03932,76.00,34.13
"Jul 6 2009 14:23:43",42.314045,-71.03932,73.00,34.13
"Jul 6 2009 14:23:44",42.314087,-71.03933,74.00,34.13
"Jul 6 2009 14:23:45",42.314064,-71.039314,76.00,34.13
"Jul 6 2009 14:23:46",42.314064,-71.03932,72.00,34.13
"Jul 6 2009 14:23:47",42.31403,-71.03933,72.00,34.13
"Jul 6 2009 14:23:48",42.31403,-71.03933,72.00,34.13
"Jul 6 2009 14:23:49",42.31403,-71.03932,73.00,34.13
"Jul 6 2009 14:23:51",42.314,-71.039276,73.00,34.13
"Jul 6 2009 14:23:52",42.314007,-71.039314,73.00,34.13
"Jul 6 2009 14:23:53",42.31403,-71.03933,73.00,34.13
"Jul 6 2009 14:23:54",42.314037,-71.03933,73.00,34.13
"Jul 6 2009 14:23:55",42.314037,-71.03932,73.00,34.13
"Jul 6 2009 14:23:56",42.314037,-71.03932,74.00,34.13
"Jul 6 2009 14:23:57",42.314053,-71.03933,73.00,34.13
"Jul 6 2009 14:23:58",42.314053,-71.039345,73.00,34.13
"Jul 6 2009 14:23:59",42.314045,-71.03934,73.00,34.13
"Jul 6 2009 14:24:00",42.314045,-71.03934,73.00,34.13
"Jul 6 2009 14:24:01",42.314045,-71.03934,73.00,34.13
"Jul 6 2009 14:24:02",42.314045,-71.03934,73.00,34.13
"Jul 6 2009 14:24:04",42.314053,-71.03934,73.00,34.13
"Jul 6 2009 14:24:05",42.314045,-71.03934,73.00,34.13
"Jul 6 2009 14:24:06",42.314045,-71.039345,73.00,34.13
"Jul 6 2009 14:24:07",42.314045,-71.039345,73.00,34.13
"Jul 6 2009 14:24:08",42.314053,-71.039345,73.00,34.13
"Jul 6 2009 14:24:09",42.314037,-71.03933,73.00,34.13
"Jul 6 2009 14:24:10",42.31403,-71.039314,73.00,34.13
"Jul 6 2009 14:24:11",42.31403,-71.039314,73.00,34.13
"Jul 6 2009 14:24:12",42.314022,-71.03931,73.00,34.13
"Jul 6 2009 14:24:13",42.314014,-71.0393,73.00,34.13
"Jul 6 2009 14:24:14",42.314014,-71.03929,73.00,34.13
"Jul 6 2009 14:24:15",42.314022,-71.03929,76.00,34.13
"Jul 6 2009 14:24:16",42.314014,-71.03928,73.00,34.13
"Jul 6 2009 14:24:18",42.314,-71.03927,73.00,34.13
"Jul 6 2009 14:24:19",42.313988,-71.03926,72.00,34.13
"Jul 6 2009 14:24:20",42.314,-71.03925,73.00,34.13
"Jul 6 2009 14:24:21",42.314022,-71.03925,76.00,34.13
"Jul 6 2009 14:24:22",42.314014,-71.03924,76.00,34.13
"Jul 6 2009 14:24:23",42.314014,-71.03924,73.00,34.13
"Jul 6 2009 14:24:24",42.314014,-71.03923,73.00,34.13
"Jul 6 2009 14:24:25",42.314007,-71.03922,73.00,34.13
"Jul 6 2009 14:24:26",42.314007,-71.03922,73.00,34.13
"Jul 6 2009 14:24:27",42.314,-71.03922,76.00,34.13
"Jul 6 2009 14:24:28",42.313988,-71.03923,74.00,34.13
"Jul 6 2009 14:24:29",42.31398,-71.03923,76.00,34.13
"Jul 6 2009 14:24:31",42.31395,-71.039215,76.00,34.13
"Jul 6 2009 14:24:32",42.31395,-71.03922,76.00,34.13
"Jul 6 2009 14:24:33",42.313965,-71.03923,76.00,34.13
"Jul 6 2009 14:24:34",42.313972,-71.03923,76.00,35.52
"Jul 6 2009 14:24:35",42.31398,-71.03925,76.00,35.52
"Jul 6 2009 14:24:36",42.31398,-71.03924,76.00,35.52
"Jul 6 2009 14:24:37",42.31398,-71.03924,76.00,35.52
"Jul 6 2009 14:24:38",42.313972,-71.03924,76.00,35.52
"Jul 6 2009 14:24:39",42.313957,-71.03923,76.00,35.52
"Jul 6 2009 14:24:40",42.313942,-71.03922,76.00,35.52
"Jul 6 2009 14:24:41",42.31393,-71.03922,76.00,35.52
"Jul 6 2009 14:24:42",42.313942,-71.03923,76.00,35.52
"Jul 6 2009 14:24:44",42.313957,-71.03924,74.00,35.52
"Jul 6 2009 14:24:45",42.31393,-71.03923,74.00,35.52
"Jul 6 2009 14:24:46",42.313915,-71.03922,76.00,35.52
"Jul 6 2009 14:24:47",42.313923,-71.03922,76.00,35.52
"Jul 6 2009 14:24:48",42.31393,-71.03923,74.00,35.52
"Jul 6 2009 14:24:49",42.31395,-71.03925,74.00,35.52
"Jul 6 2009 14:24:50",42.313965,-71.03927,76.00,35.52
"Jul 6 2009 14:24:51",42.313972,-71.03928,75.00,35.52
"Jul 6 2009 14:24:52",42.313965,-71.03928,76.00,35.52
"Jul 6 2009 14:24:53",42.31395,-71.039276,74.00,35.52
"Jul 6 2009 14:24:54",42.313942,-71.039276,76.00,35.52
"Jul 6 2009 14:24:55",42.31393,-71.03928,74.00,35.52
"Jul 6 2009 14:24:56",42.313923,-71.039276,76.00,35.52
"Jul 6 2009 14:24:58",42.313915,-71.03928,76.00,35.52
"Jul 6 2009 14:24:59",42.313915,-71.03929,76.00,35.52
"Jul 6 2009 14:25:00",42.313923,-71.03929,75.00,35.52
"Jul 6 2009 14:25:01",42.313923,-71.03929,74.00,35.52
"Jul 6 2009 14:25:02",42.31393,-71.0393,75.00,35.52
"Jul 6 2009 14:25:03",42.31393,-71.03931,74.00,35.52
"Jul 6 2009 14:25:04",42.313942,-71.03931,76.00,35.52
"Jul 6 2009 14:25:05",42.313942,-71.0393,74.00,35.52
"Jul 6 2009 14:25:06",42.313942,-71.0393,76.00,34.13
"Jul 6 2009 14:25:07",42.313942,-71.03929,74.00,35.52
"Jul 6 2009 14:25:07",42.313942,-71.03929,76.00,35.52
"Jul 6 2009 14:25:10",42.31412,-71.03929,76.00,35.52
"Jul 6 2009 14:25:11",42.314167,-71.0393,74.00,35.52
"Jul 6 2009 14:25:12",42.31495,-71.04005,74.00,35.52
"Jul 6 2009 14:25:13",42.314167,-71.03948,76.00,35.52
"Jul 6 2009 14:25:14",42.313942,-71.03941,76.00,35.52
"Jul 6 2009 14:25:15",42.31393,-71.039406,76.00,35.52
"Jul 6 2009 14:25:16",42.313915,-71.03941,76.00,35.52
"Jul 6 2009 14:25:17",42.31395,-71.03944,73.00,35.52
"Jul 6 2009 14:25:18",42.313965,-71.03947,73.00,35.52
"Jul 6 2009 14:25:19",42.313972,-71.03947,74.00,35.52
"Jul 6 2009 14:25:20",42.313988,-71.03948,76.00,35.52
"Jul 6 2009 14:25:21",42.314,-71.039505,76.00,35.52
"Jul 6 2009 14:25:22",42.31403,-71.03953,76.00,35.52
"Jul 6 2009 14:25:23",42.314022,-71.03953,76.00,35.52
"Jul 6 2009 14:25:25",42.314014,-71.03956,73.00,35.52
"Jul 6 2009 14:25:26",42.314014,-71.03957,74.00,35.52
"Jul 6 2009 14:25:27",42.31403,-71.03958,76.00,35.52
"Jul 6 2009 14:25:28",42.314022,-71.03959,75.00,35.52
"Jul 6 2009 14:25:29",42.314014,-71.0396,76.00,35.52
"Jul 6 2009 14:25:30",42.314007,-71.03962,74.00,35.52
"Jul 6 2009 14:25:31",42.314,-71.03962,74.00,35.52
"Jul 6 2009 14:25:32",42.31398,-71.03962,74.00,35.52
"Jul 6 2009 14:25:33",42.313972,-71.03962,74.00,35.52
"Jul 6 2009 14:25:34",42.31398,-71.03963,74.00,35.52
"Jul 6 2009 14:25:35",42.313965,-71.03963,74.00,35.52
"Jul 6 2009 14:25:36",42.313957,-71.039604,74.00,35.52
"Jul 6 2009 14:25:38",42.31393,-71.0396,76.00,35.52
"Jul 6 2009 14:25:39",42.313923,-71.03958,74.00,35.52
"Jul 6 2009 14:25:40",42.313915,-71.03957,74.00,34.13
"Jul 6 2009 14:25:41",42.313908,-71.039566,74.00,34.13
"Jul 6 2009 14:25:42",42.313908,-71.03956,74.00,34.13
"Jul 6 2009 14:25:43",42.3139,-71.03954,73.00,34.13
"Jul 6 2009 14:25:44",42.313892,-71.039536,73.00,34.13
"Jul 6 2009 14:25:45",42.313885,-71.03952,73.00,34.13
"Jul 6 2009 14:25:46",42.313877,-71.03951,73.00,34.13
"Jul 6 2009 14:25:47",42.313866,-71.039505,72.00,34.13
"Jul 6 2009 14:25:48",42.313858,-71.0395,72.00,34.13
"Jul 6 2009 14:25:49",42.313858,-71.0395,72.00,34.13
"Jul 6 2009 14:25:50",42.313858,-71.03948,72.00,34.13
"Jul 6 2009 14:25:52",42.313835,-71.03946,72.00,34.13
"Jul 6 2009 14:25:53",42.31382,-71.03946,72.00,34.13
"Jul 6 2009 14:25:54",42.313793,-71.03946,72.00,32.75
"Jul 6 2009 14:25:55",42.31377,-71.03946,72.00,32.75
"Jul 6 2009 14:25:56",42.313755,-71.03945,72.00,32.75
"Jul 6 2009 14:25:57",42.313755,-71.039444,72.00,32.75
"Jul 6 2009 14:25:58",42.313755,-71.03944,72.00,32.75
"Jul 6 2009 14:25:59",42.313744,-71.039444,72.00,32.75
"Jul 6 2009 14:26:00",42.313744,-71.039444,71.00,32.75
"Jul 6 2009 14:26:01",42.313763,-71.039444,71.00,32.75
"Jul 6 2009 14:26:02",42.313763,-71.039444,70.00,32.75
"Jul 6 2009 14:26:03",42.313763,-71.03944,60.00,32.75
"Jul 6 2009 14:26:05",42.313763,-71.03943,21.00,32.75
"Jul 6 2009 14:26:06",42.313736,-71.03944,23.00,32.75
"Jul 6 2009 14:26:07",42.313686,-71.03944,18.00,32.75
"Jul 6 2009 14:26:08",42.313713,-71.03942,23.00,32.75
"Jul 6 2009 14:26:09",42.31373,-71.03939,11.00,32.75
"Jul 6 2009 14:26:10",42.313736,-71.03935,14.00,32.75
"Jul 6 2009 14:26:11",42.313755,-71.03932,11.00,32.75
"Jul 6 2009 14:26:12",42.313763,-71.03929,14.00,32.75
"Jul 6 2009 14:26:13",42.313713,-71.03925,14.00,32.75
"Jul 6 2009 14:26:14",42.313686,-71.03924,15.00,31.36
"Jul 6 2009 14:26:15",42.313705,-71.03924,21.00,31.36
"Jul 6 2009 14:26:16",42.31368,-71.03924,26.00,31.36
"Jul 6 2009 14:26:18",42.31365,-71.03924,23.00,31.36
"Jul 6 2009 14:26:19",42.313564,-71.03934,20.00,31.36
"Jul 6 2009 14:26:20",42.31347,-71.0394,25.00,31.36
"Jul 6 2009 14:26:21",42.313362,-71.0394,29.00,31.36
"Jul 6 2009 14:26:22",42.313313,-71.03941,22.00,31.36
"Jul 6 2009 14:26:23",42.313274,-71.03944,45.00,31.36
"Jul 6 2009 14:26:24",42.313232,-71.03945,67.00,31.36
"Jul 6 2009 14:26:25",42.31319,-71.03947,61.00,31.36
"Jul 6 2009 14:26:26",42.31319,-71.03947,69.00,31.36
"Jul 6 2009 14:26:27",42.31319,-71.03947,70.00,31.36
"Jul 6 2009 14:26:28",42.31319,-71.03947,71.00,31.36
"Jul 6 2009 14:26:29",42.31319,-71.03947,72.00,29.98
"Jul 6 2009 14:26:31",42.31319,-71.03947,72.00,29.98
"Jul 6 2009 14:26:32",42.312874,-71.039444,71.00,29.98
"Jul 6 2009 14:26:33",42.312824,-71.03946,71.00,29.98
"Jul 6 2009 14:26:34",42.312737,-71.03942,71.00,29.98
"Jul 6 2009 14:26:35",42.31273,-71.039444,71.00,31.36
"Jul 6 2009 14:26:36",42.31271,-71.03944,71.00,29.98
"Jul 6 2009 14:26:37",42.312687,-71.03943,71.00,29.98
"Jul 6 2009 14:26:38",42.312664,-71.03941,71.00,29.98
"Jul 6 2009 14:26:39",42.312645,-71.039406,72.00,29.98
"Jul 6 2009 14:26:40",42.312645,-71.039406,72.00,29.98
"Jul 6 2009 14:26:41",42.312645,-71.039406,72.00,31.36
"Jul 6 2009 14:26:42",42.312645,-71.039406,72.00,29.98
"Jul 6 2009 14:26:44",42.31258,-71.03942,72.00,29.98
"Jul 6 2009 14:26:45",42.312656,-71.03946,72.00,29.98
"Jul 6 2009 14:26:46",42.312656,-71.03946,72.00,29.98
"Jul 6 2009 14:26:47",42.312645,-71.03946,72.00,29.98
"Jul 6 2009 14:26:48",42.31275,-71.0395,72.00,29.98
"Jul 6 2009 14:26:49",42.312843,-71.039566,74.00,29.98
"Jul 6 2009 14:26:50",42.312996,-71.03986,76.00,29.98
"Jul 6 2009 14:26:51",42.31298,-71.03986,74.00,29.98
"Jul 6 2009 14:26:52",42.312973,-71.03986,74.00,29.98
"Jul 6 2009 14:26:53",42.312973,-71.03986,74.00,29.98
"Jul 6 2009 14:26:54",42.312973,-71.03985,74.00,29.98
"Jul 6 2009 14:26:55",42.312973,-71.03985,76.00,29.98
"Jul 6 2009 14:26:57",42.312973,-71.03985,74.00,29.98
"Jul 6 2009 14:26:58",42.312973,-71.03987,75.00,29.98
"Jul 6 2009 14:26:59",42.313038,-71.03984,76.00,29.98
"Jul 6 2009 14:27:00",42.313076,-71.03981,74.00,29.98
"Jul 6 2009 14:27:01",42.313103,-71.03981,73.00,29.98
"Jul 6 2009 14:27:02",42.31311,-71.03982,74.00,29.98
"Jul 6 2009 14:27:03",42.31311,-71.03983,74.00,29.98
"Jul 6 2009 14:27:04",42.31311,-71.03984,76.00,29.98
"Jul 6 2009 14:27:05",42.31311,-71.03986,76.00,29.98
"Jul 6 2009 14:27:06",42.31311,-71.03987,75.00,29.98
"Jul 6 2009 14:27:07",42.313103,-71.03988,74.00,29.98
"Jul 6 2009 14:27:08",42.313095,-71.03989,74.00,29.98
"Jul 6 2009 14:27:10",42.313076,-71.03992,75.00,31.36
"Jul 6 2009 14:27:11",42.31307,-71.039925,76.00,31.36
"Jul 6 2009 14:27:12",42.31306,-71.03994,76.00,31.36
"Jul 6 2009 14:27:13",42.31306,-71.03995,76.00,31.36
"Jul 6 2009 14:27:14",42.313053,-71.04001,75.00,31.36
"Jul 6 2009 14:27:15",42.313053,-71.04012,75.00,31.36
"Jul 6 2009 14:27:16",42.313046,-71.040115,76.00,31.36
"Jul 6 2009 14:27:17",42.313038,-71.04009,76.00,31.36
"Jul 6 2009 14:27:18",42.31303,-71.04009,76.00,32.75
"Jul 6 2009 14:27:19",42.31301,-71.04009,76.00,32.75
"Jul 6 2009 14:27:20",42.313004,-71.04011,76.00,32.75
"Jul 6 2009 14:27:21",42.312996,-71.040115,76.00,32.75
"Jul 6 2009 14:27:22",42.31299,-71.040115,74.00,32.75
"Jul 6 2009 14:27:24",42.312973,-71.04012,74.00,32.75
"Jul 6 2009 14:27:25",42.312965,-71.04013,76.00,32.75
"Jul 6 2009 14:27:26",42.312965,-71.04014,74.00,32.75
"Jul 6 2009 14:27:27",42.312965,-71.040146,74.00,32.75
"Jul 6 2009 14:27:28",42.312954,-71.040146,74.00,32.75
"Jul 6 2009 14:27:29",42.31294,-71.040146,73.00,32.75
"Jul 6 2009 14:27:30",42.31293,-71.04014,76.00,32.75
"Jul 6 2009 14:27:31",42.312916,-71.04013,73.00,32.75
"Jul 6 2009 14:27:32",42.31291,-71.040146,73.00,32.75
"Jul 6 2009 14:27:33",42.31288,-71.04014,73.00,32.75
"Jul 6 2009 14:27:34",42.312874,-71.04013,73.00,32.75
"Jul 6 2009 14:27:35",42.312866,-71.04013,74.00,32.75
"Jul 6 2009 14:27:37",42.312824,-71.040115,73.00,32.75
"Jul 6 2009 14:27:38",42.3128,-71.04011,73.00,32.75
"Jul 6 2009 14:27:39",42.312794,-71.04012,73.00,32.75
"Jul 6 2009 14:27:40",42.3128,-71.04013,73.00,32.75
"Jul 6 2009 14:27:41",42.3128,-71.04014,73.00,31.36
"Jul 6 2009 14:27:42",42.31281,-71.04016,74.00,31.36
"Jul 6 2009 14:27:43",42.312824,-71.040184,73.00,31.36
"Jul 6 2009 14:27:44",42.312817,-71.04019,73.00,31.36
"Jul 6 2009 14:27:45",42.312817,-71.0402,73.00,31.36
"Jul 6 2009 14:27:46",42.31281,-71.0402,73.00,31.36
"Jul 6 2009 14:27:47",42.3128,-71.0402,73.00,31.36
"Jul 6 2009 14:27:48",42.312786,-71.0402,74.00,31.36
"Jul 6 2009 14:27:50",42.312767,-71.040215,73.00,31.36
"Jul 6 2009 14:27:51",42.312767,-71.040245,74.00,31.36
"Jul 6 2009 14:27:52",42.31275,-71.04026,76.00,31.36
"Jul 6 2009 14:27:53",42.312744,-71.040276,76.00,31.36
"Jul 6 2009 14:27:54",42.312744,-71.04029,76.00,31.36
"Jul 6 2009 14:27:55",42.31275,-71.040306,76.00,31.36
"Jul 6 2009 14:27:56",42.31275,-71.04033,76.00,31.36
"Jul 6 2009 14:27:57",42.31275,-71.04035,76.00,32.75
"Jul 6 2009 14:27:58",42.31275,-71.04036,76.00,32.75
"Jul 6 2009 14:27:59",42.31275,-71.040375,76.00,32.75
"Jul 6 2009 14:28:00",42.312744,-71.04039,75.00,32.75
"Jul 6 2009 14:28:01",42.312744,-71.0404,76.00,32.75
"Jul 6 2009 14:28:03",42.312744,-71.04043,76.00,32.75
"Jul 6 2009 14:28:04",42.312744,-71.040436,76.00,32.75
"Jul 6 2009 14:28:05",42.312744,-71.04044,75.00,32.75
"Jul 6 2009 14:28:06",42.312744,-71.04046,76.00,32.75
"Jul 6 2009 14:28:07",42.312744,-71.04048,76.00,32.75
"Jul 6 2009 14:28:08",42.312744,-71.0405,76.00,32.75
"Jul 6 2009 14:28:09",42.312744,-71.040504,76.00,32.75
"Jul 6 2009 14:28:10",42.312744,-71.04051,76.00,32.75
"Jul 6 2009 14:28:11",42.312744,-71.04053,76.00,32.75
"Jul 6 2009 14:28:12",42.312744,-71.04054,76.00,32.75
"Jul 6 2009 14:28:13",42.312744,-71.04055,76.00,34.13
"Jul 6 2009 14:28:14",42.312744,-71.04057,76.00,32.75
"Jul 6 2009 14:28:16",42.312737,-71.04063,76.00,34.13
"Jul 6 2009 14:28:17",42.312737,-71.04065,76.00,34.13
"Jul 6 2009 14:28:18",42.312737,-71.040665,74.00,34.13
"Jul 6 2009 14:28:19",42.312737,-71.04068,74.00,34.13
"Jul 6 2009 14:28:20",42.312737,-71.04069,76.00,34.13
"Jul 6 2009 14:28:21",42.312737,-71.0407,76.00,34.13
"Jul 6 2009 14:28:22",42.312737,-71.040726,75.00,34.13
"Jul 6 2009 14:28:23",42.312744,-71.04073,76.00,34.13
"Jul 6 2009 14:28:24",42.31275,-71.04074,76.00,34.13
"Jul 6 2009 14:28:25",42.31276,-71.040764,74.00,34.13
"Jul 6 2009 14:28:26",42.31278,-71.04079,74.00,34.13
"Jul 6 2009 14:28:27",42.312786,-71.040794,76.00,34.13
"Jul 6 2009 14:28:28",42.312786,-71.040794,74.00,34.13
"Jul 6 2009 14:28:30",42.312794,-71.040825,74.00,34.13
"Jul 6 2009 14:28:31",42.312794,-71.04084,74.00,34.13
"Jul 6 2009 14:28:32",42.3128,-71.040855,74.00,34.13
"Jul 6 2009 14:28:33",42.3128,-71.04087,76.00,34.13
"Jul 6 2009 14:28:34",42.31281,-71.04088,75.00,35.52
"Jul 6 2009 14:28:35",42.31281,-71.040886,75.00,34.13
"Jul 6 2009 14:28:36",42.312817,-71.04089,76.00,34.13
"Jul 6 2009 14:28:37",42.312824,-71.04091,76.00,34.13
"Jul 6 2009 14:28:38",42.31283,-71.04092,74.00,34.13
"Jul 6 2009 14:28:39",42.312843,-71.04093,74.00,34.13
"Jul 6 2009 14:28:40",42.312843,-71.04094,76.00,35.52
"Jul 6 2009 14:28:41",42.31285,-71.04095,75.00,35.52
"Jul 6 2009 14:28:43",42.31286,-71.04097,75.00,35.52
"Jul 6 2009 14:28:44",42.312866,-71.04097,74.00,35.52
"Jul 6 2009 14:28:45",42.312874,-71.04097,74.00,35.52
"Jul 6 2009 14:28:46",42.31289,-71.04098,76.00,35.52
"Jul 6 2009 14:28:47",42.31289,-71.04098,74.00,35.52
"Jul 6 2009 14:28:48",42.3129,-71.040985,76.00,35.52
"Jul 6 2009 14:28:49",42.31291,-71.040985,74.00,35.52
"Jul 6 2009 14:28:50",42.31291,-71.04099,74.00,35.52
"Jul 6 2009 14:28:51",42.312916,-71.041,76.00,35.52
"Jul 6 2009 14:28:52",42.312923,-71.041,74.00,35.52
"Jul 6 2009 14:28:53",42.31293,-71.04101,75.00,35.52
"Jul 6 2009 14:28:54",42.31294,-71.041016,74.00,35.52
"Jul 6 2009 14:28:56",42.312965,-71.04102,76.00,35.52
"Jul 6 2009 14:28:57",42.312973,-71.04103,74.00,35.52
"Jul 6 2009 14:28:58",42.31298,-71.04104,76.00,35.52
"Jul 6 2009 14:28:59",42.31299,-71.041046,74.00,35.52
"Jul 6 2009 14:29:00",42.31299,-71.04105,74.00,35.52
"Jul 6 2009 14:29:01",42.312996,-71.04105,73.00,35.52
"Jul 6 2009 14:29:02",42.313004,-71.04106,74.00,35.52
"Jul 6 2009 14:29:03",42.31301,-71.04107,73.00,35.52
"Jul 6 2009 14:29:04",42.31303,-71.041084,73.00,34.13
"Jul 6 2009 14:29:05",42.313038,-71.041084,72.00,34.13
"Jul 6 2009 14:29:06",42.313046,-71.041084,74.00,34.13
"Jul 6 2009 14:29:07",42.313046,-71.04107,72.00,34.13
"Jul 6 2009 14:29:09",42.31306,-71.04106,72.00,34.13
"Jul 6 2009 14:29:10",42.31307,-71.04105,73.00,34.13
"Jul 6 2009 14:29:11",42.31307,-71.04104,73.00,34.13
"Jul 6 2009 14:29:12",42.313076,-71.04102,72.00,34.13
"Jul 6 2009 14:29:13",42.313087,-71.041016,72.00,34.13
"Jul 6 2009 14:29:14",42.313095,-71.041,72.00,34.13
"Jul 6 2009 14:29:15",42.313095,-71.04099,72.00,34.13
"Jul 6 2009 14:29:16",42.313103,-71.040985,72.00,34.13
"Jul 6 2009 14:29:17",42.313103,-71.04098,72.00,34.13
"Jul 6 2009 14:29:18",42.31311,-71.04097,72.00,34.13
"Jul 6 2009 14:29:19",42.313118,-71.04096,73.00,34.13
"Jul 6 2009 14:29:20",42.313133,-71.04094,72.00,34.13
"Jul 6 2009 14:29:21",42.313145,-71.04093,72.00,34.13
"Jul 6 2009 14:29:23",42.313152,-71.040924,73.00,34.13
"Jul 6 2009 14:29:24",42.31316,-71.04091,72.00,34.13
"Jul 6 2009 14:29:25",42.313168,-71.0409,72.00,34.13
"Jul 6 2009 14:29:26",42.313175,-71.04089,72.00,34.13
"Jul 6 2009 14:29:27",42.313175,-71.040886,72.00,34.13
"Jul 6 2009 14:29:28",42.31319,-71.04087,70.00,34.13
"Jul 6 2009 14:29:29",42.313198,-71.04086,72.00,34.13
"Jul 6 2009 14:29:30",42.313217,-71.040855,72.00,34.13
"Jul 6 2009 14:29:31",42.313225,-71.04084,69.00,34.13
"Jul 6 2009 14:29:32",42.313232,-71.040825,71.00,34.13
"Jul 6 2009 14:29:33",42.313232,-71.04082,72.00,34.13
"Jul 6 2009 14:29:34",42.31324,-71.04081,72.00,34.13
"Jul 6 2009 14:29:36",42.313232,-71.040794,73.00,34.13
"Jul 6 2009 14:29:37",42.31324,-71.040794,73.00,34.13
"Jul 6 2009 14:29:38",42.31324,-71.04078,73.00,32.75
"Jul 6 2009 14:29:39",42.31324,-71.04077,73.00,32.75
"Jul 6 2009 14:29:40",42.313248,-71.040764,73.00,32.75
"Jul 6 2009 14:29:41",42.313255,-71.04075,73.00,32.75
"Jul 6 2009 14:29:42",42.313267,-71.04074,69.00,32.75
"Jul 6 2009 14:29:43",42.313282,-71.04073,71.00,32.75
"Jul 6 2009 14:29:44",42.31329,-71.040726,43.00,32.75
"Jul 6 2009 14:29:45",42.313297,-71.04072,70.00,32.75
"Jul 6 2009 14:29:46",42.31329,-71.040695,69.00,32.75
"Jul 6 2009 14:29:47",42.31329,-71.04069,24.00,32.75
"Jul 6 2009 14:29:49",42.31334,-71.04068,71.00,32.75
"Jul 6 2009 14:29:50",42.313377,-71.04068,72.00,32.75
"Jul 6 2009 14:29:51",42.313377,-71.040665,72.00,32.75
"Jul 6 2009 14:29:52",42.31339,-71.040665,73.00,32.75
"Jul 6 2009 14:29:53",42.313404,-71.04066,72.00,32.75
"Jul 6 2009 14:29:54",42.31342,-71.04066,72.00,32.75
"Jul 6 2009 14:29:55",42.313442,-71.04065,72.00,32.75
"Jul 6 2009 14:29:56",42.313454,-71.040634,73.00,32.75
"Jul 6 2009 14:29:57",42.31347,-71.04063,75.00,32.75
"Jul 6 2009 14:29:58",42.313477,-71.04061,75.00,32.75
"Jul 6 2009 14:29:59",42.313484,-71.04061,76.00,32.75
"Jul 6 2009 14:30:00",42.31349,-71.04061,76.00,32.75
"Jul 6 2009 14:30:02",42.31351,-71.0406,74.00,32.75
"Jul 6 2009 14:30:03",42.31352,-71.0406,73.00,32.75
"Jul 6 2009 14:30:04",42.31352,-71.040596,73.00,32.75
"Jul 6 2009 14:30:05",42.313534,-71.040596,76.00,32.75
"Jul 6 2009 14:30:06",42.31354,-71.040596,75.00,32.75
"Jul 6 2009 14:30:07",42.313557,-71.040596,73.00,32.75
"Jul 6 2009 14:30:08",42.313576,-71.0406,75.00,32.75
"Jul 6 2009 14:30:09",42.31359,-71.0406,74.00,32.75
"Jul 6 2009 14:30:10",42.3136,-71.04061,74.00,32.75
"Jul 6 2009 14:30:11",42.31362,-71.04061,74.00,32.75
"Jul 6 2009 14:30:12",42.31362,-71.04061,75.00,32.75
"Jul 6 2009 14:30:13",42.31362,-71.04061,74.00,32.75
"Jul 6 2009 14:30:15",42.31364,-71.04061,74.00,32.75
"Jul 6 2009 14:30:16",42.31364,-71.04061,73.00,32.75
"Jul 6 2009 14:30:17",42.31365,-71.04061,73.00,32.75
"Jul 6 2009 14:30:18",42.313656,-71.04062,73.00,32.75
"Jul 6 2009 14:30:19",42.31367,-71.04061,73.00,32.75
"Jul 6 2009 14:30:20",42.31368,-71.04061,73.00,32.75
"Jul 6 2009 14:30:21",42.313686,-71.0406,73.00,32.75
"Jul 6 2009 14:30:22",42.313698,-71.0406,75.00,32.75
"Jul 6 2009 14:30:23",42.313713,-71.0406,73.00,32.75
"Jul 6 2009 14:30:24",42.31373,-71.0406,75.00,32.75
"Jul 6 2009 14:30:25",42.313736,-71.0406,73.00,32.75
"Jul 6 2009 14:30:26",42.313744,-71.0406,73.00,32.75
"Jul 6 2009 14:30:28",42.31377,-71.04061,73.00,32.75
"Jul 6 2009 14:30:29",42.313786,-71.0406,74.00,32.75
"Jul 6 2009 14:30:30",42.313793,-71.0406,75.00,32.75
"Jul 6 2009 14:30:31",42.3138,-71.04061,75.00,32.75
"Jul 6 2009 14:30:32",42.31382,-71.04062,73.00,32.75
"Jul 6 2009 14:30:33",42.31382,-71.04062,73.00,32.75
"Jul 6 2009 14:30:34",42.313835,-71.04062,73.00,32.75
"Jul 6 2009 14:30:35",42.313858,-71.04062,73.00,32.75
"Jul 6 2009 14:30:36",42.313866,-71.04062,73.00,32.75
"Jul 6 2009 14:30:37",42.313885,-71.04062,73.00,32.75
"Jul 6 2009 14:30:38",42.313892,-71.04063,73.00,32.75
"Jul 6 2009 14:30:39",42.3139,-71.040634,73.00,32.75
"Jul 6 2009 14:30:41",42.313915,-71.04064,73.00,32.75
"Jul 6 2009 14:30:42",42.31393,-71.040634,73.00,32.75
"Jul 6 2009 14:30:43",42.31393,-71.04065,73.00,32.75
"Jul 6 2009 14:30:44",42.31395,-71.04066,73.00,32.75
"Jul 6 2009 14:30:45",42.31398,-71.04065,73.00,32.75
"Jul 6 2009 14:30:46",42.314,-71.04064,73.00,32.75
"Jul 6 2009 14:30:47",42.314007,-71.04064,76.00,32.75
"Jul 6 2009 14:30:48",42.314014,-71.04064,73.00,32.75
"Jul 6 2009 14:30:49",42.314022,-71.04064,73.00,32.75
"Jul 6 2009 14:30:50",42.31403,-71.040634,73.00,32.75
"Jul 6 2009 14:30:51",42.314045,-71.04063,73.00,32.75
"Jul 6 2009 14:30:52",42.31408,-71.040634,73.00,32.75
"Jul 6 2009 14:30:53",42.314095,-71.04065,73.00,32.75
"Jul 6 2009 14:30:55",42.314102,-71.040665,75.00,32.75
"Jul 6 2009 14:30:56",42.31411,-71.040665,75.00,32.75
"Jul 6 2009 14:30:57",42.31413,-71.040665,75.00,32.75
"Jul 6 2009 14:30:58",42.314137,-71.040665,73.00,32.75
"Jul 6 2009 14:30:59",42.314137,-71.040665,74.00,32.75
"Jul 6 2009 14:31:00",42.314144,-71.040665,74.00,32.75
"Jul 6 2009 14:31:01",42.31415,-71.040665,74.00,32.75
"Jul 6 2009 14:31:02",42.31416,-71.04067,74.00,32.75
"Jul 6 2009 14:31:03",42.314167,-71.04067,74.00,32.75
"Jul 6 2009 14:31:04",42.314186,-71.04067,75.00,32.75
"Jul 6 2009 14:31:05",42.314186,-71.04068,75.00,32.75
"Jul 6 2009 14:31:06",42.314194,-71.04068,75.00,32.75
"Jul 6 2009 14:31:08",42.31421,-71.04069,73.00,32.75
"Jul 6 2009 14:31:09",42.314224,-71.04069,73.00,32.75
"Jul 6 2009 14:31:10",42.31423,-71.04069,73.00,32.75
"Jul 6 2009 14:31:11",42.314243,-71.040695,74.00,32.75
"Jul 6 2009 14:31:12",42.31425,-71.040695,73.00,32.75
"Jul 6 2009 14:31:13",42.31426,-71.040695,72.00,32.75
"Jul 6 2009 14:31:14",42.314266,-71.0407,72.00,32.75
"Jul 6 2009 14:31:15",42.31428,-71.0407,70.00,32.75
"Jul 6 2009 14:31:16",42.31429,-71.0407,56.00,32.75
"Jul 6 2009 14:31:17",42.314297,-71.0407,72.00,32.75
"Jul 6 2009 14:31:18",42.314316,-71.040695,43.00,32.75
"Jul 6 2009 14:31:19",42.314346,-71.04072,70.00,32.75
"Jul 6 2009 14:31:21",42.314453,-71.040764,70.00,32.75
"Jul 6 2009 14:31:22",42.314453,-71.04077,61.00,32.75
"Jul 6 2009 14:31:23",42.314487,-71.040794,65.00,31.36
"Jul 6 2009 14:31:24",42.314518,-71.04082,70.00,32.75
"Jul 6 2009 14:31:25",42.314552,-71.04085,64.00,31.36
"Jul 6 2009 14:31:26",42.314583,-71.04088,69.00,32.75
"Jul 6 2009 14:31:27",42.314583,-71.04088,66.00,32.75
"Jul 6 2009 14:31:28",42.314583,-71.04088,71.00,32.75
"Jul 6 2009 14:31:29",42.314583,-71.04088,72.00,32.75
"Jul 6 2009 14:31:30",42.314583,-71.04088,71.00,32.75
"Jul 6 2009 14:31:31",42.314404,-71.04096,71.00,32.75
"Jul 6 2009 14:31:32",42.314373,-71.04085,72.00,32.75
"Jul 6 2009 14:31:34",42.31439,-71.04078,71.00,32.75
"Jul 6 2009 14:31:35",42.31438,-71.04074,71.00,32.75
"Jul 6 2009 14:31:36",42.31438,-71.04075,70.00,32.75
"Jul 6 2009 14:31:37",42.314354,-71.04073,72.00,32.75
"Jul 6 2009 14:31:38",42.314354,-71.04074,69.00,32.75
"Jul 6 2009 14:31:39",42.314365,-71.040764,69.00,32.75
"Jul 6 2009 14:31:40",42.314365,-71.040764,70.00,32.75
"Jul 6 2009 14:31:41",42.314354,-71.04077,66.00,32.75
"Jul 6 2009 14:31:42",42.314354,-71.04078,62.00,32.75
"Jul 6 2009 14:31:43",42.314346,-71.04079,69.00,31.36
"Jul 6 2009 14:31:44",42.314346,-71.04079,69.00,31.36
"Jul 6 2009 14:31:45",42.314453,-71.04076,69.00,31.36
"Jul 6 2009 14:31:47",42.314526,-71.04075,45.00,31.36
"Jul 6 2009 14:31:48",42.31454,-71.04077,63.00,31.36
"Jul 6 2009 14:31:49",42.314575,-71.04078,67.00,31.36
"Jul 6 2009 14:31:50",42.314575,-71.04078,52.00,31.36
"Jul 6 2009 14:31:51",42.31459,-71.04078,52.00,31.36
"Jul 6 2009 14:31:52",42.31459,-71.04077,63.00,31.36
"Jul 6 2009 14:31:53",42.314625,-71.04079,70.00,31.36
"Jul 6 2009 14:31:54",42.31461,-71.040794,70.00,31.36
"Jul 6 2009 14:31:55",42.314617,-71.0408,70.00,31.36
"Jul 6 2009 14:31:56",42.314632,-71.04082,69.00,31.36
"Jul 6 2009 14:31:57",42.314648,-71.04085,70.00,31.36
"Jul 6 2009 14:31:58",42.314663,-71.04086,58.00,31.36
"Jul 6 2009 14:32:00",42.314682,-71.04089,49.00,31.36
"Jul 6 2009 14:32:01",42.314705,-71.04091,47.00,31.36
"Jul 6 2009 14:32:02",42.31472,-71.04092,53.00,31.36
"Jul 6 2009 14:32:03",42.31474,-71.04094,70.00,31.36
"Jul 6 2009 14:32:04",42.314747,-71.04096,70.00,31.36
"Jul 6 2009 14:32:05",42.314762,-71.04095,71.00,31.36
"Jul 6 2009 14:32:06",42.314785,-71.04096,61.00,31.36
"Jul 6 2009 14:32:07",42.314804,-71.04097,35.00,31.36
"Jul 6 2009 14:32:08",42.314827,-71.041,56.00,31.36
"Jul 6 2009 14:32:09",42.314835,-71.04103,60.00,31.36
"Jul 6 2009 14:32:10",42.314842,-71.04106,68.00,31.36
"Jul 6 2009 14:32:11",42.31481,-71.041084,69.00,31.36
"Jul 6 2009 14:32:13",42.314804,-71.04114,70.00,31.36
"Jul 6 2009 14:32:14",42.31481,-71.04113,70.00,31.36
"Jul 6 2009 14:32:15",42.314827,-71.04112,69.00,31.36
"Jul 6 2009 14:32:16",42.314854,-71.0411,64.00,31.36
"Jul 6 2009 14:32:17",42.314854,-71.041084,72.00,31.36
"Jul 6 2009 14:32:18",42.314842,-71.04105,71.00,31.36
"Jul 6 2009 14:32:19",42.314827,-71.04103,71.00,31.36
"Jul 6 2009 14:32:20",42.314835,-71.04104,72.00,31.36
"Jul 6 2009 14:32:21",42.31482,-71.04103,67.00,31.36
"Jul 6 2009 14:32:22",42.31482,-71.04103,61.00,31.36
"Jul 6 2009 14:32:23",42.31482,-71.04102,58.00,31.36
"Jul 6 2009 14:32:24",42.314842,-71.041016,61.00,31.36
"Jul 6 2009 14:32:26",42.31489,-71.041,70.00,31.36
"Jul 6 2009 14:32:27",42.3149,-71.04097,71.00,31.36
"Jul 6 2009 14:32:28",42.314907,-71.04095,71.00,31.36
"Jul 6 2009 14:32:29",42.314926,-71.04094,70.00,31.36
"Jul 6 2009 14:32:30",42.31494,-71.04093,65.00,31.36
"Jul 6 2009 14:32:31",42.31495,-71.04093,70.00,31.36
"Jul 6 2009 14:32:32",42.31499,-71.04093,72.00,31.36
"Jul 6 2009 14:32:33",42.31499,-71.040924,72.00,31.36
"Jul 6 2009 14:32:34",42.315006,-71.04092,72.00,31.36
"Jul 6 2009 14:32:35",42.315014,-71.0409,71.00,31.36
"Jul 6 2009 14:32:36",42.315014,-71.04089,72.00,31.36
"Jul 6 2009 14:32:37",42.31503,-71.0409,71.00,31.36
"Jul 6 2009 14:32:39",42.31508,-71.040886,71.00,31.36
"Jul 6 2009 14:32:40",42.315086,-71.040886,72.00,29.98
"Jul 6 2009 14:32:41",42.315086,-71.040886,70.00,29.98
"Jul 6 2009 14:32:42",42.31507,-71.04086,72.00,29.98
"Jul 6 2009 14:32:43",42.315086,-71.040855,72.00,29.98
"Jul 6 2009 14:32:44",42.315098,-71.04084,71.00,29.98
"Jul 6 2009 14:32:45",42.31513,-71.040794,72.00,29.98
"Jul 6 2009 14:32:46",42.315163,-71.04077,72.00,29.98
"Jul 6 2009 14:32:47",42.315193,-71.04079,72.00,29.98
"Jul 6 2009 14:32:48",42.3152,-71.04079,72.00,29.98
"Jul 6 2009 14:32:49",42.315186,-71.040794,72.00,29.98
"Jul 6 2009 14:32:50",42.315193,-71.0408,72.00,29.98
"Jul 6 2009 14:32:52",42.315193,-71.04082,72.00,29.98
"Jul 6 2009 14:32:53",42.3152,-71.04082,72.00,29.98
"Jul 6 2009 14:32:54",42.31521,-71.04081,73.00,29.98
"Jul 6 2009 14:32:55",42.315235,-71.04082,72.00,29.98
"Jul 6 2009 14:32:56",42.31522,-71.04082,71.00,29.98
"Jul 6 2009 14:32:57",42.315228,-71.04082,71.00,29.98
"Jul 6 2009 14:32:58",42.315258,-71.04078,72.00,29.98
"Jul 6 2009 14:32:59",42.315308,-71.040764,71.00,29.98
"Jul 6 2009 14:33:00",42.315342,-71.040764,70.00,29.98
"Jul 6 2009 14:33:01",42.315357,-71.04076,70.00,29.98
"Jul 6 2009 14:33:02",42.315365,-71.040764,71.00,29.98
"Jul 6 2009 14:33:03",42.31535,-71.04075,72.00,29.98
"Jul 6 2009 14:33:05",42.315365,-71.04073,70.00,29.98
"Jul 6 2009 14:33:06",42.315365,-71.04073,72.00,29.98
"Jul 6 2009 14:33:07",42.315372,-71.040726,72.00,29.98
"Jul 6 2009 14:33:08",42.315388,-71.04072,73.00,29.98
"Jul 6 2009 14:33:09",42.315414,-71.040726,73.00,29.98
"Jul 6 2009 14:33:10",42.315437,-71.04072,73.00,29.98
"Jul 6 2009 14:33:11",42.315453,-71.04072,73.00,29.98
"Jul 6 2009 14:33:12",42.31548,-71.0407,72.00,29.98
"Jul 6 2009 14:33:13",42.315487,-71.04069,73.00,29.98
"Jul 6 2009 14:33:14",42.315495,-71.040695,71.00,29.98
"Jul 6 2009 14:33:15",42.315495,-71.04068,72.00,29.98
"Jul 6 2009 14:33:16",42.31551,-71.04066,73.00,29.98
"Jul 6 2009 14:33:18",42.315517,-71.04061,72.00,29.98
"Jul 6 2009 14:33:19",42.31551,-71.0406,73.00,29.98
"Jul 6 2009 14:33:20",42.31551,-71.04058,71.00,29.98
"Jul 6 2009 14:33:21",42.315517,-71.040565,72.00,29.98
"Jul 6 2009 14:33:22",42.31555,-71.04055,73.00,29.98
"Jul 6 2009 14:33:23",42.315575,-71.040535,73.00,31.36
"Jul 6 2009 14:33:24",42.315586,-71.04052,73.00,29.98
"Jul 6 2009 14:33:25",42.3156,-71.040504,72.00,31.36
"Jul 6 2009 14:33:26",42.315617,-71.04051,72.00,31.36
"Jul 6 2009 14:33:27",42.315617,-71.04051,72.00,31.36
"Jul 6 2009 14:33:28",42.315617,-71.040504,75.00,31.36
"Jul 6 2009 14:33:29",42.315624,-71.04049,72.00,31.36
"Jul 6 2009 14:33:31",42.31561,-71.040474,72.00,31.36
"Jul 6 2009 14:33:32",42.315617,-71.040474,72.00,31.36
"Jul 6 2009 14:33:33",42.315624,-71.04046,72.00,31.36
"Jul 6 2009 14:33:34",42.31564,-71.04044,72.00,31.36
"Jul 6 2009 14:33:35",42.31565,-71.040436,72.00,29.98
"Jul 6 2009 14:33:36",42.315666,-71.04043,73.00,31.36
"Jul 6 2009 14:33:37",42.315674,-71.04042,72.00,31.36
"Jul 6 2009 14:33:38",42.31568,-71.040405,72.00,31.36
"Jul 6 2009 14:33:39",42.31569,-71.0404,72.00,31.36
"Jul 6 2009 14:33:40",42.31568,-71.040375,72.00,31.36
"Jul 6 2009 14:33:41",42.31568,-71.04037,73.00,31.36
"Jul 6 2009 14:33:42",42.31569,-71.04035,73.00,31.36
"Jul 6 2009 14:33:44",42.315697,-71.04032,73.00,31.36
"Jul 6 2009 14:33:45",42.315697,-71.040306,73.00,29.98
"Jul 6 2009 14:33:46",42.31571,-71.04029,73.00,29.98
"Jul 6 2009 14:33:47",42.31571,-71.04028,74.00,29.98
"Jul 6 2009 14:33:48",42.315723,-71.040276,75.00,29.98
"Jul 6 2009 14:33:49",42.315723,-71.04027,73.00,29.98
"Jul 6 2009 14:33:50",42.315746,-71.04026,76.00,29.98
"Jul 6 2009 14:33:51",42.315754,-71.04026,76.00,29.98
"Jul 6 2009 14:33:52",42.315723,-71.04024,76.00,29.98
"Jul 6 2009 14:33:53",42.31571,-71.04021,74.00,29.98
"Jul 6 2009 14:33:54",42.31569,-71.04019,74.00,29.98
"Jul 6 2009 14:33:55",42.315674,-71.04018,74.00,29.98
"Jul 6 2009 14:33:57",42.31565,-71.040146,74.00,29.98
"Jul 6 2009 14:33:58",42.31564,-71.04014,76.00,29.98
"Jul 6 2009 14:33:59",42.315617,-71.04012,75.00,29.98
"Jul 6 2009 14:34:00",42.315617,-71.04011,74.00,29.98
"Jul 6 2009 14:34:01",42.315617,-71.040085,76.00,29.98
"Jul 6 2009 14:34:02",42.3156,-71.04007,76.00,29.98
"Jul 6 2009 14:34:03",42.315575,-71.04005,76.00,29.98
"Jul 6 2009 14:34:04",42.31556,-71.04003,76.00,29.98
"Jul 6 2009 14:34:05",42.31555,-71.04003,72.00,29.98
"Jul 6 2009 14:34:06",42.315536,-71.040016,72.00,29.98
"Jul 6 2009 14:34:07",42.315544,-71.040016,72.00,29.98
"Jul 6 2009 14:34:08",42.315536,-71.040016,72.00,29.98
"Jul 6 2009 14:34:10",42.315517,-71.04,72.00,29.98
"Jul 6 2009 14:34:11",42.31551,-71.03999,72.00,29.98
"Jul 6 2009 14:34:12",42.31551,-71.04,72.00,29.98
"Jul 6 2009 14:34:13",42.315487,-71.039986,72.00,29.98
"Jul 6 2009 14:34:14",42.31548,-71.03997,72.00,29.98
"Jul 6 2009 14:34:15",42.315487,-71.039955,71.00,29.98
"Jul 6 2009 14:34:16",42.315495,-71.03995,70.00,29.98
"Jul 6 2009 14:34:17",42.315487,-71.03994,71.00,29.98
"Jul 6 2009 14:34:18",42.315464,-71.039925,72.00,29.98
"Jul 6 2009 14:34:19",42.315453,-71.03992,72.00,29.98
"Jul 6 2009 14:34:20",42.31543,-71.03992,72.00,29.98
"Jul 6 2009 14:34:21",42.315437,-71.03991,71.00,29.98
"Jul 6 2009 14:34:23",42.31543,-71.03989,71.00,29.98
"Jul 6 2009 14:34:24",42.315422,-71.03986,72.00,29.98
"Jul 6 2009 14:34:25",42.315414,-71.03985,70.00,29.98
"Jul 6 2009 14:34:26",42.315414,-71.03983,70.00,29.98
"Jul 6 2009 14:34:27",42.315407,-71.03981,68.00,29.98
"Jul 6 2009 14:34:28",42.315395,-71.03981,69.00,29.98
"Jul 6 2009 14:34:29",42.315407,-71.03984,63.00,29.98
"Jul 6 2009 14:34:30",42.315395,-71.03983,71.00,29.98
"Jul 6 2009 14:34:31",42.315407,-71.039795,70.00,29.98
"Jul 6 2009 14:34:32",42.315445,-71.03979,70.00,29.98
"Jul 6 2009 14:34:33",42.315445,-71.03977,65.00,29.98
"Jul 6 2009 14:34:34",42.315422,-71.039764,70.00,29.98
"Jul 6 2009 14:34:36",42.315365,-71.03973,25.00,29.98
"Jul 6 2009 14:34:37",42.315342,-71.0397,71.00,29.98
"Jul 6 2009 14:34:38",42.31533,-71.03969,71.00,29.98
"Jul 6 2009 14:34:39",42.31535,-71.03968,71.00,29.98
"Jul 6 2009 14:34:40",42.315315,-71.03969,72.00,29.98
"Jul 6 2009 14:34:41",42.315323,-71.03967,71.00,29.98
"Jul 6 2009 14:34:42",42.315308,-71.03966,55.00,29.98
"Jul 6 2009 14:34:43",42.315285,-71.03965,70.00,29.98
"Jul 6 2009 14:34:44",42.315273,-71.03964,71.00,29.98
"Jul 6 2009 14:34:45",42.31525,-71.039635,72.00,29.98
"Jul 6 2009 14:34:46",42.315228,-71.03962,72.00,29.98
"Jul 6 2009 14:34:47",42.31522,-71.0396,69.00,29.98
"Jul 6 2009 14:34:49",42.315186,-71.03958,53.00,29.98
"Jul 6 2009 14:34:50",42.3152,-71.03956,70.00,29.98
"Jul 6 2009 14:34:51",42.315228,-71.039536,71.00,29.98
"Jul 6 2009 14:34:52",42.31521,-71.039536,70.00,29.98
"Jul 6 2009 14:34:53",42.315186,-71.03953,75.00,29.98
"Jul 6 2009 14:34:54",42.315193,-71.03951,72.00,29.98
"Jul 6 2009 14:34:55",42.315193,-71.0395,72.00,29.98
"Jul 6 2009 14:34:56",42.315193,-71.03948,72.00,29.98
"Jul 6 2009 14:34:57",42.3152,-71.03946,76.00,29.98
"Jul 6 2009 14:34:58",42.31522,-71.03945,75.00,29.98
"Jul 6 2009 14:34:59",42.31522,-71.039444,75.00,29.98
"Jul 6 2009 14:35:01",42.315243,-71.03943,73.00,29.98
"Jul 6 2009 14:35:02",42.31525,-71.039406,72.00,29.98
"Jul 6 2009 14:35:03",42.31522,-71.0394,73.00,29.98
"Jul 6 2009 14:35:04",42.31521,-71.03936,72.00,29.98
"Jul 6 2009 14:35:05",42.3152,-71.03933,75.00,29.98
"Jul 6 2009 14:35:06",42.31521,-71.039314,74.00,29.98
"Jul 6 2009 14:35:07",42.315235,-71.03931,72.00,29.98
"Jul 6 2009 14:35:08",42.315243,-71.03928,72.00,29.98
"Jul 6 2009 14:35:09",42.315235,-71.03925,73.00,29.98
"Jul 6 2009 14:35:10",42.315235,-71.03924,75.00,29.98
"Jul 6 2009 14:35:11",42.31525,-71.03923,73.00,29.98
"Jul 6 2009 14:35:12",42.315258,-71.039215,73.00,29.98
"Jul 6 2009 14:35:14",42.315285,-71.039185,74.00,29.98
"Jul 6 2009 14:35:15",42.315292,-71.03917,71.00,29.98
"Jul 6 2009 14:35:16",42.315323,-71.039154,72.00,29.98
"Jul 6 2009 14:35:17",42.315357,-71.03915,72.00,29.98
"Jul 6 2009 14:35:18",42.315388,-71.03915,72.00,29.98
"Jul 6 2009 14:35:19",42.315395,-71.03913,75.00,29.98
"Jul 6 2009 14:35:20",42.315407,-71.03911,73.00,29.98
"Jul 6 2009 14:35:21",42.315407,-71.0391,75.00,29.98
"Jul 6 2009 14:35:22",42.315422,-71.03909,72.00,29.98
"Jul 6 2009 14:35:23",42.315422,-71.03908,73.00,29.98
"Jul 6 2009 14:35:24",42.315437,-71.03907,72.00,29.98
"Jul 6 2009 14:35:25",42.315445,-71.03906,76.00,29.98
"Jul 6 2009 14:35:27",42.315464,-71.03904,73.00,29.98
"Jul 6 2009 14:35:28",42.31548,-71.03903,75.00,29.98
"Jul 6 2009 14:35:29",42.31548,-71.039024,75.00,29.98
"Jul 6 2009 14:35:30",42.315487,-71.03901,75.00,29.98
"Jul 6 2009 14:35:31",42.315495,-71.038994,72.00,31.36
"Jul 6 2009 14:35:32",42.315502,-71.03898,71.00,29.98
"Jul 6 2009 14:35:33",42.315502,-71.03897,73.00,31.36
"Jul 6 2009 14:35:34",42.315502,-71.03896,73.00,29.98
"Jul 6 2009 14:35:35",42.315502,-71.038956,73.00,29.98
"Jul 6 2009 14:35:36",42.315502,-71.03895,73.00,31.36
"Jul 6 2009 14:35:37",42.315502,-71.03894,76.00,31.36
"Jul 6 2009 14:35:38",42.315495,-71.03893,72.00,31.36
"Jul 6 2009 14:35:40",42.315495,-71.03893,72.00,31.36
"Jul 6 2009 14:35:41",42.315487,-71.03892,72.00,31.36
"Jul 6 2009 14:35:42",42.315487,-71.03891,72.00,31.36
"Jul 6 2009 14:35:43",42.315487,-71.0389,72.00,31.36
"Jul 6 2009 14:35:44",42.315495,-71.03889,72.00,31.36
"Jul 6 2009 14:35:45",42.315495,-71.038864,72.00,31.36
"Jul 6 2009 14:35:46",42.315502,-71.03886,72.00,31.36
"Jul 6 2009 14:35:47",42.315502,-71.03884,72.00,31.36
"Jul 6 2009 14:35:48",42.315495,-71.03883,71.00,31.36
"Jul 6 2009 14:35:49",42.315487,-71.03882,72.00,31.36
"Jul 6 2009 14:35:50",42.315487,-71.03881,72.00,31.36
"Jul 6 2009 14:35:51",42.315502,-71.038795,72.00,31.36
"Jul 6 2009 14:35:53",42.315544,-71.038765,72.00,31.36
"Jul 6 2009 14:35:54",42.31555,-71.03875,72.00,31.36
"Jul 6 2009 14:35:55",42.31556,-71.038734,72.00,31.36
"Jul 6 2009 14:35:56",42.31556,-71.03872,72.00,31.36
"Jul 6 2009 14:35:57",42.315567,-71.03871,72.00,31.36
"Jul 6 2009 14:35:58",42.315586,-71.038704,72.00,31.36
"Jul 6 2009 14:35:59",42.315575,-71.038704,72.00,31.36
"Jul 6 2009 14:36:00",42.315567,-71.03868,72.00,31.36
"Jul 6 2009 14:36:01",42.315567,-71.03867,72.00,31.36
"Jul 6 2009 14:36:02",42.31556,-71.038666,72.00,31.36
"Jul 6 2009 14:36:03",42.315544,-71.03864,72.00,31.36
"Jul 6 2009 14:36:04",42.31553,-71.03863,72.00,31.36
"Jul 6 2009 14:36:06",42.315487,-71.03859,72.00,31.36
"Jul 6 2009 14:36:07",42.31548,-71.038574,72.00,31.36
"Jul 6 2009 14:36:08",42.31547,-71.03855,72.00,31.36
"Jul 6 2009 14:36:09",42.31547,-71.038536,72.00,31.36
"Jul 6 2009 14:36:10",42.315464,-71.03853,72.00,31.36
"Jul 6 2009 14:36:11",42.315445,-71.038506,72.00,31.36
"Jul 6 2009 14:36:12",42.315445,-71.0385,72.00,31.36
"Jul 6 2009 14:36:13",42.315437,-71.03849,72.00,31.36
"Jul 6 2009 14:36:14",42.315453,-71.03848,72.00,31.36
"Jul 6 2009 14:36:15",42.315453,-71.038475,72.00,31.36
"Jul 6 2009 14:36:16",42.315464,-71.03847,72.00,31.36
"Jul 6 2009 14:36:17",42.315464,-71.03846,73.00,31.36
"Jul 6 2009 14:36:19",42.31548,-71.038445,73.00,31.36
"Jul 6 2009 14:36:20",42.31547,-71.038445,73.00,31.36
"Jul 6 2009 14:36:21",42.31548,-71.03844,72.00,31.36
"Jul 6 2009 14:36:22",42.315464,-71.038445,72.00,31.36
"Jul 6 2009 14:36:23",42.31543,-71.038445,72.00,31.36
"Jul 6 2009 14:36:24",42.315437,-71.03846,72.00,31.36
"Jul 6 2009 14:36:25",42.315453,-71.038475,72.00,31.36
"Jul 6 2009 14:36:26",42.31547,-71.03847,72.00,31.36
"Jul 6 2009 14:36:27",42.31548,-71.038475,72.00,31.36
"Jul 6 2009 14:36:28",42.31548,-71.03849,72.00,31.36
"Jul 6 2009 14:36:29",42.31548,-71.038506,72.00,31.36
"Jul 6 2009 14:36:30",42.31547,-71.03852,72.00,31.36
"Jul 6 2009 14:36:32",42.31547,-71.038536,72.00,31.36
"Jul 6 2009 14:36:33",42.315445,-71.03852,72.00,31.36
"Jul 6 2009 14:36:34",42.315422,-71.0385,72.00,31.36
"Jul 6 2009 14:36:35",42.315395,-71.03848,72.00,31.36
"Jul 6 2009 14:36:36",42.315357,-71.038475,72.00,31.36
"Jul 6 2009 14:36:37",42.315315,-71.038475,72.00,31.36
"Jul 6 2009 14:36:38",42.315285,-71.038475,72.00,31.36
"Jul 6 2009 14:36:39",42.315243,-71.03846,70.00,31.36
"Jul 6 2009 14:36:40",42.31521,-71.03846,71.00,31.36
"Jul 6 2009 14:36:41",42.315186,-71.038475,72.00,31.36
"Jul 6 2009 14:36:42",42.315163,-71.03848,72.00,31.36
"Jul 6 2009 14:36:43",42.315136,-71.03849,72.00,31.36
"Jul 6 2009 14:36:45",42.31508,-71.038506,72.00,31.36
"Jul 6 2009 14:36:46",42.315063,-71.03852,72.00,31.36
"Jul 6 2009 14:36:47",42.315056,-71.03853,72.00,31.36
"Jul 6 2009 14:36:48",42.31505,-71.038536,72.00,31.36
"Jul 6 2009 14:36:49",42.31504,-71.03854,72.00,31.36
"Jul 6 2009 14:36:50",42.31502,-71.038536,72.00,31.36
"Jul 6 2009 14:36:51",42.315014,-71.038536,72.00,31.36
"Jul 6 2009 14:36:52",42.315006,-71.038536,72.00,31.36
"Jul 6 2009 14:36:53",42.315,-71.03856,72.00,31.36
"Jul 6 2009 14:36:54",42.31499,-71.03857,71.00,31.36
"Jul 6 2009 14:36:55",42.31495,-71.03859,72.00,31.36
"Jul 6 2009 14:36:56",42.314926,-71.038605,72.00,31.36
"Jul 6 2009 14:36:58",42.314934,-71.03861,72.00,31.36
"Jul 6 2009 14:36:59",42.31494,-71.03862,71.00,31.36
"Jul 6 2009 14:37:00",42.31495,-71.03862,71.00,31.36
"Jul 6 2009 14:37:01",42.314983,-71.03864,70.00,31.36
"Jul 6 2009 14:37:02",42.315006,-71.03866,71.00,31.36
"Jul 6 2009 14:37:03",42.31502,-71.038666,71.00,31.36
"Jul 6 2009 14:37:04",42.31505,-71.03867,72.00,31.36
"Jul 6 2009 14:37:05",42.31508,-71.038666,70.00,31.36
"Jul 6 2009 14:37:06",42.315086,-71.03867,72.00,31.36
"Jul 6 2009 14:37:07",42.315098,-71.038666,72.00,31.36
"Jul 6 2009 14:37:08",42.315105,-71.03864,75.00,32.75
"Jul 6 2009 14:37:09",42.315086,-71.03864,75.00,32.75
"Jul 6 2009 14:37:11",42.31507,-71.03865,75.00,32.75
"Jul 6 2009 14:37:12",42.31507,-71.03865,74.00,32.75
"Jul 6 2009 14:37:13",42.31507,-71.03865,73.00,32.75
"Jul 6 2009 14:37:14",42.31507,-71.03865,73.00,32.75
"Jul 6 2009 14:37:15",42.315063,-71.03865,72.00,32.75
"Jul 6 2009 14:37:16",42.315063,-71.03865,73.00,32.75
"Jul 6 2009 14:37:17",42.315063,-71.03865,75.00,32.75
"Jul 6 2009 14:37:18",42.315063,-71.03865,75.00,34.13
"Jul 6 2009 14:37:19",42.315063,-71.03865,75.00,34.13
"Jul 6 2009 14:37:20",42.315063,-71.03865,75.00,34.13
"Jul 6 2009 14:37:21",42.315063,-71.03865,74.00,34.13
"Jul 6 2009 14:37:22",42.315063,-71.03865,71.00,34.13
"Jul 6 2009 14:37:24",42.314884,-71.03906,75.00,34.13
"Jul 6 2009 14:37:25",42.314907,-71.03921,75.00,34.13
"Jul 6 2009 14:37:26",42.31482,-71.03919,75.00,34.13
"Jul 6 2009 14:37:27",42.314842,-71.03927,74.00,34.13
"Jul 6 2009 14:37:28",42.31481,-71.0392,75.00,34.13
"Jul 6 2009 14:37:29",42.314854,-71.039215,75.00,34.13
"Jul 6 2009 14:37:30",42.31481,-71.039185,75.00,34.13
"Jul 6 2009 14:37:31",42.31482,-71.039185,75.00,34.13
"Jul 6 2009 14:37:32",42.31482,-71.03919,75.00,34.13
"Jul 6 2009 14:37:33",42.314854,-71.03919,73.00,34.13
"Jul 6 2009 14:37:34",42.314835,-71.03917,73.00,32.75
"Jul 6 2009 14:37:35",42.314827,-71.03916,72.00,32.75
"Jul 6 2009 14:37:37",42.314785,-71.039154,75.00,32.75
"Jul 6 2009 14:37:38",42.31477,-71.03917,72.00,32.75
"Jul 6 2009 14:37:39",42.314762,-71.03916,72.00,32.75
"Jul 6 2009 14:37:40",42.314762,-71.03915,72.00,32.75
"Jul 6 2009 14:37:41",42.314762,-71.03913,72.00,32.75
"Jul 6 2009 14:37:43",42.31473,-71.03908,73.00,32.75
"Jul 6 2009 14:37:44",42.31472,-71.03907,72.00,32.75
"Jul 6 2009 14:37:45",42.314674,-71.03905,72.00,32.75
"Jul 6 2009 14:37:46",42.314617,-71.03902,72.00,32.75
"Jul 6 2009 14:39:06",42.313965,-71.03939,70.00,34.13
"Jul 6 2009 14:39:07",42.31395,-71.03941,70.00,34.13
"Jul 6 2009 14:39:09",42.313942,-71.03948,45.00,34.13
"Jul 6 2009 14:39:10",42.31395,-71.0395,38.00,34.13
"Jul 6 2009 14:39:11",42.313942,-71.039505,19.00,34.13
"Jul 6 2009 14:39:12",42.313923,-71.03951,18.00,34.13
"Jul 6 2009 14:39:13",42.313892,-71.03951,15.00,34.13
"Jul 6 2009 14:39:14",42.313877,-71.03953,19.00,34.13
"Jul 6 2009 14:39:15",42.313835,-71.03951,38.00,34.13
"Jul 6 2009 14:39:16",42.31382,-71.03952,36.00,34.13
"Jul 6 2009 14:39:17",42.31382,-71.03952,47.00,34.13
"Jul 6 2009 14:39:18",42.3138,-71.03952,30.00,34.13
"Jul 6 2009 14:39:19",42.313793,-71.03952,19.00,34.13
"Jul 6 2009 14:39:20",42.313763,-71.03953,21.00,34.13
"Jul 6 2009 14:39:22",42.313755,-71.039536,28.00,32.75
"Jul 6 2009 14:39:23",42.313755,-71.03953,24.00,32.75
"Jul 6 2009 14:39:24",42.313744,-71.03952,27.00,32.75
"Jul 6 2009 14:39:25",42.313755,-71.039536,26.00,32.75
"Jul 6 2009 14:39:26",42.313755,-71.039536,18.00,32.75
"Jul 6 2009 14:39:27",42.313763,-71.03953,40.00,32.75
"Jul 6 2009 14:39:28",42.313763,-71.03953,53.00,32.75
"Jul 6 2009 14:39:29",42.31377,-71.03952,34.00,32.75
"Jul 6 2009 14:39:30",42.313763,-71.03952,36.00,32.75
"Jul 6 2009 14:39:31",42.31377,-71.03951,70.00,32.75
"Jul 6 2009 14:39:32",42.31377,-71.039505,72.00,32.75
"Jul 6 2009 14:39:33",42.313778,-71.039505,71.00,32.75
"Jul 6 2009 14:39:35",42.313736,-71.03952,71.00,32.75
"Jul 6 2009 14:39:36",42.313713,-71.03953,71.00,32.75
"Jul 6 2009 14:39:37",42.31372,-71.03953,71.00,32.75
"Jul 6 2009 14:39:38",42.31372,-71.03953,51.00,32.75
"Jul 6 2009 14:39:39",42.31373,-71.03953,34.00,32.75
"Jul 6 2009 14:39:40",42.313736,-71.03953,69.00,32.75
"Jul 6 2009 14:39:41",42.313755,-71.03953,6.00,32.75
"Jul 6 2009 14:39:42",42.313778,-71.03953,36.00,32.75
"Jul 6 2009 14:39:43",42.313778,-71.03952,70.00,32.75
"Jul 6 2009 14:39:44",42.31382,-71.03951,71.00,32.75
"Jul 6 2009 14:39:45",42.31382,-71.03951,71.00,31.36
"Jul 6 2009 14:39:47",42.313835,-71.03954,71.00,31.36
"Jul 6 2009 14:39:48",42.313843,-71.039566,24.00,31.36
"Jul 6 2009 14:39:49",42.313828,-71.03956,34.00,31.36
"Jul 6 2009 14:39:50",42.31381,-71.03955,67.00,31.36
"Jul 6 2009 14:39:51",42.313778,-71.03954,47.00,31.36
"Jul 6 2009 14:39:52",42.313755,-71.03956,66.00,31.36
"Jul 6 2009 14:39:53",42.313736,-71.039566,59.00,31.36
"Jul 6 2009 14:39:54",42.313778,-71.0396,70.00,29.98
"Jul 6 2009 14:39:55",42.313793,-71.03957,70.00,29.98
"Jul 6 2009 14:39:56",42.313793,-71.03956,72.00,29.98
"Jul 6 2009 14:39:57",42.313763,-71.03955,72.00,29.98
"Jul 6 2009 14:39:58",42.31377,-71.03954,71.00,29.98
"Jul 6 2009 14:40:00",42.313744,-71.039536,71.00,29.98
"Jul 6 2009 14:40:01",42.313744,-71.039536,70.00,29.98
"Jul 6 2009 14:40:02",42.31373,-71.039536,72.00,29.98
"Jul 6 2009 14:40:03",42.313755,-71.03954,72.00,29.98
"Jul 6 2009 14:40:04",42.313755,-71.03954,72.00,29.98
"Jul 6 2009 14:40:05",42.313705,-71.039536,72.00,29.98
"Jul 6 2009 14:40:06",42.313736,-71.03953,72.00,29.98
"Jul 6 2009 14:40:07",42.313744,-71.03953,72.00,29.98
"Jul 6 2009 14:40:08",42.31373,-71.03953,70.00,29.98
"Jul 6 2009 14:40:09",42.31372,-71.039536,71.00,29.98
"Jul 6 2009 14:40:10",42.31372,-71.039536,71.00,29.98
"Jul 6 2009 14:40:11",42.31373,-71.039536,71.00,29.98
"Jul 6 2009 14:40:13",42.31372,-71.03955,72.00,29.98
"Jul 6 2009 14:40:14",42.31373,-71.03955,72.00,31.36
"Jul 6 2009 14:40:15",42.31373,-71.03955,72.00,31.36
"Jul 6 2009 14:40:16",42.313736,-71.03955,71.00,31.36
"Jul 6 2009 14:40:17",42.31373,-71.03955,71.00,31.36
"Jul 6 2009 14:40:18",42.313744,-71.03954,71.00,31.36
"Jul 6 2009 14:40:19",42.31373,-71.03955,70.00,31.36
"Jul 6 2009 14:40:20",42.31372,-71.03955,71.00,31.36
"Jul 6 2009 14:40:21",42.31372,-71.03954,65.00,31.36
"Jul 6 2009 14:40:22",42.31373,-71.03954,70.00,31.36
"Jul 6 2009 14:40:23",42.313744,-71.03954,67.00,31.36
"Jul 6 2009 14:40:24",42.313755,-71.03954,71.00,31.36
"Jul 6 2009 14:40:26",42.31377,-71.039505,69.00,31.36
"Jul 6 2009 14:40:27",42.313763,-71.039474,71.00,31.36
"Jul 6 2009 14:40:28",42.313755,-71.03947,72.00,31.36
"Jul 6 2009 14:40:29",42.313755,-71.039474,72.00,31.36
"Jul 6 2009 14:40:30",42.313755,-71.039474,72.00,31.36
"Jul 6 2009 14:40:31",42.313763,-71.03948,72.00,31.36
"Jul 6 2009 14:40:32",42.313763,-71.03948,72.00,31.36
"Jul 6 2009 14:40:33",42.31377,-71.0395,72.00,31.36
"Jul 6 2009 14:40:34",42.313778,-71.0395,72.00,31.36
"Jul 6 2009 14:40:35",42.31377,-71.039505,71.00,31.36
"Jul 6 2009 14:40:36",42.313763,-71.039505,72.00,31.36
"Jul 6 2009 14:40:37",42.313763,-71.0395,72.00,31.36
"Jul 6 2009 14:40:39",42.31377,-71.0395,72.00,31.36
"Jul 6 2009 14:40:40",42.313793,-71.03948,71.00,31.36
"Jul 6 2009 14:40:41",42.313793,-71.0395,70.00,31.36
"Jul 6 2009 14:40:42",42.313793,-71.0395,70.00,31.36
"Jul 6 2009 14:40:43",42.313793,-71.0395,66.00,31.36
"Jul 6 2009 14:40:44",42.31381,-71.039505,70.00,31.36
"Jul 6 2009 14:40:45",42.31382,-71.039505,72.00,31.36
"Jul 6 2009 14:40:46",42.313828,-71.0395,71.00,31.36
"Jul 6 2009 14:40:47",42.313828,-71.0395,70.00,31.36
"Jul 6 2009 14:40:48",42.313828,-71.03948,70.00,31.36
"Jul 6 2009 14:40:49",42.31381,-71.0395,71.00,31.36
"Jul 6 2009 14:40:50",42.31381,-71.0395,72.00,31.36
"Jul 6 2009 14:40:51",42.31381,-71.0395,72.00,31.36
"Jul 6 2009 14:40:53",42.3138,-71.0395,72.00,31.36
"Jul 6 2009 14:40:54",42.3138,-71.039505,72.00,31.36
"Jul 6 2009 14:40:55",42.3138,-71.039505,72.00,31.36
"Jul 6 2009 14:40:56",42.3138,-71.039505,72.00,31.36
"Jul 6 2009 14:40:57",42.31381,-71.03951,69.00,31.36
"Jul 6 2009 14:40:58",42.3138,-71.03952,43.00,31.36
"Jul 6 2009 14:40:59",42.3138,-71.03953,40.00,31.36
"Jul 6 2009 14:41:00",42.313793,-71.03953,37.00,31.36
"Jul 6 2009 14:41:01",42.313793,-71.039536,33.00,31.36
"Jul 6 2009 14:41:02",42.313793,-71.03951,39.00,31.36
"Jul 6 2009 14:41:03",42.3138,-71.0395,51.00,31.36
"Jul 6 2009 14:41:04",42.3138,-71.0395,43.00,31.36
"Jul 6 2009 14:41:06",42.31381,-71.039505,34.00,31.36
"Jul 6 2009 14:41:07",42.3138,-71.039505,20.00,31.36
"Jul 6 2009 14:41:08",42.31381,-71.03951,40.00,31.36
"Jul 6 2009 14:41:09",42.31381,-71.03951,19.00,31.36
"Jul 6 2009 14:41:10",42.31381,-71.0395,17.00,31.36
"Jul 6 2009 14:41:11",42.313786,-71.039474,27.00,31.36
"Jul 6 2009 14:41:12",42.31377,-71.039474,43.00,31.36
"Jul 6 2009 14:41:13",42.313763,-71.03948,72.00,31.36
"Jul 6 2009 14:41:14",42.313763,-71.0395,72.00,29.98
"Jul 6 2009 14:41:15",42.313763,-71.0395,72.00,29.98
