time,temperature probe
0,37.251132938774822335025380710659898
1,37.251132938774822335025380710659898
2,37.251132938774822335025380710659898
3,37.324908766040559796437659033078880
4,37.324908766040559796437659033078880
5,37.324908766040559796437659033078880
6,37.398575483696326530612244897959184
7,37.398575483696326530612244897959184
8,37.398575483696326530612244897959184
9,37.472133493155549872122762148337596
10,37.692159348562474226804123711340206
11,37.838307258154196891191709844559585
12,37.911221682422077922077922077922078
13,37.911221682422077922077922077922078
14,37.911221682422077922077922077922078
15,37.838307258154196891191709844559585
16,37.838307258154196891191709844559585
17,37.838307258154196891191709844559585
18,37.765286622509715762273901808785530
19,37.984030326686666666666666666666667
20,38.129332023284188481675392670157068
21,38.129332023284188481675392670157068
22,38.129332023284188481675392670157068
23,38.201825961126561679790026246719160
24,38.129332023284188481675392670157068
25,38.129332023284188481675392670157068
26,38.129332023284188481675392670157068
27,38.056733626826475195822454308093995
28,37.984030326686666666666666666666667
29,37.984030326686666666666666666666667
30,37.984030326686666666666666666666667
31,37.984030326686666666666666666666667
32,37.911221682422077922077922077922078
33,37.911221682422077922077922077922078
34,37.984030326686666666666666666666667
35,37.984030326686666666666666666666667
36,37.984030326686666666666666666666667
37,37.984030326686666666666666666666667
38,37.984030326686666666666666666666667
39,37.984030326686666666666666666666667
40,37.911221682422077922077922077922078
41,37.911221682422077922077922077922078
42,37.911221682422077922077922077922078
43,37.911221682422077922077922077922078
44,37.838307258154196891191709844559585
45,37.765286622509715762273901808785530
46,37.765286622509715762273901808785530
47,37.765286622509715762273901808785530
48,37.765286622509715762273901808785530
49,37.765286622509715762273901808785530
50,37.838307258154196891191709844559585
51,37.984030326686666666666666666666667
52,38.056733626826475195822454308093995
53,38.129332023284188481675392670157068
54,38.129332023284188481675392670157068
55,38.056733626826475195822454308093995
56,38.056733626826475195822454308093995
57,37.984030326686666666666666666666667
58,37.984030326686666666666666666666667
59,37.984030326686666666666666666666667
60,37.984030326686666666666666666666667
61,38.129332023284188481675392670157068
62,38.129332023284188481675392670157068
63,38.129332023284188481675392670157068
64,38.129332023284188481675392670157068
65,38.056733626826475195822454308093995
66,38.056733626826475195822454308093995
67,38.056733626826475195822454308093995
68,37.984030326686666666666666666666667
69,37.984030326686666666666666666666667
70,38.056733626826475195822454308093995
71,37.984030326686666666666666666666667
72,38.056733626826475195822454308093995
73,37.984030326686666666666666666666667
74,37.984030326686666666666666666666667
75,37.984030326686666666666666666666667
76,37.984030326686666666666666666666667
77,37.984030326686666666666666666666667
78,37.984030326686666666666666666666667
79,37.984030326686666666666666666666667
80,37.984030326686666666666666666666667
81,37.984030326686666666666666666666667
82,37.984030326686666666666666666666667
83,38.056733626826475195822454308093995
84,38.056733626826475195822454308093995
85,38.056733626826475195822454308093995
86,38.056733626826475195822454308093995
87,38.056733626826475195822454308093995
88,38.129332023284188481675392670157068
89,38.129332023284188481675392670157068
90,38.129332023284188481675392670157068
91,38.129332023284188481675392670157068
92,38.201825961126561679790026246719160
93,38.201825961126561679790026246719160
94,38.201825961126561679790026246719160
95,38.274215890105263157894736842105263
96,38.274215890105263157894736842105263
97,38.274215890105263157894736842105263
98,38.346502264718680738786279683377309
99,38.346502264718680738786279683377309
100,38.346502264718680738786279683377309
101,38.346502264718680738786279683377309
102,38.346502264718680738786279683377309
103,38.346502264718680738786279683377309
104,38.346502264718680738786279683377309
105,38.346502264718680738786279683377309
106,38.346502264718680738786279683377309
107,38.418685544274708994708994708994709
108,38.418685544274708994708994708994709
109,38.418685544274708994708994708994709
110,38.490766192954535809018567639257294
111,38.490766192954535809018567639257294
112,38.490766192954535809018567639257294
113,38.562744679877446808510638297872340
114,38.562744679877446808510638297872340
115,38.562744679877446808510638297872340
116,38.634621479166666666666666666666667
117,38.634621479166666666666666666666667
118,38.706397070016256684491978609625668
119,38.778071936759088471849865951742627
120,38.778071936759088471849865951742627
121,38.778071936759088471849865951742627
122,38.849646568935913978494623655913978
123,38.849646568935913978494623655913978
124,38.921121461365552560646900269541779
125,38.921121461365552560646900269541779
126,38.992497114216216216216216216216216
127,39.063774033077994579945799457994580
128,39.063774033077994579945799457994580
129,39.134952729036521739130434782608696
130,39.134952729036521739130434782608696
131,39.206033718747847411444141689373297
132,39.206033718747847411444141689373297
133,39.206033718747847411444141689373297
134,39.277017524514535519125683060109290
135,39.277017524514535519125683060109290
136,39.347904674363013698630136986301370
137,39.347904674363013698630136986301370
138,39.347904674363013698630136986301370
139,39.418695702122197802197802197802198
140,39.418695702122197802197802197802198
141,39.489391147503415977961432506887052
142,39.489391147503415977961432506887052
143,39.489391147503415977961432506887052
144,39.559991556181657458563535911602210
145,39.559991556181657458563535911602210
146,39.559991556181657458563535911602210
147,39.559991556181657458563535911602210
148,39.630497479878171745152354570637119
149,39.630497479878171745152354570637119
150,39.700909476444444444444444444444444
151,39.771228109947576601671309192200557
152,39.841453950757094972067039106145251
153,39.841453950757094972067039106145251
154,39.841453950757094972067039106145251
155,39.841453950757094972067039106145251
156,39.911587575633221288515406162464986
157,39.981629567816629213483146067415730
158,39.981629567816629213483146067415730
159,40.051580517119718309859154929577465
160,40.051580517119718309859154929577465
161,40.051580517119718309859154929577465
162,40.121441020019435028248587570621469
163,40.121441020019435028248587570621469
164,40.191211679751671388101983002832861
165,40.191211679751671388101983002832861
166,40.191211679751671388101983002832861
167,40.191211679751671388101983002832861
168,40.260893106407272727272727272727273
169,40.260893106407272727272727272727273
170,40.260893106407272727272727272727273
171,40.260893106407272727272727272727273
172,40.260893106407272727272727272727273
173,40.260893106407272727272727272727273
174,40.260893106407272727272727272727273
175,40.260893106407272727272727272727273
176,40.330485917029686609686609686609687
177,40.330485917029686609686609686609687
178,40.399990735714285714285714285714286
179,40.469408193709398280802292263610315
180,40.538738929519080459770114942528736
181,40.538738929519080459770114942528736
182,40.538738929519080459770114942528736
183,40.607983589007665706051873198847262
184,40.607983589007665706051873198847262
185,40.607983589007665706051873198847262
186,40.677142825506127167630057803468208
187,40.677142825506127167630057803468208
188,40.677142825506127167630057803468208
189,40.746217299920289855072463768115942
190,40.746217299920289855072463768115942
191,40.746217299920289855072463768115942
192,40.746217299920289855072463768115942
193,40.746217299920289855072463768115942
194,40.815207680840930232558139534883721
195,40.815207680840930232558139534883721
196,40.815207680840930232558139534883721
197,40.884114644655801749271137026239067
198,40.884114644655801749271137026239067
199,40.815207680840930232558139534883721
200,40.746217299920289855072463768115942
201,40.677142825506127167630057803468208
202,40.677142825506127167630057803468208
203,40.607983589007665706051873198847262
204,40.607983589007665706051873198847262
205,40.607983589007665706051873198847262
206,40.607983589007665706051873198847262
207,40.607983589007665706051873198847262
208,40.607983589007665706051873198847262
209,40.677142825506127167630057803468208
210,40.677142825506127167630057803468208
211,40.677142825506127167630057803468208
212,40.677142825506127167630057803468208
213,40.677142825506127167630057803468208
214,40.677142825506127167630057803468208
215,40.677142825506127167630057803468208
216,40.746217299920289855072463768115942
217,40.746217299920289855072463768115942
218,40.746217299920289855072463768115942
219,40.746217299920289855072463768115942
220,40.815207680840930232558139534883721
221,40.815207680840930232558139534883721
222,40.815207680840930232558139534883721
223,40.815207680840930232558139534883721
224,40.815207680840930232558139534883721
225,40.815207680840930232558139534883721
226,40.815207680840930232558139534883721
227,40.815207680840930232558139534883721
228,40.815207680840930232558139534883721
229,40.815207680840930232558139534883721
230,40.815207680840930232558139534883721
231,40.815207680840930232558139534883721
232,40.815207680840930232558139534883721
233,40.815207680840930232558139534883721
234,40.815207680840930232558139534883721
235,40.815207680840930232558139534883721
236,40.815207680840930232558139534883721
237,40.746217299920289855072463768115942
238,40.746217299920289855072463768115942
239,40.746217299920289855072463768115942
240,40.746217299920289855072463768115942
241,40.746217299920289855072463768115942
242,40.746217299920289855072463768115942
243,40.746217299920289855072463768115942
244,40.677142825506127167630057803468208
245,40.677142825506127167630057803468208
246,40.677142825506127167630057803468208
247,40.677142825506127167630057803468208
248,40.677142825506127167630057803468208
249,40.677142825506127167630057803468208
250,40.607983589007665706051873198847262
251,40.607983589007665706051873198847262
252,40.607983589007665706051873198847262
253,40.607983589007665706051873198847262
254,40.677142825506127167630057803468208
255,40.677142825506127167630057803468208
256,40.677142825506127167630057803468208
257,40.677142825506127167630057803468208
258,40.677142825506127167630057803468208
259,40.677142825506127167630057803468208
260,40.677142825506127167630057803468208
261,40.677142825506127167630057803468208
262,40.677142825506127167630057803468208
263,40.677142825506127167630057803468208
264,40.746217299920289855072463768115942
265,40.746217299920289855072463768115942
266,40.746217299920289855072463768115942
267,40.746217299920289855072463768115942
268,40.746217299920289855072463768115942
269,40.815207680840930232558139534883721
270,40.815207680840930232558139534883721
271,40.815207680840930232558139534883721
272,40.815207680840930232558139534883721
273,40.884114644655801749271137026239067
274,40.884114644655801749271137026239067
275,40.884114644655801749271137026239067
276,40.884114644655801749271137026239067
277,40.952938875663625730994152046783626
278,40.884114644655801749271137026239067
279,40.884114644655801749271137026239067
280,40.884114644655801749271137026239067
281,40.884114644655801749271137026239067
282,40.884114644655801749271137026239067
283,40.884114644655801749271137026239067
284,40.884114644655801749271137026239067
285,40.884114644655801749271137026239067
286,40.884114644655801749271137026239067
287,40.884114644655801749271137026239067
288,40.884114644655801749271137026239067
289,41.021681066190087976539589442815249
290,41.021681066190087976539589442815249
291,41.021681066190087976539589442815249
292,41.021681066190087976539589442815249
293,41.090341916705882352941176470588235
294,41.021681066190087976539589442815249
295,41.021681066190087976539589442815249
296,41.021681066190087976539589442815249
297,41.021681066190087976539589442815249
298,41.021681066190087976539589442815249
299,41.021681066190087976539589442815249
300,40.952938875663625730994152046783626
301,40.952938875663625730994152046783626
302,40.952938875663625730994152046783626
303,40.952938875663625730994152046783626
304,40.952938875663625730994152046783626
305,40.952938875663625730994152046783626
306,40.952938875663625730994152046783626
307,40.884114644655801749271137026239067
308,40.884114644655801749271137026239067
309,40.884114644655801749271137026239067
310,40.884114644655801749271137026239067
311,40.884114644655801749271137026239067
312,40.884114644655801749271137026239067
313,40.884114644655801749271137026239067
314,40.884114644655801749271137026239067
315,40.884114644655801749271137026239067
316,40.884114644655801749271137026239067
317,40.884114644655801749271137026239067
318,40.884114644655801749271137026239067
319,40.815207680840930232558139534883721
320,40.815207680840930232558139534883721
321,40.815207680840930232558139534883721
322,40.815207680840930232558139534883721
323,40.815207680840930232558139534883721
324,40.815207680840930232558139534883721
325,40.815207680840930232558139534883721
326,40.815207680840930232558139534883721
327,40.746217299920289855072463768115942
328,40.746217299920289855072463768115942
329,40.746217299920289855072463768115942
330,40.677142825506127167630057803468208
331,40.677142825506127167630057803468208
332,40.677142825506127167630057803468208
333,40.677142825506127167630057803468208
334,40.677142825506127167630057803468208
335,40.677142825506127167630057803468208
336,40.677142825506127167630057803468208
337,40.677142825506127167630057803468208
338,40.677142825506127167630057803468208
339,40.677142825506127167630057803468208
340,40.607983589007665706051873198847262
341,40.607983589007665706051873198847262
342,40.607983589007665706051873198847262
343,40.607983589007665706051873198847262
344,40.607983589007665706051873198847262
345,40.607983589007665706051873198847262
346,40.607983589007665706051873198847262
347,40.607983589007665706051873198847262
348,40.607983589007665706051873198847262
349,40.607983589007665706051873198847262
350,40.607983589007665706051873198847262
351,40.607983589007665706051873198847262
352,40.607983589007665706051873198847262
353,40.607983589007665706051873198847262
354,40.607983589007665706051873198847262
355,40.607983589007665706051873198847262
356,40.607983589007665706051873198847262
357,40.607983589007665706051873198847262
358,40.607983589007665706051873198847262
359,40.677142825506127167630057803468208
360,40.677142825506127167630057803468208
361,40.677142825506127167630057803468208
362,40.677142825506127167630057803468208
363,40.677142825506127167630057803468208
364,40.746217299920289855072463768115942
365,40.746217299920289855072463768115942
366,40.746217299920289855072463768115942
367,40.815207680840930232558139534883721
368,40.815207680840930232558139534883721
369,40.815207680840930232558139534883721
370,40.884114644655801749271137026239067
371,40.884114644655801749271137026239067
372,40.952938875663625730994152046783626
373,40.952938875663625730994152046783626
374,40.952938875663625730994152046783626
375,41.021681066190087976539589442815249
376,41.021681066190087976539589442815249
377,41.090341916705882352941176470588235
378,41.090341916705882352941176470588235
379,41.158922135946843657817109144542773
380,41.158922135946843657817109144542773
381,41.227422441036213017751479289940828
382,41.227422441036213017751479289940828
383,41.295843557609080118694362017804154
384,41.295843557609080118694362017804154
385,41.295843557609080118694362017804154
386,41.295843557609080118694362017804154
387,41.295843557609080118694362017804154
388,41.364186219939047619047619047619048
389,41.364186219939047619047619047619048
390,41.432451171067164179104477611940299
391,41.432451171067164179104477611940299
392,41.432451171067164179104477611940299
393,41.432451171067164179104477611940299
394,41.568750956509129129129129129129129
395,41.568750956509129129129129129129129
396,41.568750956509129129129129129129129
397,41.568750956509129129129129129129129
398,41.568750956509129129129129129129129
399,41.568750956509129129129129129129129
400,41.568750956509129129129129129129129
401,41.636787321935421686746987951807229
402,41.636787321935421686746987951807229
403,41.636787321935421686746987951807229
404,41.636787321935421686746987951807229
405,41.568750956509129129129129129129129
406,41.568750956509129129129129129129129
407,41.568750956509129129129129129129129
408,41.636787321935421686746987951807229
409,41.704749038659274924471299093655589
410,41.704749038659274924471299093655589
411,41.704749038659274924471299093655589
412,41.704749038659274924471299093655589
413,41.704749038659274924471299093655589
414,41.704749038659274924471299093655589
415,41.704749038659274924471299093655589
416,41.704749038659274924471299093655589
417,41.772636895575757575757575757575758
418,41.772636895575757575757575757575758
419,41.908194233670243902439024390243902
420,41.908194233670243902439024390243902
421,41.975865341183058103975535168195719
422,42.178458386413827160493827160493827
423,42.245852138186191950464396284829721
424,42.178458386413827160493827160493827
425,42.178458386413827160493827160493827
426,42.178458386413827160493827160493827
427,42.178458386413827160493827160493827
428,42.110996574038461538461538461538462
429,42.043465841858650306748466257668712
430,42.043465841858650306748466257668712
431,42.043465841858650306748466257668712
432,42.043465841858650306748466257668712
433,42.043465841858650306748466257668712
434,42.043465841858650306748466257668712
435,42.043465841858650306748466257668712
436,41.975865341183058103975535168195719
437,42.043465841858650306748466257668712
438,42.043465841858650306748466257668712
439,42.043465841858650306748466257668712
440,42.043465841858650306748466257668712
441,42.043465841858650306748466257668712
442,42.043465841858650306748466257668712
443,42.043465841858650306748466257668712
444,42.043465841858650306748466257668712
445,42.110996574038461538461538461538462
446,42.110996574038461538461538461538462
447,42.110996574038461538461538461538462
448,42.110996574038461538461538461538462
449,42.110996574038461538461538461538462
450,42.110996574038461538461538461538462
451,42.110996574038461538461538461538462
452,42.178458386413827160493827160493827
453,42.178458386413827160493827160493827
454,42.178458386413827160493827160493827
455,42.178458386413827160493827160493827
456,42.178458386413827160493827160493827
457,42.178458386413827160493827160493827
458,42.178458386413827160493827160493827
459,42.178458386413827160493827160493827
460,42.178458386413827160493827160493827
461,42.178458386413827160493827160493827
462,42.110996574038461538461538461538462
463,42.110996574038461538461538461538462
464,42.110996574038461538461538461538462
465,42.178458386413827160493827160493827
466,42.178458386413827160493827160493827
467,42.178458386413827160493827160493827
468,42.110996574038461538461538461538462
469,42.110996574038461538461538461538462
470,42.110996574038461538461538461538462
471,42.110996574038461538461538461538462
472,42.043465841858650306748466257668712
473,42.043465841858650306748466257668712
474,42.043465841858650306748466257668712
475,42.043465841858650306748466257668712
476,41.975865341183058103975535168195719
477,41.975865341183058103975535168195719
478,41.975865341183058103975535168195719
479,41.975865341183058103975535168195719
480,41.975865341183058103975535168195719
481,41.975865341183058103975535168195719
482,41.975865341183058103975535168195719
483,41.975865341183058103975535168195719
484,41.975865341183058103975535168195719
485,41.975865341183058103975535168195719
486,41.908194233670243902439024390243902
487,41.908194233670243902439024390243902
488,41.908194233670243902439024390243902
489,41.908194233670243902439024390243902
490,41.908194233670243902439024390243902
491,41.908194233670243902439024390243902
492,41.908194233670243902439024390243902
493,41.840451691171367781155015197568389
494,41.840451691171367781155015197568389
495,41.840451691171367781155015197568389
496,41.840451691171367781155015197568389
497,41.840451691171367781155015197568389
498,41.840451691171367781155015197568389
499,41.840451691171367781155015197568389
500,41.840451691171367781155015197568389
501,41.840451691171367781155015197568389
502,41.840451691171367781155015197568389
503,41.840451691171367781155015197568389
504,41.908194233670243902439024390243902
505,41.908194233670243902439024390243902
506,41.840451691171367781155015197568389
507,41.840451691171367781155015197568389
508,41.908194233670243902439024390243902
509,41.908194233670243902439024390243902
510,41.908194233670243902439024390243902
511,41.908194233670243902439024390243902
512,41.908194233670243902439024390243902
513,41.975865341183058103975535168195719
514,41.975865341183058103975535168195719
515,42.043465841858650306748466257668712
516,42.043465841858650306748466257668712
517,42.043465841858650306748466257668712
518,42.110996574038461538461538461538462
519,42.110996574038461538461538461538462
520,42.178458386413827160493827160493827
521,42.178458386413827160493827160493827
522,42.178458386413827160493827160493827
523,42.245852138186191950464396284829721
524,42.313178699230310559006211180124224
525,42.313178699230310559006211180124224
526,42.380438950260498442367601246105919
527,42.380438950260498442367601246105919
528,42.380438950260498442367601246105919
529,42.380438950260498442367601246105919
530,42.44763378300
531,42.44763378300
532,42.44763378300
533,42.44763378300
534,42.380438950260498442367601246105919
535,42.380438950260498442367601246105919
536,42.44763378300
537,42.380438950260498442367601246105919
538,42.380438950260498442367601246105919
539,42.380438950260498442367601246105919
540,42.380438950260498442367601246105919
541,42.380438950260498442367601246105919
542,42.313178699230310559006211180124224
543,42.313178699230310559006211180124224
544,42.313178699230310559006211180124224
545,42.313178699230310559006211180124224
546,42.245852138186191950464396284829721
547,42.245852138186191950464396284829721
548,42.245852138186191950464396284829721
549,42.245852138186191950464396284829721
550,42.245852138186191950464396284829721
551,42.178458386413827160493827160493827
552,42.178458386413827160493827160493827
553,42.178458386413827160493827160493827
554,42.178458386413827160493827160493827
555,42.110996574038461538461538461538462
556,42.110996574038461538461538461538462
557,42.110996574038461538461538461538462
558,42.043465841858650306748466257668712
559,42.043465841858650306748466257668712
560,42.043465841858650306748466257668712
561,42.043465841858650306748466257668712
562,41.975865341183058103975535168195719
563,41.975865341183058103975535168195719
564,41.975865341183058103975535168195719
565,41.975865341183058103975535168195719
566,41.908194233670243902439024390243902
567,41.908194233670243902439024390243902
568,41.908194233670243902439024390243902
569,41.908194233670243902439024390243902
570,41.908194233670243902439024390243902
571,41.908194233670243902439024390243902
572,41.908194233670243902439024390243902
573,41.908194233670243902439024390243902
574,41.840451691171367781155015197568389
575,41.840451691171367781155015197568389
576,41.840451691171367781155015197568389
577,41.772636895575757575757575757575758
578,41.772636895575757575757575757575758
579,41.772636895575757575757575757575758
580,41.704749038659274924471299093655589
581,41.704749038659274924471299093655589
582,41.704749038659274924471299093655589
583,41.704749038659274924471299093655589
584,41.704749038659274924471299093655589
585,41.704749038659274924471299093655589
586,41.704749038659274924471299093655589
587,41.704749038659274924471299093655589
588,41.636787321935421686746987951807229
589,41.636787321935421686746987951807229
590,41.636787321935421686746987951807229
591,41.636787321935421686746987951807229
592,41.636787321935421686746987951807229
593,41.636787321935421686746987951807229
594,41.568750956509129129129129129129129
595,41.568750956509129129129129129129129
596,41.568750956509129129129129129129129
597,41.568750956509129129129129129129129
598,41.568750956509129129129129129129129
599,41.568750956509129129129129129129129
600,41.568750956509129129129129129129129
601,41.500639162933173652694610778443114
602,41.500639162933173652694610778443114
603,41.500639162933173652694610778443114
604,41.500639162933173652694610778443114
605,41.500639162933173652694610778443114
606,41.432451171067164179104477611940299
607,41.432451171067164179104477611940299
608,41.364186219939047619047619047619048
609,41.432451171067164179104477611940299
610,41.432451171067164179104477611940299
611,41.432451171067164179104477611940299
612,41.432451171067164179104477611940299
613,41.432451171067164179104477611940299
614,41.432451171067164179104477611940299
615,41.432451171067164179104477611940299
616,41.432451171067164179104477611940299
617,41.432451171067164179104477611940299
618,41.432451171067164179104477611940299
619,41.500639162933173652694610778443114
620,41.500639162933173652694610778443114
621,41.500639162933173652694610778443114
622,41.568750956509129129129129129129129
623,41.568750956509129129129129129129129
624,41.568750956509129129129129129129129
625,41.636787321935421686746987951807229
626,41.636787321935421686746987951807229
627,41.636787321935421686746987951807229
628,41.704749038659274924471299093655589
629,41.772636895575757575757575757575758
630,41.840451691171367781155015197568389
631,41.840451691171367781155015197568389
632,41.840451691171367781155015197568389
633,41.908194233670243902439024390243902
634,41.908194233670243902439024390243902
635,41.975865341183058103975535168195719
636,41.908194233670243902439024390243902
637,41.908194233670243902439024390243902
638,41.908194233670243902439024390243902
639,41.908194233670243902439024390243902
640,41.908194233670243902439024390243902
641,41.975865341183058103975535168195719
642,41.975865341183058103975535168195719
643,41.908194233670243902439024390243902
644,41.908194233670243902439024390243902
645,41.840451691171367781155015197568389
646,41.840451691171367781155015197568389
647,41.840451691171367781155015197568389
648,41.772636895575757575757575757575758
649,41.772636895575757575757575757575758
650,41.772636895575757575757575757575758
651,41.772636895575757575757575757575758
652,41.704749038659274924471299093655589
653,41.704749038659274924471299093655589
654,41.636787321935421686746987951807229
655,41.636787321935421686746987951807229
656,41.636787321935421686746987951807229
657,41.636787321935421686746987951807229
658,41.568750956509129129129129129129129
659,41.568750956509129129129129129129129
660,41.568750956509129129129129129129129
661,41.500639162933173652694610778443114
662,41.500639162933173652694610778443114
663,41.500639162933173652694610778443114
664,41.500639162933173652694610778443114
665,41.500639162933173652694610778443114
666,41.432451171067164179104477611940299
667,41.432451171067164179104477611940299
668,41.432451171067164179104477611940299
669,41.364186219939047619047619047619048
670,41.364186219939047619047619047619048
671,41.364186219939047619047619047619048
672,41.295843557609080118694362017804154
673,41.295843557609080118694362017804154
674,41.295843557609080118694362017804154
675,41.295843557609080118694362017804154
676,41.295843557609080118694362017804154
677,41.295843557609080118694362017804154
678,41.295843557609080118694362017804154
679,41.295843557609080118694362017804154
680,41.295843557609080118694362017804154
681,41.295843557609080118694362017804154
682,41.295843557609080118694362017804154
683,41.295843557609080118694362017804154
684,41.295843557609080118694362017804154
685,41.227422441036213017751479289940828
686,41.227422441036213017751479289940828
687,41.295843557609080118694362017804154
688,41.295843557609080118694362017804154
689,41.295843557609080118694362017804154
690,41.295843557609080118694362017804154
691,41.295843557609080118694362017804154
692,41.295843557609080118694362017804154
693,41.295843557609080118694362017804154
694,41.295843557609080118694362017804154
695,41.295843557609080118694362017804154
696,41.295843557609080118694362017804154
697,41.295843557609080118694362017804154
698,41.295843557609080118694362017804154
699,41.227422441036213017751479289940828
700,41.227422441036213017751479289940828
701,41.227422441036213017751479289940828
702,41.227422441036213017751479289940828
703,41.227422441036213017751479289940828
704,41.227422441036213017751479289940828
705,41.227422441036213017751479289940828
706,41.227422441036213017751479289940828
707,41.227422441036213017751479289940828
708,41.227422441036213017751479289940828
709,41.158922135946843657817109144542773
710,41.158922135946843657817109144542773
711,41.158922135946843657817109144542773
712,41.158922135946843657817109144542773
713,41.158922135946843657817109144542773
714,41.090341916705882352941176470588235
715,41.090341916705882352941176470588235
716,41.090341916705882352941176470588235
717,41.021681066190087976539589442815249
718,41.021681066190087976539589442815249
719,41.021681066190087976539589442815249
720,41.021681066190087976539589442815249
721,41.090341916705882352941176470588235
722,41.021681066190087976539589442815249
723,41.021681066190087976539589442815249
724,41.021681066190087976539589442815249
725,41.021681066190087976539589442815249
726,40.952938875663625730994152046783626
727,40.952938875663625730994152046783626
728,40.952938875663625730994152046783626
729,40.952938875663625730994152046783626
730,41.021681066190087976539589442815249
731,40.952938875663625730994152046783626
732,40.952938875663625730994152046783626
733,40.952938875663625730994152046783626
734,40.952938875663625730994152046783626
735,40.952938875663625730994152046783626
736,40.884114644655801749271137026239067
737,40.884114644655801749271137026239067
738,40.884114644655801749271137026239067
739,40.884114644655801749271137026239067
740,40.884114644655801749271137026239067
741,40.884114644655801749271137026239067
742,40.884114644655801749271137026239067
743,40.884114644655801749271137026239067
744,40.952938875663625730994152046783626
745,40.952938875663625730994152046783626
746,40.952938875663625730994152046783626
747,41.021681066190087976539589442815249
748,40.952938875663625730994152046783626
749,41.021681066190087976539589442815249
750,41.021681066190087976539589442815249
751,41.021681066190087976539589442815249
752,41.021681066190087976539589442815249
753,41.021681066190087976539589442815249
754,41.021681066190087976539589442815249
755,41.021681066190087976539589442815249
756,41.090341916705882352941176470588235
757,41.090341916705882352941176470588235
758,41.090341916705882352941176470588235
759,41.158922135946843657817109144542773
760,41.158922135946843657817109144542773
761,41.158922135946843657817109144542773
762,41.158922135946843657817109144542773
763,41.158922135946843657817109144542773
764,41.227422441036213017751479289940828
765,41.227422441036213017751479289940828
766,41.227422441036213017751479289940828
767,41.227422441036213017751479289940828
768,41.227422441036213017751479289940828
769,41.295843557609080118694362017804154
770,41.295843557609080118694362017804154
771,41.364186219939047619047619047619048
772,41.364186219939047619047619047619048
773,41.432451171067164179104477611940299
774,41.432451171067164179104477611940299
775,41.432451171067164179104477611940299
776,41.432451171067164179104477611940299
777,41.500639162933173652694610778443114
778,41.500639162933173652694610778443114
779,41.500639162933173652694610778443114
780,41.500639162933173652694610778443114
781,41.568750956509129129129129129129129
782,41.568750956509129129129129129129129
783,41.568750956509129129129129129129129
784,41.568750956509129129129129129129129
785,41.568750956509129129129129129129129
786,41.636787321935421686746987951807229
787,41.636787321935421686746987951807229
788,41.636787321935421686746987951807229
789,41.636787321935421686746987951807229
790,41.636787321935421686746987951807229
791,41.568750956509129129129129129129129
792,41.636787321935421686746987951807229
793,41.636787321935421686746987951807229
794,41.636787321935421686746987951807229
795,41.636787321935421686746987951807229
796,41.636787321935421686746987951807229
797,41.636787321935421686746987951807229
798,41.704749038659274924471299093655589
799,41.704749038659274924471299093655589
800,41.704749038659274924471299093655589
801,41.704749038659274924471299093655589
802,41.704749038659274924471299093655589
803,41.772636895575757575757575757575758
804,41.772636895575757575757575757575758
805,41.772636895575757575757575757575758
806,41.772636895575757575757575757575758
807,41.840451691171367781155015197568389
808,41.840451691171367781155015197568389
809,41.908194233670243902439024390243902
810,41.908194233670243902439024390243902
811,41.975865341183058103975535168195719
812,41.975865341183058103975535168195719
813,42.043465841858650306748466257668712
814,42.043465841858650306748466257668712
815,42.043465841858650306748466257668712
816,42.043465841858650306748466257668712
817,42.110996574038461538461538461538462
818,42.110996574038461538461538461538462
819,42.178458386413827160493827160493827
820,42.178458386413827160493827160493827
821,42.178458386413827160493827160493827
822,42.245852138186191950464396284829721
823,42.245852138186191950464396284829721
824,42.313178699230310559006211180124224
825,42.313178699230310559006211180124224
826,42.380438950260498442367601246105919
827,42.380438950260498442367601246105919
828,42.380438950260498442367601246105919
829,42.380438950260498442367601246105919
830,42.380438950260498442367601246105919
831,42.380438950260498442367601246105919
832,42.380438950260498442367601246105919
833,42.380438950260498442367601246105919
834,42.380438950260498442367601246105919
835,42.44763378300
836,42.44763378300
837,42.514764100353542319749216300940439
838,42.648834857487255520504731861198738
839,42.648834857487255520504731861198738
840,42.715777160583291139240506329113924
841,42.782658675293650793650793650793651
842,42.782658675293650793650793650793651
843,42.782658675293650793650793650793651
844,42.849480363135286624203821656050955
845,42.849480363135286624203821656050955
846,42.916243197912907348242811501597444
847,42.916243197912907348242811501597444
848,42.849480363135286624203821656050955
849,42.849480363135286624203821656050955
850,42.782658675293650793650793650793651
851,42.782658675293650793650793650793651
852,42.782658675293650793650793650793651
853,42.715777160583291139240506329113924
854,42.715777160583291139240506329113924
855,42.715777160583291139240506329113924
856,42.715777160583291139240506329113924
857,42.715777160583291139240506329113924
858,42.715777160583291139240506329113924
859,42.715777160583291139240506329113924
860,42.648834857487255520504731861198738
861,42.581830816583144654088050314465409
862,42.648834857487255520504731861198738
863,42.648834857487255520504731861198738
864,42.581830816583144654088050314465409
865,42.514764100353542319749216300940439
866,42.514764100353542319749216300940439
867,42.514764100353542319749216300940439
868,42.514764100353542319749216300940439
869,42.44763378300
870,42.44763378300
871,42.514764100353542319749216300940439
872,42.514764100353542319749216300940439
873,42.514764100353542319749216300940439
874,42.514764100353542319749216300940439
875,42.514764100353542319749216300940439
876,42.514764100353542319749216300940439
877,42.514764100353542319749216300940439
878,42.514764100353542319749216300940439
879,42.581830816583144654088050314465409
880,42.581830816583144654088050314465409
881,42.581830816583144654088050314465409
882,42.581830816583144654088050314465409
883,42.514764100353542319749216300940439
884,42.581830816583144654088050314465409
885,42.581830816583144654088050314465409
886,42.581830816583144654088050314465409
887,42.581830816583144654088050314465409
888,42.581830816583144654088050314465409
889,42.581830816583144654088050314465409
890,42.581830816583144654088050314465409
891,42.581830816583144654088050314465409
892,42.581830816583144654088050314465409
893,42.514764100353542319749216300940439
894,42.514764100353542319749216300940439
895,42.514764100353542319749216300940439
896,42.514764100353542319749216300940439
897,42.581830816583144654088050314465409
898,42.514764100353542319749216300940439
899,42.514764100353542319749216300940439
900,42.514764100353542319749216300940439
901,42.514764100353542319749216300940439
902,42.44763378300
903,42.44763378300
904,42.44763378300
905,42.380438950260498442367601246105919
906,42.380438950260498442367601246105919
907,42.380438950260498442367601246105919
908,42.380438950260498442367601246105919
909,42.380438950260498442367601246105919
910,42.313178699230310559006211180124224
911,42.313178699230310559006211180124224
912,42.313178699230310559006211180124224
913,42.313178699230310559006211180124224
914,42.313178699230310559006211180124224
915,42.313178699230310559006211180124224
916,42.313178699230310559006211180124224
917,42.313178699230310559006211180124224
918,42.245852138186191950464396284829721
919,42.245852138186191950464396284829721
920,42.245852138186191950464396284829721
921,42.245852138186191950464396284829721
922,42.245852138186191950464396284829721
923,42.245852138186191950464396284829721
924,42.245852138186191950464396284829721
925,42.245852138186191950464396284829721
926,42.178458386413827160493827160493827
927,42.178458386413827160493827160493827
928,42.245852138186191950464396284829721
929,42.245852138186191950464396284829721
930,42.245852138186191950464396284829721
931,42.313178699230310559006211180124224
932,42.245852138186191950464396284829721
933,42.245852138186191950464396284829721
934,42.245852138186191950464396284829721
935,42.245852138186191950464396284829721
936,42.245852138186191950464396284829721
937,42.178458386413827160493827160493827
938,42.178458386413827160493827160493827
939,42.178458386413827160493827160493827
940,42.110996574038461538461538461538462
941,42.110996574038461538461538461538462
942,42.110996574038461538461538461538462
943,42.110996574038461538461538461538462
944,42.110996574038461538461538461538462
945,42.110996574038461538461538461538462
946,42.043465841858650306748466257668712
947,42.043465841858650306748466257668712
948,41.975865341183058103975535168195719
949,41.975865341183058103975535168195719
950,41.975865341183058103975535168195719
951,41.975865341183058103975535168195719
952,41.975865341183058103975535168195719
953,42.043465841858650306748466257668712
954,42.043465841858650306748466257668712
955,42.043465841858650306748466257668712
956,42.043465841858650306748466257668712
957,42.043465841858650306748466257668712
958,42.043465841858650306748466257668712
959,42.043465841858650306748466257668712
960,42.043465841858650306748466257668712
961,42.043465841858650306748466257668712
962,42.043465841858650306748466257668712
963,42.043465841858650306748466257668712
964,42.043465841858650306748466257668712
965,42.043465841858650306748466257668712
966,42.043465841858650306748466257668712
967,42.043465841858650306748466257668712
968,42.043465841858650306748466257668712
969,42.043465841858650306748466257668712
970,42.043465841858650306748466257668712
971,42.043465841858650306748466257668712
972,42.043465841858650306748466257668712
973,42.110996574038461538461538461538462
974,42.110996574038461538461538461538462
975,42.110996574038461538461538461538462
976,42.110996574038461538461538461538462
977,42.043465841858650306748466257668712
978,42.043465841858650306748466257668712
979,42.043465841858650306748466257668712
980,42.110996574038461538461538461538462
981,42.043465841858650306748466257668712
982,42.043465841858650306748466257668712
983,42.043465841858650306748466257668712
984,42.043465841858650306748466257668712
985,42.110996574038461538461538461538462
986,42.110996574038461538461538461538462
987,42.110996574038461538461538461538462
988,42.110996574038461538461538461538462
989,42.110996574038461538461538461538462
990,42.110996574038461538461538461538462
991,42.110996574038461538461538461538462
992,42.110996574038461538461538461538462
993,42.110996574038461538461538461538462
994,42.110996574038461538461538461538462
995,42.110996574038461538461538461538462
996,42.178458386413827160493827160493827
997,42.245852138186191950464396284829721
998,42.245852138186191950464396284829721
999,42.245852138186191950464396284829721
1000,42.313178699230310559006211180124224
1001,42.380438950260498442367601246105919
1002,42.380438950260498442367601246105919
1003,42.44763378300
1004,42.44763378300
1005,42.380438950260498442367601246105919
1006,42.380438950260498442367601246105919
1007,42.44763378300
1008,42.44763378300
1009,42.380438950260498442367601246105919
1010,42.44763378300
1011,42.44763378300
1012,42.44763378300
1013,42.514764100353542319749216300940439
1014,42.514764100353542319749216300940439
1015,42.581830816583144654088050314465409
1016,42.581830816583144654088050314465409
1017,42.581830816583144654088050314465409
1018,42.581830816583144654088050314465409
1019,42.581830816583144654088050314465409
1020,42.514764100353542319749216300940439
1021,42.514764100353542319749216300940439
1022,42.44763378300
1023,42.44763378300
1024,42.44763378300
1025,42.44763378300
1026,42.44763378300
1027,42.44763378300
1028,42.44763378300
1029,42.44763378300
1030,42.44763378300
1031,42.514764100353542319749216300940439
1032,42.514764100353542319749216300940439
1033,42.514764100353542319749216300940439
1034,42.514764100353542319749216300940439
1035,42.581830816583144654088050314465409
1036,42.581830816583144654088050314465409
1037,42.581830816583144654088050314465409
1038,42.581830816583144654088050314465409
1039,42.581830816583144654088050314465409
1040,42.581830816583144654088050314465409
1041,42.648834857487255520504731861198738
1042,42.648834857487255520504731861198738
1043,42.648834857487255520504731861198738
1044,42.648834857487255520504731861198738
1045,42.648834857487255520504731861198738
1046,42.715777160583291139240506329113924
1047,42.715777160583291139240506329113924
1048,42.715777160583291139240506329113924
1049,42.782658675293650793650793650793651
1050,42.782658675293650793650793650793651
1051,42.849480363135286624203821656050955
1052,42.916243197912907348242811501597444
1053,42.849480363135286624203821656050955
1054,42.849480363135286624203821656050955
1055,42.916243197912907348242811501597444
1056,42.916243197912907348242811501597444
1057,42.916243197912907348242811501597444
1058,42.982948165915897435897435897435897
1059,42.916243197912907348242811501597444
1060,42.916243197912907348242811501597444
1061,42.982948165915897435897435897435897
1062,42.982948165915897435897435897435897
1063,42.982948165915897435897435897435897
1064,42.982948165915897435897435897435897
1065,42.982948165915897435897435897435897
1066,42.916243197912907348242811501597444
1067,42.982948165915897435897435897435897
1068,42.982948165915897435897435897435897
1069,42.982948165915897435897435897435897
1070,42.982948165915897435897435897435897
1071,42.982948165915897435897435897435897
1072,42.982948165915897435897435897435897
1073,42.982948165915897435897435897435897
1074,42.982948165915897435897435897435897
1075,42.982948165915897435897435897435897
1076,42.982948165915897435897435897435897
1077,42.982948165915897435897435897435897
1078,42.982948165915897435897435897435897
1079,42.982948165915897435897435897435897
1080,42.982948165915897435897435897435897
1081,42.982948165915897435897435897435897
1082,42.982948165915897435897435897435897
1083,42.916243197912907348242811501597444
1084,42.916243197912907348242811501597444
1085,42.916243197912907348242811501597444
1086,42.916243197912907348242811501597444
1087,42.916243197912907348242811501597444
1088,42.849480363135286624203821656050955
1089,42.782658675293650793650793650793651
1090,42.782658675293650793650793650793651
1091,42.782658675293650793650793650793651
1092,42.782658675293650793650793650793651
1093,42.782658675293650793650793650793651
1094,42.782658675293650793650793650793651
1095,42.782658675293650793650793650793651
1096,42.715777160583291139240506329113924
1097,42.782658675293650793650793650793651
1098,42.715777160583291139240506329113924
1099,42.715777160583291139240506329113924
1100,42.715777160583291139240506329113924
1101,42.715777160583291139240506329113924
1102,42.715777160583291139240506329113924
1103,42.715777160583291139240506329113924
1104,42.715777160583291139240506329113924
1105,42.715777160583291139240506329113924
1106,42.715777160583291139240506329113924
1107,42.648834857487255520504731861198738
1108,42.648834857487255520504731861198738
1109,42.648834857487255520504731861198738
1110,42.648834857487255520504731861198738
1111,42.648834857487255520504731861198738
1112,42.648834857487255520504731861198738
1113,42.648834857487255520504731861198738
1114,42.648834857487255520504731861198738
1115,42.648834857487255520504731861198738
1116,42.581830816583144654088050314465409
1117,42.581830816583144654088050314465409
1118,42.581830816583144654088050314465409
1119,42.581830816583144654088050314465409
1120,42.581830816583144654088050314465409
1121,42.581830816583144654088050314465409
1122,42.581830816583144654088050314465409
1123,42.581830816583144654088050314465409
1124,42.514764100353542319749216300940439
1125,42.514764100353542319749216300940439
1126,42.514764100353542319749216300940439
1127,42.514764100353542319749216300940439
1128,42.44763378300
1129,42.44763378300
1130,42.44763378300
1131,42.44763378300
1132,42.380438950260498442367601246105919
1133,42.380438950260498442367601246105919
1134,42.380438950260498442367601246105919
1135,42.313178699230310559006211180124224
1136,42.313178699230310559006211180124224
1137,42.313178699230310559006211180124224
1138,42.313178699230310559006211180124224
1139,42.313178699230310559006211180124224
1140,42.313178699230310559006211180124224
1141,42.313178699230310559006211180124224
1142,42.380438950260498442367601246105919
1143,42.380438950260498442367601246105919
1144,42.44763378300
1145,42.44763378300
1146,42.44763378300
1147,42.44763378300
1148,42.44763378300
1149,42.44763378300
1150,42.380438950260498442367601246105919
1151,42.380438950260498442367601246105919
1152,42.380438950260498442367601246105919
1153,42.380438950260498442367601246105919
1154,42.380438950260498442367601246105919
1155,42.380438950260498442367601246105919
1156,42.380438950260498442367601246105919
1157,42.380438950260498442367601246105919
1158,42.380438950260498442367601246105919
1159,42.380438950260498442367601246105919
1160,42.313178699230310559006211180124224
1161,42.313178699230310559006211180124224
1162,42.313178699230310559006211180124224
1163,42.245852138186191950464396284829721
1164,42.245852138186191950464396284829721
1165,42.245852138186191950464396284829721
1166,42.245852138186191950464396284829721
1167,42.245852138186191950464396284829721
1168,42.245852138186191950464396284829721
1169,42.178458386413827160493827160493827
1170,42.178458386413827160493827160493827
1171,42.178458386413827160493827160493827
1172,42.178458386413827160493827160493827
1173,42.178458386413827160493827160493827
1174,42.178458386413827160493827160493827
1175,42.178458386413827160493827160493827
1176,42.178458386413827160493827160493827
1177,42.178458386413827160493827160493827
1178,42.178458386413827160493827160493827
1179,42.178458386413827160493827160493827
1180,42.178458386413827160493827160493827
1181,42.178458386413827160493827160493827
1182,42.178458386413827160493827160493827
1183,42.178458386413827160493827160493827
1184,42.178458386413827160493827160493827
1185,42.178458386413827160493827160493827
1186,42.245852138186191950464396284829721
1187,42.245852138186191950464396284829721
1188,42.245852138186191950464396284829721
1189,42.245852138186191950464396284829721
1190,42.245852138186191950464396284829721
1191,42.313178699230310559006211180124224
1192,42.313178699230310559006211180124224
1193,42.313178699230310559006211180124224
1194,42.380438950260498442367601246105919
1195,42.380438950260498442367601246105919
1196,42.380438950260498442367601246105919
1197,42.44763378300
1198,42.44763378300
1199,42.44763378300
1200,42.514764100353542319749216300940439
1201,42.581830816583144654088050314465409
1202,42.581830816583144654088050314465409
1203,42.648834857487255520504731861198738
1204,42.648834857487255520504731861198738
1205,42.648834857487255520504731861198738
1206,42.648834857487255520504731861198738
1207,42.648834857487255520504731861198738
1208,42.648834857487255520504731861198738
1209,42.648834857487255520504731861198738
1210,42.648834857487255520504731861198738
1211,42.648834857487255520504731861198738
1212,42.648834857487255520504731861198738
1213,42.715777160583291139240506329113924
1214,42.715777160583291139240506329113924
1215,42.715777160583291139240506329113924
1216,42.715777160583291139240506329113924
1217,42.782658675293650793650793650793651
1218,42.782658675293650793650793650793651
1219,42.782658675293650793650793650793651
1220,42.782658675293650793650793650793651
1221,42.782658675293650793650793650793651
1222,42.849480363135286624203821656050955
1223,42.849480363135286624203821656050955
1224,42.916243197912907348242811501597444
1225,42.916243197912907348242811501597444
1226,42.982948165915897435897435897435897
1227,42.982948165915897435897435897435897
1228,42.982948165915897435897435897435897
1229,43.049596266119035369774919614147910
1230,43.049596266119035369774919614147910
1231,43.049596266119035369774919614147910
1232,43.049596266119035369774919614147910
1233,43.049596266119035369774919614147910
1234,43.049596266119035369774919614147910
1235,43.116188510387096774193548387096774
1236,43.116188510387096774193548387096774
1237,43.116188510387096774193548387096774
1238,43.116188510387096774193548387096774
1239,43.116188510387096774193548387096774
1240,43.182725923683430420711974110032362
1241,43.182725923683430420711974110032362
1242,43.182725923683430420711974110032362
1243,43.182725923683430420711974110032362
1244,43.249209544282597402597402597402597
1245,43.182725923683430420711974110032362
1246,43.182725923683430420711974110032362
1247,43.182725923683430420711974110032362
1248,43.182725923683430420711974110032362
1249,43.182725923683430420711974110032362
1250,43.182725923683430420711974110032362
1251,43.249209544282597402597402597402597
1252,43.249209544282597402597402597402597
1253,43.249209544282597402597402597402597
1254,43.249209544282597402597402597402597
1255,43.249209544282597402597402597402597
1256,43.249209544282597402597402597402597
1257,43.249209544282597402597402597402597
1258,43.249209544282597402597402597402597
1259,43.315640423987166123778501628664495
1260,43.315640423987166123778501628664495
1261,43.315640423987166123778501628664495
1262,43.315640423987166123778501628664495
1263,43.315640423987166123778501628664495
1264,43.382019628348758169934640522875817
1265,43.382019628348758169934640522875817
1266,43.382019628348758169934640522875817
1267,43.382019628348758169934640522875817
1268,43.382019628348758169934640522875817
1269,43.382019628348758169934640522875817
1270,43.448348236893442622950819672131148
1271,43.448348236893442622950819672131148
1272,43.448348236893442622950819672131148
1273,43.448348236893442622950819672131148
1274,43.448348236893442622950819672131148
1275,43.514627343351578947368421052631579
1276,43.514627343351578947368421052631579
1277,43.514627343351578947368421052631579
1278,43.514627343351578947368421052631579
1279,43.514627343351578947368421052631579
1280,43.514627343351578947368421052631579
1281,43.514627343351578947368421052631579
1282,43.514627343351578947368421052631579
1283,43.514627343351578947368421052631579
1284,43.580858055892211221122112211221122
1285,43.580858055892211221122112211221122
1286,43.580858055892211221122112211221122
1287,43.580858055892211221122112211221122
1288,43.580858055892211221122112211221122
1289,43.580858055892211221122112211221122
1290,43.580858055892211221122112211221122
1291,43.580858055892211221122112211221122
1292,43.580858055892211221122112211221122
1293,43.580858055892211221122112211221122
1294,43.580858055892211221122112211221122
1295,43.580858055892211221122112211221122
1296,43.580858055892211221122112211221122
1297,43.580858055892211221122112211221122
1298,43.580858055892211221122112211221122
1299,43.580858055892211221122112211221122
1300,43.580858055892211221122112211221122
1301,43.580858055892211221122112211221122
1302,43.580858055892211221122112211221122
1303,43.580858055892211221122112211221122
1304,43.580858055892211221122112211221122
1305,43.580858055892211221122112211221122
1306,43.647041497362119205298013245033113
1307,43.647041497362119205298013245033113
1308,43.647041497362119205298013245033113
1309,43.647041497362119205298013245033113
1310,43.580858055892211221122112211221122
1311,43.580858055892211221122112211221122
1312,43.514627343351578947368421052631579
1313,43.514627343351578947368421052631579
1314,43.514627343351578947368421052631579
1315,43.580858055892211221122112211221122
1316,43.514627343351578947368421052631579
1317,43.514627343351578947368421052631579
1318,43.448348236893442622950819672131148
1319,43.448348236893442622950819672131148
1320,43.448348236893442622950819672131148
1321,43.382019628348758169934640522875817
1322,43.382019628348758169934640522875817
1323,43.315640423987166123778501628664495
1324,43.315640423987166123778501628664495
1325,43.315640423987166123778501628664495
1326,43.315640423987166123778501628664495
1327,43.315640423987166123778501628664495
1328,43.249209544282597402597402597402597
1329,43.249209544282597402597402597402597
1330,43.249209544282597402597402597402597
1331,43.249209544282597402597402597402597
1332,43.249209544282597402597402597402597
1333,43.249209544282597402597402597402597
1334,43.182725923683430420711974110032362
1335,43.182725923683430420711974110032362
1336,43.182725923683430420711974110032362
1337,43.116188510387096774193548387096774
1338,43.116188510387096774193548387096774
1339,43.116188510387096774193548387096774
1340,43.182725923683430420711974110032362
1341,43.182725923683430420711974110032362
1342,43.182725923683430420711974110032362
1343,43.182725923683430420711974110032362
1344,43.116188510387096774193548387096774
1345,43.182725923683430420711974110032362
1346,43.116188510387096774193548387096774
1347,43.116188510387096774193548387096774
1348,43.116188510387096774193548387096774
1349,43.116188510387096774193548387096774
1350,43.116188510387096774193548387096774
1351,43.182725923683430420711974110032362
1352,43.182725923683430420711974110032362
1353,43.182725923683430420711974110032362
1354,43.182725923683430420711974110032362
1355,43.182725923683430420711974110032362
1356,43.249209544282597402597402597402597
1357,43.249209544282597402597402597402597
1358,43.315640423987166123778501628664495
1359,43.315640423987166123778501628664495
1360,43.315640423987166123778501628664495
1361,43.315640423987166123778501628664495
1362,43.315640423987166123778501628664495
1363,43.382019628348758169934640522875817
1364,43.382019628348758169934640522875817
1365,43.448348236893442622950819672131148
1366,43.448348236893442622950819672131148
1367,43.580858055892211221122112211221122
1368,43.580858055892211221122112211221122
1369,43.580858055892211221122112211221122
1370,43.580858055892211221122112211221122
1371,43.514627343351578947368421052631579
1372,43.514627343351578947368421052631579
1373,43.514627343351578947368421052631579
1374,43.514627343351578947368421052631579
1375,43.514627343351578947368421052631579
1376,43.448348236893442622950819672131148
1377,43.448348236893442622950819672131148
1378,43.448348236893442622950819672131148
1379,43.382019628348758169934640522875817
1380,43.382019628348758169934640522875817
1381,43.315640423987166123778501628664495
1382,43.315640423987166123778501628664495
1383,43.249209544282597402597402597402597
1384,43.249209544282597402597402597402597
1385,43.182725923683430420711974110032362
1386,43.182725923683430420711974110032362
1387,43.116188510387096774193548387096774
1388,43.116188510387096774193548387096774
1389,43.049596266119035369774919614147910
1390,42.982948165915897435897435897435897
1391,42.982948165915897435897435897435897
1392,42.982948165915897435897435897435897
1393,42.916243197912907348242811501597444
1394,42.916243197912907348242811501597444
1395,42.849480363135286624203821656050955
1396,42.849480363135286624203821656050955
1397,42.782658675293650793650793650793651
1398,42.782658675293650793650793650793651
1399,42.715777160583291139240506329113924
1400,42.715777160583291139240506329113924
1401,42.715777160583291139240506329113924
1402,42.581830816583144654088050314465409
1403,42.581830816583144654088050314465409
1404,42.581830816583144654088050314465409
1405,42.514764100353542319749216300940439
1406,42.514764100353542319749216300940439
1407,42.514764100353542319749216300940439
1408,42.514764100353542319749216300940439
1409,42.581830816583144654088050314465409
1410,42.581830816583144654088050314465409
1411,42.514764100353542319749216300940439
1412,42.514764100353542319749216300940439
1413,42.581830816583144654088050314465409
1414,42.581830816583144654088050314465409
1415,42.581830816583144654088050314465409
1416,42.581830816583144654088050314465409
1417,42.581830816583144654088050314465409
1418,42.514764100353542319749216300940439
1419,42.514764100353542319749216300940439
1420,42.514764100353542319749216300940439
1421,42.514764100353542319749216300940439
1422,42.44763378300
1423,42.44763378300
1424,42.44763378300
1425,42.44763378300
1426,42.44763378300
1427,42.44763378300
1428,42.44763378300
1429,42.44763378300
1430,42.44763378300
1431,42.44763378300
1432,42.44763378300
1433,42.44763378300
1434,42.44763378300
1435,42.44763378300
1436,42.44763378300
1437,42.514764100353542319749216300940439
1438,42.514764100353542319749216300940439
1439,42.44763378300
1440,42.44763378300
1441,42.44763378300
1442,42.380438950260498442367601246105919
1443,42.380438950260498442367601246105919
1444,42.313178699230310559006211180124224
1445,42.380438950260498442367601246105919
1446,42.313178699230310559006211180124224
1447,42.313178699230310559006211180124224
1448,42.313178699230310559006211180124224
1449,42.313178699230310559006211180124224
1450,42.313178699230310559006211180124224
1451,42.313178699230310559006211180124224
1452,42.245852138186191950464396284829721
1453,42.178458386413827160493827160493827
1454,42.178458386413827160493827160493827
1455,42.245852138186191950464396284829721
1456,42.178458386413827160493827160493827
1457,42.178458386413827160493827160493827
1458,42.178458386413827160493827160493827
1459,42.178458386413827160493827160493827
1460,42.245852138186191950464396284829721
1461,42.178458386413827160493827160493827
1462,42.245852138186191950464396284829721
1463,42.245852138186191950464396284829721
1464,42.245852138186191950464396284829721
1465,42.245852138186191950464396284829721
1466,42.245852138186191950464396284829721
1467,42.245852138186191950464396284829721
1468,42.245852138186191950464396284829721
1469,42.178458386413827160493827160493827
1470,42.245852138186191950464396284829721
1471,42.245852138186191950464396284829721
1472,42.245852138186191950464396284829721
1473,42.245852138186191950464396284829721
1474,42.245852138186191950464396284829721
1475,42.245852138186191950464396284829721
1476,42.245852138186191950464396284829721
1477,42.245852138186191950464396284829721
1478,42.245852138186191950464396284829721
1479,42.245852138186191950464396284829721
1480,42.245852138186191950464396284829721
1481,42.245852138186191950464396284829721
1482,42.245852138186191950464396284829721
1483,42.245852138186191950464396284829721
1484,42.245852138186191950464396284829721
1485,42.245852138186191950464396284829721
1486,42.245852138186191950464396284829721
1487,42.178458386413827160493827160493827
1488,42.178458386413827160493827160493827
1489,42.178458386413827160493827160493827
1490,42.178458386413827160493827160493827
1491,42.178458386413827160493827160493827
1492,42.178458386413827160493827160493827
1493,42.178458386413827160493827160493827
1494,42.110996574038461538461538461538462
1495,42.110996574038461538461538461538462
1496,42.043465841858650306748466257668712
1497,42.043465841858650306748466257668712
1498,41.975865341183058103975535168195719
1499,41.908194233670243902439024390243902
1500,41.908194233670243902439024390243902
1501,41.908194233670243902439024390243902
1502,41.840451691171367781155015197568389
1503,41.840451691171367781155015197568389
1504,41.840451691171367781155015197568389
1505,41.772636895575757575757575757575758
1506,41.772636895575757575757575757575758
1507,41.772636895575757575757575757575758
1508,41.704749038659274924471299093655589
1509,41.704749038659274924471299093655589
1510,41.704749038659274924471299093655589
1511,41.704749038659274924471299093655589
