time,latitude,longitude,light,external,altitude,pedometer
"Jul 27 2009 18:00:23",,,828.09,31.3683,60000,1
"Jul 27 2009 18:00:25",,,688.68,31.3683,60000,0
"Jul 27 2009 18:00:26",,,695.60,31.3683,60000,2
"Jul 27 2009 18:00:28",,,701.10,31.3683,60000,2
"Jul 27 2009 18:00:29",,,720.13,31.48075,60000,3
"Jul 27 2009 18:00:31",,,737.48,31.93055,60000,2
"Jul 27 2009 18:00:32",,,737.48,32.2679,60000,2
"Jul 27 2009 18:00:34",,,729.51,32.38035,60000,2
"Jul 27 2009 18:00:35",,,736.16,32.4928,60000,2
"Jul 27 2009 18:00:37",,,728.18,32.60525,60000,3
"Jul 27 2009 18:00:38",,,733.51,32.7177,60000,2
"Jul 27 2009 18:00:40",,,732.18,32.60525,60000,0
"Jul 27 2009 18:00:40",,,722.82,32.7177,60000,2
"Jul 27 2009 18:00:42",,,712.02,32.7177,60000,1
"Jul 27 2009 18:00:43",,,702.47,32.7177,60000,0
"Jul 27 2009 18:00:45",,,703.84,32.7177,60000,4
"Jul 27 2009 18:00:46",,,707.94,32.60525,60000,1
"Jul 27 2009 18:00:48",,,718.78,32.7177,60000,0
"Jul 27 2009 18:00:49",,,717.43,32.7177,60000,0
"Jul 27 2009 18:00:51",,,705.21,32.60525,60000,1
"Jul 27 2009 18:00:52",,,707.94,32.60525,60000,2
"Jul 27 2009 18:00:54",,,707.94,32.60525,60000,0
"Jul 27 2009 18:00:55",,,709.30,32.60525,60000,0
"Jul 27 2009 18:00:57",,,702.47,32.60525,60000,0
"Jul 27 2009 18:00:57",,,706.57,32.60525,60000,0
"Jul 27 2009 18:00:00",,,706.57,32.60525,60000,0
"Jul 27 2009 18:00:00",,,706.57,32.7177,60000,0
"Jul 27 2009 18:00:02",,,707.94,32.60525,60000,0
"Jul 27 2009 18:00:03",,,721.48,32.60525,60000,0
"Jul 27 2009 18:00:05",,,703.84,32.60525,60000,4
"Jul 27 2009 18:00:06",,,703.84,32.60525,60000,2
"Jul 27 2009 18:00:08",,,702.47,32.4928,60000,0
"Jul 27 2009 18:00:09",,,709.30,32.4928,60000,0
"Jul 27 2009 18:00:11",,,703.84,32.4928,60000,0
"Jul 27 2009 18:00:12",,,720.13,32.4928,60000,0
"Jul 27 2009 18:00:14",,,706.57,32.60525,60000,0
"Jul 27 2009 18:00:15",,,722.82,32.4928,60000,0
"Jul 27 2009 18:00:17",,,703.84,32.4928,60000,0
"Jul 27 2009 18:00:18",,,709.30,32.4928,60000,0
"Jul 27 2009 18:00:20",,,705.21,32.4928,60000,0
"Jul 27 2009 18:00:20",,,705.21,32.60525,60000,0
"Jul 27 2009 18:00:22",,,705.21,32.60525,60000,0
"Jul 27 2009 18:00:23",,,702.47,32.7177,60000,0
"Jul 27 2009 18:00:25",,,717.43,32.60525,60000,0
"Jul 27 2009 18:00:26",,,705.21,32.7177,60000,0
"Jul 27 2009 18:00:28",,,705.21,32.7177,60000,0
"Jul 27 2009 18:00:29",,,705.21,32.7177,60000,0
"Jul 27 2009 18:00:31",,,703.84,32.83015,60000,0
"Jul 27 2009 18:00:32",,,707.94,32.9426,60000,0
"Jul 27 2009 18:00:34",,,699.73,33.05505,60000,0
"Jul 27 2009 18:00:35",,,709.30,33.05505,60000,0
"Jul 27 2009 18:00:37",,,710.66,33.05505,60000,0
"Jul 27 2009 18:00:38",,,702.47,32.9426,60000,0
"Jul 27 2009 18:00:40",,,705.21,32.9426,60000,0
"Jul 27 2009 18:00:40",,,703.84,32.83015,60000,0
"Jul 27 2009 18:00:43",,,702.47,32.83015,60000,0
"Jul 27 2009 18:00:43",,,718.78,32.83015,60000,0
"Jul 27 2009 18:00:45",,,707.94,32.83015,60000,0
"Jul 27 2009 18:00:46",,,702.47,32.83015,60000,0
"Jul 27 2009 18:00:48",,,718.78,32.83015,60000,0
"Jul 27 2009 18:00:49",,,702.47,32.83015,60000,0
"Jul 27 2009 18:00:51",,,716.08,32.7177,60000,0
"Jul 27 2009 18:00:52",,,701.10,32.83015,60000,0
"Jul 27 2009 18:00:54",,,716.08,32.9426,60000,0
"Jul 27 2009 18:00:55",,,706.57,32.9426,60000,0
"Jul 27 2009 18:00:57",,,716.08,32.9426,60000,0
"Jul 27 2009 18:00:57",,,705.21,33.05505,60000,0
"Jul 27 2009 18:04:00",,,696.98,33.05505,60000,0
"Jul 27 2009 18:04:00",,,706.57,33.1675,60000,0
"Jul 27 2009 18:04:02",,,702.47,33.1675,60000,0
"Jul 27 2009 18:04:03",,,706.57,33.1675,60000,0
"Jul 27 2009 18:04:05",,,699.73,33.1675,60000,0
"Jul 27 2009 18:04:06",,,705.21,33.1675,60000,0
"Jul 27 2009 18:04:08",,,701.10,33.1675,60000,0
"Jul 27 2009 18:04:09",,,713.37,33.1675,60000,1
"Jul 27 2009 18:04:11",,,714.73,33.1675,60000,2
"Jul 27 2009 18:04:12",,,701.10,33.05505,60000,2
"Jul 27 2009 18:04:14",,,709.30,32.83015,60000,0
"Jul 27 2009 18:04:15",,,699.73,32.7177,60000,1
"Jul 27 2009 18:04:17",,,702.47,32.60525,60000,3
"Jul 27 2009 18:04:17",,,706.57,32.60525,60000,0
"Jul 27 2009 18:04:20",,,709.30,32.38035,60000,1
"Jul 27 2009 18:04:20",,,728.18,32.2679,60000,0
"Jul 27 2009 18:04:22",,,722.82,32.38035,60000,1
"Jul 27 2009 18:04:23",,,706.57,32.38035,60000,3
"Jul 27 2009 18:04:25",,,709.30,32.38035,60000,2
"Jul 27 2009 18:04:26",,,703.84,32.38035,60000,1
"Jul 27 2009 18:04:28",,,706.57,32.38035,60000,0
"Jul 27 2009 18:04:29",,,716.08,32.38035,60000,0
"Jul 27 2009 18:04:31",,,705.21,32.4928,60000,0
"Jul 27 2009 18:04:32",,,706.57,32.4928,60000,2
"Jul 27 2009 18:04:34",,,705.21,32.4928,60000,2
"Jul 27 2009 18:04:35",,,706.57,32.4928,60000,3
"Jul 27 2009 18:04:37",,,706.57,32.4928,60000,2
"Jul 27 2009 18:04:38",,,703.84,32.38035,60000,2
"Jul 27 2009 18:04:40",,,706.57,32.38035,60000,3
"Jul 27 2009 18:04:40",,,703.84,32.38035,60000,2
"Jul 27 2009 18:04:42",,,703.84,32.38035,60000,3
"Jul 27 2009 18:04:43",,,706.57,32.38035,60000,2
"Jul 27 2009 18:04:45",,,705.21,32.38035,60000,2
"Jul 27 2009 18:04:46",,,702.47,32.38035,60000,2
"Jul 27 2009 18:04:48",,,707.94,32.38035,60000,2
"Jul 27 2009 18:04:49",,,706.57,32.38035,60000,2
"Jul 27 2009 18:04:51",,,703.84,32.2679,60000,3
"Jul 27 2009 18:04:52",,,707.94,32.2679,60000,2
"Jul 27 2009 18:04:54",,,717.43,32.2679,60000,2
"Jul 27 2009 18:04:55",,,720.13,32.2679,60000,1
"Jul 27 2009 18:04:57",,,709.30,32.2679,60000,0
"Jul 27 2009 18:04:58",,,705.21,32.2679,60000,3
"Jul 27 2009 18:04:00",,,701.10,32.38035,60000,3
"Jul 27 2009 18:04:00",,,720.13,32.4928,60000,3
"Jul 27 2009 18:04:03",,,709.30,32.4928,60000,2
"Jul 27 2009 18:04:03",,,702.47,32.4928,60000,4
"Jul 27 2009 18:04:05",,,706.57,32.4928,60000,2
"Jul 27 2009 18:04:06",,,706.57,32.60525,60000,3
"Jul 27 2009 18:04:08",,,709.30,32.60525,60000,3
"Jul 27 2009 18:04:09",,,709.30,32.7177,60000,3
"Jul 27 2009 18:04:11",,,703.84,32.60525,60000,3
"Jul 27 2009 18:04:12",,,709.30,32.4928,60000,2
"Jul 27 2009 18:04:14",,,702.47,32.38035,60000,3
"Jul 27 2009 18:04:15",,,703.84,32.38035,60000,1
"Jul 27 2009 18:04:17",,,707.94,32.38035,60000,0
"Jul 27 2009 18:04:18",,,705.21,32.4928,60000,0
"Jul 27 2009 18:04:20",,,710.66,32.4928,60000,0
"Jul 27 2009 18:04:20",,,710.66,32.38035,60000,0
"Jul 27 2009 18:04:22",,,699.73,32.4928,60000,2
"Jul 27 2009 18:04:23",,,707.94,32.4928,60000,0
"Jul 27 2009 18:04:25",,,706.57,32.4928,60000,0
"Jul 27 2009 18:04:26",,,702.47,32.4928,60000,0
"Jul 27 2009 18:04:28",,,706.57,32.4928,60000,0
"Jul 27 2009 18:04:29",,,702.47,32.60525,60000,3
"Jul 27 2009 18:04:31",,,705.21,32.4928,60000,2
"Jul 27 2009 18:04:32",,,702.47,32.38035,60000,3
"Jul 27 2009 18:04:34",,,703.84,32.2679,60000,2
"Jul 27 2009 18:04:35",,,720.13,32.15545,60000,3
"Jul 27 2009 18:04:37",,,706.57,32.0430,60000,2
"Jul 27 2009 18:04:38",,,720.13,31.93055,60000,2
"Jul 27 2009 18:04:40",,,720.13,31.93055,60000,2
"Jul 27 2009 18:04:40",,,721.48,32.0430,60000,2
"Jul 27 2009 18:04:42",,,713.37,32.15545,60000,3
"Jul 27 2009 18:04:43",,,705.21,32.2679,60000,4
"Jul 27 2009 18:04:45",,,709.30,32.4928,60000,2
"Jul 27 2009 18:04:46",,,709.30,32.4928,60000,2
"Jul 27 2009 18:04:48",,,710.66,32.60525,60000,0
"Jul 27 2009 18:04:49",,,712.02,32.4928,60000,0
"Jul 27 2009 18:04:51",,,712.02,32.4928,60000,0
"Jul 27 2009 18:04:52",,,730.85,32.60525,60000,0
"Jul 27 2009 18:04:54",,,712.02,32.60525,60000,0
"Jul 27 2009 18:04:55",,,718.78,32.60525,60000,1
"Jul 27 2009 18:04:57",,,718.78,32.60525,60000,1
"Jul 27 2009 18:04:57",,,721.48,32.7177,60000,1
"Jul 27 2009 18:04:00",,,720.13,32.60525,60000,2
"Jul 27 2009 18:04:00",,,721.48,32.60525,60000,1
"Jul 27 2009 18:04:02",,,718.78,32.4928,60000,3
"Jul 27 2009 18:04:03",,,718.78,32.60525,60000,2
"Jul 27 2009 18:04:05",,,717.43,32.60525,60000,3
"Jul 27 2009 18:04:06",,,717.43,32.7177,60000,0
"Jul 27 2009 18:04:08",,,733.51,32.83015,60000,0
"Jul 27 2009 18:04:09",,,716.08,32.9426,60000,1
"Jul 27 2009 18:04:11",,,733.51,33.05505,60000,2
"Jul 27 2009 18:04:12",,,720.13,33.05505,60000,2
"Jul 27 2009 18:04:14",,,696.98,33.05505,60000,2
"Jul 27 2009 18:04:15",,,690.07,33.05505,60000,2
"Jul 27 2009 18:04:17",,,681.72,32.9426,60000,0
"Jul 27 2009 18:04:18",,,737.48,32.9426,60000,0
"Jul 27 2009 18:04:20",,,62.16,32.83015,60000,0
"Jul 27 2009 18:04:20",,,116.72,32.7177,60000,2
"Jul 27 2009 18:04:22",,,96.66,32.60525,60000,2
"Jul 27 2009 18:04:23",,,104.71,32.4928,60000,1
"Jul 27 2009 18:04:25",,,114.72,32.38035,60000,2
"Jul 27 2009 18:04:26",,,114.72,32.2679,60000,2
"Jul 27 2009 18:04:28",,,134.61,32.2679,60000,2
"Jul 27 2009 18:04:29",,,84.55,32.15545,60000,2
"Jul 27 2009 18:04:31",,,35.42,32.15545,60000,2
"Jul 27 2009 18:04:32",,,51.91,32.0430,60000,1
"Jul 27 2009 18:04:34",,,58.07,32.0430,60000,0
"Jul 27 2009 18:04:35",,,49.86,31.93055,60000,0
"Jul 27 2009 18:04:37",,,66.25,31.93055,60000,2
"Jul 27 2009 18:04:38",,,70.33,31.93055,60000,4
"Jul 27 2009 18:04:40",,,78.46,31.8181,60000,0
"Jul 27 2009 18:04:40",,,64.20,31.8181,60000,0
"Jul 27 2009 18:04:42",,,68.29,31.70565,60000,2
"Jul 27 2009 18:04:43",,,39.56,31.70565,60000,1
"Jul 27 2009 18:04:45",,,41.62,31.70565,60000,0
"Jul 27 2009 18:04:46",,,120.71,31.5932,60000,2
"Jul 27 2009 18:04:48",,,114.72,31.5932,60000,2
"Jul 27 2009 18:04:49",,,114.72,31.5932,60000,1
"Jul 27 2009 18:04:51",,,130.65,31.48075,60000,3
"Jul 27 2009 18:04:52",,,78.46,31.48075,60000,2
"Jul 27 2009 18:04:54",,,86.57,31.3683,60000,2
"Jul 27 2009 18:04:55",,,92.63,31.3683,60000,1
"Jul 27 2009 18:04:57",,,78.46,31.25585,60000,2
"Jul 27 2009 18:04:58",,,78.46,31.25585,60000,1
"Jul 27 2009 18:04:00",,,96.66,31.25585,60000,3
"Jul 27 2009 18:04:00",,,70.33,31.1434,60000,2
"Jul 27 2009 18:04:03",,,68.29,31.1434,60000,2
"Jul 27 2009 18:04:03",,,68.29,31.1434,60000,1
"Jul 27 2009 18:04:05",,,53.97,31.1434,60000,1
"Jul 27 2009 18:04:06",,,33.35,31.03095,60000,2
"Jul 27 2009 18:04:08",,,14.65,31.03095,60000,1
"Jul 27 2009 18:04:09",,,6.29,30.9185,60000,3
"Jul 27 2009 18:04:11",,,4.19,30.9185,60000,3
"Jul 27 2009 18:04:12",,,2.10,30.80605,60000,3
"Jul 27 2009 18:04:14",,,8.38,30.80605,60000,2
"Jul 27 2009 18:04:15",,,12.56,30.6936,60000,4
"Jul 27 2009 18:04:17",,,22.98,30.6936,60000,2
"Jul 27 2009 18:04:18",,,22.98,30.6936,60000,3
"Jul 27 2009 18:04:20",,,47.80,30.58115,60000,3
"Jul 27 2009 18:04:20",,,68.29,30.58115,60000,2
"Jul 27 2009 18:04:23",,,84.55,30.58115,60000,3
"Jul 27 2009 18:04:23",,,86.57,30.58115,60000,2
"Jul 27 2009 18:04:25",,,106.71,30.58115,60000,3
"Jul 27 2009 18:04:26",,,128.66,30.4687,60000,2
"Jul 27 2009 18:04:28",,,166.07,30.4687,60000,2
"Jul 27 2009 18:04:29",,,120.71,30.4687,60000,4
"Jul 27 2009 18:04:31",,,128.66,30.4687,60000,3
"Jul 27 2009 18:04:32",,,148.43,30.4687,60000,3
"Jul 27 2009 18:04:34",,,126.68,30.4687,60000,1
"Jul 27 2009 18:04:35",,,116.72,30.4687,60000,0
"Jul 27 2009 18:04:37",,,136.59,30.4687,60000,0
"Jul 27 2009 18:04:38",,,283.59,30.4687,60000,0
"Jul 27 2009 18:04:40",,,173.86,30.58115,60000,0
"Jul 27 2009 18:04:40",,,158.25,30.58115,60000,0
"Jul 27 2009 18:04:43",,,152.36,30.58115,60000,0
"Jul 27 2009 18:04:43",,,193.21,30.58115,60000,0
"Jul 27 2009 18:04:45",,,218.10,30.58115,60000,0
"Jul 27 2009 18:04:46",,,122.70,30.6936,60000,1
"Jul 27 2009 18:04:48",,,158.25,30.6936,60000,2
"Jul 27 2009 18:04:49",,,175.80,30.6936,60000,1
"Jul 27 2009 18:04:51",,,202.82,30.6936,60000,0
"Jul 27 2009 18:04:52",,,197.06,30.6936,60000,0
"Jul 27 2009 18:04:54",,,227.59,30.6936,60000,0
"Jul 27 2009 18:04:55",,,220.00,30.6936,60000,0
"Jul 27 2009 18:04:57",,,114.72,30.80605,60000,0
"Jul 27 2009 18:04:58",,,158.25,30.80605,60000,0
"Jul 27 2009 18:08:00",,,175.80,30.80605,60000,0
"Jul 27 2009 18:08:01",,,175.80,30.80605,60000,1
"Jul 27 2009 18:08:03",,,173.86,30.80605,60000,0
"Jul 27 2009 18:08:03",,,187.42,30.9185,60000,0
"Jul 27 2009 18:08:06",,,214.29,30.9185,60000,0
"Jul 27 2009 18:08:06",,,114.72,30.9185,60000,0
"Jul 27 2009 18:08:08",,,146.46,30.9185,60000,0
"Jul 27 2009 18:08:09",,,150.40,30.9185,60000,0
"Jul 27 2009 18:08:11",,,124.69,31.03095,60000,0
"Jul 27 2009 18:08:12",,,183.56,31.03095,60000,0
"Jul 27 2009 18:08:14",,,150.40,31.03095,60000,0
"Jul 27 2009 18:08:15",,,138.57,31.03095,60000,0
"Jul 27 2009 18:08:17",,,154.33,31.03095,60000,0
"Jul 27 2009 18:08:18",,,126.68,31.1434,60000,0
"Jul 27 2009 18:08:20",,,130.65,31.1434,60000,0
"Jul 27 2009 18:08:21",,,128.66,31.25585,60000,0
"Jul 27 2009 18:08:23",,,185.49,31.25585,60000,0
"Jul 27 2009 18:08:24",,,142.52,31.25585,60000,1
"Jul 27 2009 18:08:26",,,102.70,31.1434,60000,1
"Jul 27 2009 18:08:26",,,98.68,31.1434,60000,4
"Jul 27 2009 18:08:28",,,94.65,31.1434,60000,2
"Jul 27 2009 18:08:29",,,82.52,31.1434,60000,3
"Jul 27 2009 18:08:31",,,70.33,31.1434,60000,3
"Jul 27 2009 18:08:32",,,41.62,31.1434,60000,2
"Jul 27 2009 18:08:34",,,39.56,31.03095,60000,2
"Jul 27 2009 18:08:35",,,39.56,31.03095,60000,2
"Jul 27 2009 18:08:37",,,82.52,31.03095,60000,2
"Jul 27 2009 18:08:38",,,193.21,31.03095,60000,2
"Jul 27 2009 18:08:40",,,223.80,31.03095,60000,2
"Jul 27 2009 18:08:41",,,272.52,31.1434,60000,1
"Jul 27 2009 18:08:43",,,272.52,31.1434,60000,1
"Jul 27 2009 18:08:44",,,274.37,31.1434,60000,0
"Jul 27 2009 18:08:46",,,266.96,31.1434,60000,0
"Jul 27 2009 18:08:46",,,352.21,31.1434,60000,0
"Jul 27 2009 18:08:49",,,332.61,31.25585,60000,2
"Jul 27 2009 18:08:49",,,316.42,31.25585,60000,2
"Jul 27 2009 18:08:51",,,128.66,31.25585,60000,2
"Jul 27 2009 18:08:52",,,126.68,31.1434,60000,3
"Jul 27 2009 18:08:54",,,179.68,31.1434,60000,3
"Jul 27 2009 18:08:55",,,210.47,31.1434,60000,2
"Jul 27 2009 18:08:57",,,191.28,31.1434,60000,3
"Jul 27 2009 18:08:58",,,187.42,31.1434,60000,2
"Jul 27 2009 18:08:00",,,198.98,31.1434,60000,2
"Jul 27 2009 18:08:01",,,263.25,31.1434,60000,2
"Jul 27 2009 18:08:03",,,183.56,31.1434,60000,1
"Jul 27 2009 18:08:04",,,252.06,31.1434,60000,2
"Jul 27 2009 18:08:06",,,138.57,31.1434,60000,2
"Jul 27 2009 18:08:06",,,268.82,31.1434,60000,3
"Jul 27 2009 18:08:09",,,191.28,31.1434,60000,4
"Jul 27 2009 18:08:09",,,152.36,31.1434,60000,3
"Jul 27 2009 18:08:11",,,195.13,31.1434,60000,2
"Jul 27 2009 18:08:12",,,189.35,31.1434,60000,2
"Jul 27 2009 18:08:14",,,181.62,31.03095,60000,3
"Jul 27 2009 18:08:15",,,218.10,31.03095,60000,3
"Jul 27 2009 18:08:17",,,278.07,31.03095,60000,2
"Jul 27 2009 18:08:18",,,362.80,31.03095,60000,1
"Jul 27 2009 18:08:20",,,501.12,31.03095,60000,3
"Jul 27 2009 18:08:21",,,703.84,31.1434,60000,3
"Jul 27 2009 18:08:23",,,639.00,31.1434,60000,2
"Jul 27 2009 18:08:24",,,705.21,31.3683,60000,2
"Jul 27 2009 18:08:26",,,713.37,31.70565,60000,2
"Jul 27 2009 18:08:26",,,712.02,32.15545,60000,0
"Jul 27 2009 18:08:29",,,716.08,32.38035,60000,0
"Jul 27 2009 18:08:29",,,701.10,32.60525,60000,2
"Jul 27 2009 18:08:31",,,705.21,32.60525,60000,1
"Jul 27 2009 18:08:32",,,707.94,32.60525,60000,2
"Jul 27 2009 18:08:34",,,702.47,32.83015,60000,3
"Jul 27 2009 18:08:35",,,707.94,33.1675,60000,2
"Jul 27 2009 18:08:37",,,709.30,33.27995,60000,3
"Jul 27 2009 18:08:38",,,706.57,33.3924,60000,2
"Jul 27 2009 18:08:40",,,718.78,33.50485,60000,3
"Jul 27 2009 18:08:41",,,713.37,33.6173,60000,3
"Jul 27 2009 18:08:43",,,710.66,33.72975,60000,3
"Jul 27 2009 18:08:44",,,706.57,33.6173,60000,1
"Jul 27 2009 18:08:46",,,705.21,33.72975,60000,1
"Jul 27 2009 18:08:46",,,706.57,33.72975,60000,1
"Jul 27 2009 18:08:49",,,705.21,33.72975,60000,0
"Jul 27 2009 18:08:49",,,699.73,33.72975,60000,3
"Jul 27 2009 18:08:51",,,696.98,33.72975,60000,3
"Jul 27 2009 18:08:52",,,696.98,33.50485,60000,3
"Jul 27 2009 18:08:54",,,696.98,33.50485,60000,3
"Jul 27 2009 18:08:55",,,701.10,33.50485,60000,3
"Jul 27 2009 18:08:57",,,698.35,33.50485,60000,3
"Jul 27 2009 18:08:58",,,695.60,33.3924,60000,2
"Jul 27 2009 18:08:00",,,699.73,33.27995,60000,2
"Jul 27 2009 18:08:01",,,703.84,33.3924,60000,2
"Jul 27 2009 18:08:03",,,706.57,33.3924,60000,1
"Jul 27 2009 18:08:04",,,702.47,33.50485,60000,2
"Jul 27 2009 18:08:06",,,707.94,33.72975,60000,1
"Jul 27 2009 18:08:06",,,710.66,33.72975,60000,3
"Jul 27 2009 18:08:09",,,707.94,33.8422,60000,3
"Jul 27 2009 18:08:09",,,710.66,33.8422,60000,2
"Jul 27 2009 18:08:11",,,709.30,33.95465,60000,2
"Jul 27 2009 18:08:12",,,707.94,34.0671,60000,3
"Jul 27 2009 18:08:14",,,709.30,34.0671,60000,4
"Jul 27 2009 18:08:15",,,709.30,34.17955,60000,3
"Jul 27 2009 18:08:17",,,707.94,34.17955,60000,4
"Jul 27 2009 18:08:18",,,710.66,34.2920,60000,2
"Jul 27 2009 18:08:20",,,707.94,34.17955,60000,3
"Jul 27 2009 18:08:21",,,709.30,34.2920,60000,2
"Jul 27 2009 18:08:23",,,709.30,34.2920,60000,2
"Jul 27 2009 18:08:24",,,710.66,34.2920,60000,3
"Jul 27 2009 18:08:26",,,709.30,34.40445,60000,3
"Jul 27 2009 18:08:26",,,707.94,34.40445,60000,1
"Jul 27 2009 18:08:29",,,710.66,34.40445,60000,2
"Jul 27 2009 18:08:29",,,703.84,34.40445,60000,3
"Jul 27 2009 18:08:31",,,706.57,34.40445,60000,3
"Jul 27 2009 18:08:32",,,714.73,34.40445,60000,2
"Jul 27 2009 18:08:34",,,709.30,34.40445,60000,3
"Jul 27 2009 18:08:35",,,710.66,34.40445,60000,2
"Jul 27 2009 18:08:37",,,703.84,34.40445,60000,3
"Jul 27 2009 18:08:38",,,705.21,34.40445,60000,3
"Jul 27 2009 18:08:40",,,705.21,34.5169,60000,4
"Jul 27 2009 18:08:41",,,705.21,34.62935,60000,3
"Jul 27 2009 18:08:43",,,706.57,34.62935,60000,2
"Jul 27 2009 18:08:44",,,705.21,34.62935,60000,3
"Jul 27 2009 18:08:46",,,706.57,34.62935,60000,3
"Jul 27 2009 18:08:46",,,707.94,34.62935,60000,2
"Jul 27 2009 18:08:48",,,706.57,34.85425,60000,4
"Jul 27 2009 18:08:49",,,709.30,34.85425,60000,2
"Jul 27 2009 18:08:51",,,707.94,34.85425,60000,3
"Jul 27 2009 18:08:52",,,707.94,34.85425,60000,3
"Jul 27 2009 18:08:54",,,707.94,34.9667,60000,2
"Jul 27 2009 18:08:55",,,706.57,35.07915,60000,2
"Jul 27 2009 18:08:57",,,709.30,35.07915,60000,3
"Jul 27 2009 18:08:58",,,707.94,35.1916,60000,2
"Jul 27 2009 18:08:00",,,707.94,35.30405,60000,3
"Jul 27 2009 18:08:01",,,710.66,35.30405,60000,2
"Jul 27 2009 18:08:03",,,712.02,35.4165,60000,3
"Jul 27 2009 18:08:03",,,712.02,35.52895,60000,3
"Jul 27 2009 18:08:06",,,712.02,35.6414,60000,4
"Jul 27 2009 18:08:06",,,710.66,35.6414,60000,3
"Jul 27 2009 18:08:08",,,707.94,35.6414,60000,2
"Jul 27 2009 18:08:09",,,714.73,35.6414,60000,4
"Jul 27 2009 18:08:11",,,709.30,35.75385,60000,2
"Jul 27 2009 18:08:12",,,709.30,35.97875,60000,3
"Jul 27 2009 18:08:14",,,707.94,36.0912,60000,3
"Jul 27 2009 18:08:15",,,710.66,36.3161,60000,2
"Jul 27 2009 18:08:17",,,709.30,36.42855,60000,4
"Jul 27 2009 18:08:18",,,709.30,36.65345,60000,2
"Jul 27 2009 18:08:20",,,712.02,36.7659,60000,3
"Jul 27 2009 18:08:21",,,710.66,36.87835,60000,2
"Jul 27 2009 18:08:23",,,713.37,37.10325,60000,0
"Jul 27 2009 18:08:23",,,710.66,37.2157,60000,0
"Jul 27 2009 18:08:26",,,712.02,37.32815,60000,1
"Jul 27 2009 18:08:26",,,710.66,37.4406,60000,2
"Jul 27 2009 18:08:28",,,712.02,37.32815,60000,2
"Jul 27 2009 18:08:29",,,710.66,37.32815,60000,2
"Jul 27 2009 18:08:31",,,712.02,37.32815,60000,2
"Jul 27 2009 18:08:32",,,706.57,37.32815,60000,2
"Jul 27 2009 18:08:34",,,710.66,37.32815,60000,2
"Jul 27 2009 18:08:35",,,709.30,37.32815,60000,3
"Jul 27 2009 18:08:37",,,709.30,37.32815,60000,2
"Jul 27 2009 18:08:38",,,710.66,37.2157,60000,3
"Jul 27 2009 18:08:40",,,709.30,37.10325,60000,2
"Jul 27 2009 18:08:41",,,714.73,36.9908,60000,3
"Jul 27 2009 18:08:43",,,709.30,36.9908,60000,4
"Jul 27 2009 18:08:43",,,712.02,36.87835,60000,2
"Jul 27 2009 18:08:45",,,714.73,36.65345,60000,1
"Jul 27 2009 18:08:46",,,710.66,36.5410,60000,0
"Jul 27 2009 18:08:48",,,710.66,36.42855,60000,3
"Jul 27 2009 18:08:49",,,709.30,36.3161,60000,3
"Jul 27 2009 18:08:51",,,709.30,36.20365,60000,1
"Jul 27 2009 18:08:52",,,712.02,36.20365,60000,2
"Jul 27 2009 18:08:54",,,710.66,36.0912,60000,2
"Jul 27 2009 18:08:55",,,712.02,35.97875,60000,4
"Jul 27 2009 18:08:57",,,710.66,35.8663,60000,2
"Jul 27 2009 18:08:58",,,713.37,35.75385,60000,3
"Jul 27 2009 18:12:00",,,709.30,35.6414,60000,4
"Jul 27 2009 18:12:01",,,712.02,35.52895,60000,4
"Jul 27 2009 18:12:03",,,710.66,35.30405,60000,3
"Jul 27 2009 18:12:03",,,713.37,35.1916,60000,2
"Jul 27 2009 18:12:06",,,710.66,35.1916,60000,3
"Jul 27 2009 18:12:06",,,712.02,35.07915,60000,3
"Jul 27 2009 18:12:08",,,710.66,35.1916,60000,2
"Jul 27 2009 18:12:09",,,710.66,35.07915,60000,2
"Jul 27 2009 18:12:11",,,713.37,35.07915,60000,3
"Jul 27 2009 18:12:12",,,713.37,35.07915,60000,3
"Jul 27 2009 18:12:14",,,713.37,35.07915,60000,2
"Jul 27 2009 18:12:15",,,710.66,35.07915,60000,0
"Jul 27 2009 18:12:17",,,713.37,35.07915,60000,4
"Jul 27 2009 18:12:18",,,712.02,35.07915,60000,2
"Jul 27 2009 18:12:20",,,712.02,34.9667,60000,3
"Jul 27 2009 18:12:21",,,714.73,34.85425,60000,3
"Jul 27 2009 18:12:23",,,714.73,34.7418,60000,2
"Jul 27 2009 18:12:23",,,712.02,34.7418,60000,4
"Jul 27 2009 18:12:26",,,710.66,34.62935,60000,2
"Jul 27 2009 18:12:26",,,712.02,34.62935,60000,3
"Jul 27 2009 18:12:28",,,712.02,34.5169,60000,0
"Jul 27 2009 18:12:29",,,710.66,34.5169,60000,2
"Jul 27 2009 18:12:31",,,712.02,34.40445,60000,0
"Jul 27 2009 18:12:32",,,710.66,34.40445,60000,0
"Jul 27 2009 18:12:34",,,709.30,34.2920,60000,4
"Jul 27 2009 18:12:35",,,709.30,34.17955,60000,2
"Jul 27 2009 18:12:37",,,710.66,34.17955,60000,3
"Jul 27 2009 18:12:38",,,718.78,34.0671,60000,2
"Jul 27 2009 18:12:40",,,714.73,34.17955,60000,2
"Jul 27 2009 18:12:41",,,714.73,34.17955,60000,1
"Jul 27 2009 18:12:43",,,713.37,34.17955,60000,3
"Jul 27 2009 18:12:43",,,713.37,34.0671,60000,3
"Jul 27 2009 18:12:45",,,712.02,34.0671,60000,3
"Jul 27 2009 18:12:46",,,712.02,34.0671,60000,3
"Jul 27 2009 18:12:48",,,712.02,34.0671,60000,2
"Jul 27 2009 18:12:49",,,710.66,34.0671,60000,3
"Jul 27 2009 18:12:51",,,712.02,34.0671,60000,2
"Jul 27 2009 18:12:52",,,710.66,34.17955,60000,2
"Jul 27 2009 18:12:54",,,712.02,34.17955,60000,2
"Jul 27 2009 18:12:55",,,709.30,34.17955,60000,3
"Jul 27 2009 18:12:57",,,713.37,34.2920,60000,2
"Jul 27 2009 18:12:58",,,710.66,34.2920,60000,3
"Jul 27 2009 18:12:00",,,712.02,34.40445,60000,2
"Jul 27 2009 18:12:01",,,712.02,34.40445,60000,3
"Jul 27 2009 18:12:03",,,712.02,34.2920,60000,2
"Jul 27 2009 18:12:03",,,709.30,34.17955,60000,3
"Jul 27 2009 18:12:05",,,710.66,34.17955,60000,2
"Jul 27 2009 18:12:06",,,707.94,34.17955,60000,2
"Jul 27 2009 18:12:08",,,707.94,34.17955,60000,3
"Jul 27 2009 18:12:09",,,709.30,34.0671,60000,2
"Jul 27 2009 18:12:11",,,709.30,34.17955,60000,3
"Jul 27 2009 18:12:12",,,712.02,34.17955,60000,1
"Jul 27 2009 18:12:14",,,712.02,34.2920,60000,3
"Jul 27 2009 18:12:15",,,710.66,34.2920,60000,2
"Jul 27 2009 18:12:17",,,710.66,34.40445,60000,3
"Jul 27 2009 18:12:18",,,709.30,34.40445,60000,2
"Jul 27 2009 18:12:20",,,709.30,34.40445,60000,3
"Jul 27 2009 18:12:20",,,709.30,34.40445,60000,3
"Jul 27 2009 18:12:23",,,710.66,34.40445,60000,2
"Jul 27 2009 18:12:23",,,709.30,34.40445,60000,3
"Jul 27 2009 18:12:25",,,706.57,34.2920,60000,2
"Jul 27 2009 18:12:26",,,710.66,34.2920,60000,2
"Jul 27 2009 18:12:28",,,710.66,34.17955,60000,4
"Jul 27 2009 18:12:29",,,709.30,34.17955,60000,3
"Jul 27 2009 18:12:31",,,712.02,34.17955,60000,3
"Jul 27 2009 18:12:32",,,712.02,34.2920,60000,3
"Jul 27 2009 18:12:34",,,710.66,34.40445,60000,2
"Jul 27 2009 18:12:35",,,712.02,34.5169,60000,3
"Jul 27 2009 18:12:37",,,712.02,34.62935,60000,2
"Jul 27 2009 18:12:38",,,710.66,34.62935,60000,2
"Jul 27 2009 18:12:40",,,712.02,34.40445,60000,3
"Jul 27 2009 18:12:40",,,714.73,34.40445,60000,3
"Jul 27 2009 18:12:42",,,710.66,34.2920,60000,3
"Jul 27 2009 18:12:43",,,712.02,34.17955,60000,2
"Jul 27 2009 18:12:45",,,713.37,34.17955,60000,3
"Jul 27 2009 18:12:46",,,710.66,34.0671,60000,2
"Jul 27 2009 18:12:48",,,712.02,34.17955,60000,2
"Jul 27 2009 18:12:49",,,713.37,34.17955,60000,4
"Jul 27 2009 18:12:51",,,712.02,34.17955,60000,0
"Jul 27 2009 18:12:52",,,712.02,34.2920,60000,0
"Jul 27 2009 18:12:54",,,712.02,34.40445,60000,0
"Jul 27 2009 18:12:55",,,710.66,34.5169,60000,0
"Jul 27 2009 18:12:57",,,713.37,34.5169,60000,3
"Jul 27 2009 18:12:57",,,713.37,34.62935,60000,3
"Jul 27 2009 18:12:00",,,713.37,34.62935,60000,4
"Jul 27 2009 18:12:00",,,712.02,34.85425,60000,2
"Jul 27 2009 18:12:02",,,710.66,34.9667,60000,3
"Jul 27 2009 18:12:03",,,709.30,34.85425,60000,1
"Jul 27 2009 18:12:05",,,712.02,34.85425,60000,2
"Jul 27 2009 18:12:06",,,705.21,34.85425,60000,2
"Jul 27 2009 18:12:08",,,705.21,34.85425,60000,3
"Jul 27 2009 18:12:09",,,710.66,34.85425,60000,3
"Jul 27 2009 18:12:11",,,709.30,34.9667,60000,3
"Jul 27 2009 18:12:12",,,707.94,34.9667,60000,0
"Jul 27 2009 18:12:14",,,707.94,35.07915,60000,2
"Jul 27 2009 18:12:14",,,705.21,35.07915,60000,3
"Jul 27 2009 18:12:17",,,709.30,35.1916,60000,3
"Jul 27 2009 18:12:17",,,709.30,35.30405,60000,3
"Jul 27 2009 18:12:19",,,710.66,35.30405,60000,2
"Jul 27 2009 18:12:20",,,707.94,35.4165,60000,4
"Jul 27 2009 18:12:22",,,710.66,35.52895,60000,3
"Jul 27 2009 18:12:23",,,705.21,35.52895,60000,4
"Jul 27 2009 18:12:25",,,712.02,35.75385,60000,3
"Jul 27 2009 18:12:26",,,712.02,35.75385,60000,3
"Jul 27 2009 18:12:28",,,710.66,35.8663,60000,3
"Jul 27 2009 18:12:29",,,712.02,35.8663,60000,2
"Jul 27 2009 18:12:31",,,710.66,36.0912,60000,3
"Jul 27 2009 18:12:31",,,709.30,36.0912,60000,0
"Jul 27 2009 18:12:34",,,712.02,36.0912,60000,0
"Jul 27 2009 18:12:34",,,709.30,36.0912,60000,0
"Jul 27 2009 18:12:36",,,710.66,36.0912,60000,3
"Jul 27 2009 18:12:37",,,709.30,36.0912,60000,4
"Jul 27 2009 18:12:39",,,710.66,36.0912,60000,3
"Jul 27 2009 18:12:40",,,710.66,36.0912,60000,3
"Jul 27 2009 18:12:42",,,712.02,36.0912,60000,2
"Jul 27 2009 18:12:43",,,713.37,35.97875,60000,0
"Jul 27 2009 18:12:45",,,710.66,35.97875,60000,2
"Jul 27 2009 18:12:46",,,709.30,35.8663,60000,3
"Jul 27 2009 18:12:48",,,712.02,35.97875,60000,2
"Jul 27 2009 18:12:49",,,710.66,35.97875,60000,3
"Jul 27 2009 18:12:51",,,710.66,36.0912,60000,2
"Jul 27 2009 18:12:51",,,709.30,36.0912,60000,4
"Jul 27 2009 18:12:54",,,709.30,36.0912,60000,4
"Jul 27 2009 18:12:54",,,710.66,36.0912,60000,3
"Jul 27 2009 18:12:56",,,709.30,36.0912,60000,3
"Jul 27 2009 18:12:57",,,710.66,35.97875,60000,2
"Jul 27 2009 18:12:59",,,710.66,35.75385,60000,4
"Jul 27 2009 18:12:00",,,710.66,35.75385,60000,2
"Jul 27 2009 18:12:02",,,713.37,35.8663,60000,3
"Jul 27 2009 18:12:03",,,710.66,35.8663,60000,3
"Jul 27 2009 18:12:05",,,713.37,35.8663,60000,3
"Jul 27 2009 18:12:06",,,713.37,35.75385,60000,4
"Jul 27 2009 18:12:08",,,710.66,35.6414,60000,2
"Jul 27 2009 18:12:08",,,714.73,35.6414,60000,5
"Jul 27 2009 18:12:10",,,712.02,35.52895,60000,3
"Jul 27 2009 18:12:11",,,709.30,35.52895,60000,2
"Jul 27 2009 18:12:13",,,712.02,35.6414,60000,3
"Jul 27 2009 18:12:14",,,706.57,35.6414,60000,3
"Jul 27 2009 18:12:16",,,709.30,35.52895,60000,3
"Jul 27 2009 18:12:17",,,707.94,35.52895,60000,3
"Jul 27 2009 18:12:19",,,709.30,35.52895,60000,3
"Jul 27 2009 18:12:20",,,709.30,35.52895,60000,4
"Jul 27 2009 18:12:22",,,712.02,35.6414,60000,4
"Jul 27 2009 18:12:23",,,712.02,35.75385,60000,3
"Jul 27 2009 18:12:25",,,709.30,35.75385,60000,3
"Jul 27 2009 18:12:25",,,712.02,35.75385,60000,2
"Jul 27 2009 18:12:27",,,712.02,35.8663,60000,3
"Jul 27 2009 18:12:28",,,707.94,35.8663,60000,3
"Jul 27 2009 18:12:30",,,709.30,35.8663,60000,3
"Jul 27 2009 18:12:31",,,710.66,35.97875,60000,2
"Jul 27 2009 18:12:33",,,709.30,36.0912,60000,4
"Jul 27 2009 18:12:34",,,707.94,36.0912,60000,1
"Jul 27 2009 18:12:36",,,710.66,36.0912,60000,0
"Jul 27 2009 18:12:37",,,712.02,36.0912,60000,1
"Jul 27 2009 18:12:39",,,709.30,36.0912,60000,3
"Jul 27 2009 18:12:40",,,712.02,36.0912,60000,3
"Jul 27 2009 18:12:42",,,713.37,35.97875,60000,3
"Jul 27 2009 18:12:42",,,714.73,35.75385,60000,3
"Jul 27 2009 18:12:45",,,713.37,35.75385,60000,3
"Jul 27 2009 18:12:45",,,710.66,35.75385,60000,2
"Jul 27 2009 18:12:47",,,712.02,35.8663,60000,2
"Jul 27 2009 18:12:48",,,712.02,35.97875,60000,0
"Jul 27 2009 18:12:50",,,709.30,36.0912,60000,0
"Jul 27 2009 18:12:51",,,710.66,36.20365,60000,3
"Jul 27 2009 18:12:53",,,713.37,36.3161,60000,3
"Jul 27 2009 18:12:54",,,710.66,36.42855,60000,3
"Jul 27 2009 18:12:56",,,709.30,36.42855,60000,3
"Jul 27 2009 18:12:57",,,712.02,36.42855,60000,1
"Jul 27 2009 18:12:59",,,707.94,36.5410,60000,0
"Jul 27 2009 18:16:00",,,707.94,36.5410,60000,0
"Jul 27 2009 18:16:02",,,713.37,36.65345,60000,0
"Jul 27 2009 18:16:02",,,709.30,36.65345,60000,0
"Jul 27 2009 18:16:04",,,709.30,36.7659,60000,1
"Jul 27 2009 18:16:05",,,716.08,36.9908,60000,3
"Jul 27 2009 18:16:07",,,710.66,37.10325,60000,3
"Jul 27 2009 18:16:08",,,710.66,37.2157,60000,2
"Jul 27 2009 18:16:10",,,713.37,37.2157,60000,3
"Jul 27 2009 18:16:11",,,710.66,37.32815,60000,3
"Jul 27 2009 18:16:13",,,709.30,37.4406,60000,3
"Jul 27 2009 18:16:14",,,713.37,37.4406,60000,2
"Jul 27 2009 18:16:16",,,710.66,37.4406,60000,3
"Jul 27 2009 18:16:17",,,712.02,37.55305,60000,2
"Jul 27 2009 18:16:19",,,713.37,37.6655,60000,3
"Jul 27 2009 18:16:20",,,713.37,37.6655,60000,1
"Jul 27 2009 18:16:22",,,710.66,37.77795,60000,3
"Jul 27 2009 18:16:22",,,712.02,37.6655,60000,2
"Jul 27 2009 18:16:24",,,710.66,37.77795,60000,3
"Jul 27 2009 18:16:25",,,712.02,37.77795,60000,2
"Jul 27 2009 18:16:27",,,709.30,37.77795,60000,3
"Jul 27 2009 18:16:28",,,712.02,37.77795,60000,2
"Jul 27 2009 18:16:30",,,709.30,37.77795,60000,3
"Jul 27 2009 18:16:31",,,709.30,37.6655,60000,2
"Jul 27 2009 18:16:33",,,726.84,37.55305,60000,4
"Jul 27 2009 18:16:34",,,707.94,37.4406,60000,2
"Jul 27 2009 18:16:36",,,706.57,37.32815,60000,1
"Jul 27 2009 18:16:37",,,702.47,37.2157,60000,0
"Jul 27 2009 18:16:39",,,706.57,37.2157,60000,0
"Jul 27 2009 18:16:39",,,703.84,37.10325,60000,0
"Jul 27 2009 18:16:41",,,720.13,37.10325,60000,1
"Jul 27 2009 18:16:42",,,718.78,36.9908,60000,0
"Jul 27 2009 18:16:44",,,709.30,36.87835,60000,3
"Jul 27 2009 18:16:45",,,714.73,36.87835,60000,2
"Jul 27 2009 18:16:47",,,712.02,36.5410,60000,5
"Jul 27 2009 18:16:48",,,732.18,36.3161,60000,1
"Jul 27 2009 18:16:50",,,721.48,36.3161,60000,3
"Jul 27 2009 18:16:51",,,720.13,36.3161,60000,2
"Jul 27 2009 18:16:53",,,710.66,36.20365,60000,3
"Jul 27 2009 18:16:54",,,702.47,35.8663,60000,3
"Jul 27 2009 18:16:56",,,703.84,35.8663,60000,2
"Jul 27 2009 18:16:57",,,712.02,35.75385,60000,5
"Jul 27 2009 18:16:59",,,721.48,35.75385,60000,3
"Jul 27 2009 18:16:59",,,724.16,35.6414,60000,0
"Jul 27 2009 18:16:01",,,714.73,35.6414,60000,0
"Jul 27 2009 18:16:02",,,714.73,35.6414,60000,0
"Jul 27 2009 18:16:04",,,712.02,35.6414,60000,0
"Jul 27 2009 18:16:05",,,732.18,35.52895,60000,2
"Jul 27 2009 18:16:07",,,706.57,35.52895,60000,3
"Jul 27 2009 18:16:08",,,699.73,35.52895,60000,2
"Jul 27 2009 18:16:10",,,702.47,35.52895,60000,2
"Jul 27 2009 18:16:11",,,709.30,35.52895,60000,3
"Jul 27 2009 18:16:13",,,717.43,35.4165,60000,2
"Jul 27 2009 18:16:14",,,705.21,35.4165,60000,4
"Jul 27 2009 18:16:16",,,712.02,35.4165,60000,4
"Jul 27 2009 18:16:16",,,710.66,35.4165,60000,5
"Jul 27 2009 18:16:18",,,713.37,35.4165,60000,4
"Jul 27 2009 18:16:19",,,714.73,35.30405,60000,0
"Jul 27 2009 18:16:21",,,714.73,35.30405,60000,1
"Jul 27 2009 18:16:22",,,709.30,35.1916,60000,4
"Jul 27 2009 18:16:24",,,702.47,35.1916,60000,3
"Jul 27 2009 18:16:25",,,698.35,35.1916,60000,3
"Jul 27 2009 18:16:27",,,713.37,35.07915,60000,1
"Jul 27 2009 18:16:28",,,701.10,34.9667,60000,2
"Jul 27 2009 18:16:30",,,720.13,34.85425,60000,1
"Jul 27 2009 18:16:31",,,721.48,34.7418,60000,2
"Jul 27 2009 18:16:33",,,694.22,34.7418,60000,0
"Jul 27 2009 18:16:33",,,720.13,34.62935,60000,1
"Jul 27 2009 18:16:35",,,710.66,34.5169,60000,3
"Jul 27 2009 18:16:36",,,712.02,34.40445,60000,2
"Jul 27 2009 18:16:38",,,714.73,34.40445,60000,3
"Jul 27 2009 18:16:39",,,713.37,34.2920,60000,0
"Jul 27 2009 18:16:41",,,712.02,34.2920,60000,0
"Jul 27 2009 18:16:42",,,718.78,34.17955,60000,1
"Jul 27 2009 18:16:44",,,712.02,34.0671,60000,2
"Jul 27 2009 18:16:45",,,713.37,34.0671,60000,0
"Jul 27 2009 18:16:47",,,720.13,34.0671,60000,0
"Jul 27 2009 18:16:47",,,712.02,34.17955,60000,0
"Jul 27 2009 18:16:49",,,714.73,34.0671,60000,0
"Jul 27 2009 18:16:50",,,720.13,33.95465,60000,0
"Jul 27 2009 18:16:52",,,713.37,33.8422,60000,0
"Jul 27 2009 18:16:53",,,712.02,33.8422,60000,0
"Jul 27 2009 18:16:55",,,714.73,33.72975,60000,0
"Jul 27 2009 18:16:56",,,717.43,33.6173,60000,1
"Jul 27 2009 18:16:58",,,712.02,33.6173,60000,3
"Jul 27 2009 18:16:59",,,712.02,33.6173,60000,2
"Jul 27 2009 18:16:01",,,717.43,33.50485,60000,2
"Jul 27 2009 18:16:01",,,713.37,33.50485,60000,0
"Jul 27 2009 18:16:03",,,713.37,33.3924,60000,0
"Jul 27 2009 18:16:04",,,714.73,33.3924,60000,0
"Jul 27 2009 18:16:06",,,718.78,33.3924,60000,0
"Jul 27 2009 18:16:07",,,713.37,33.27995,60000,0
"Jul 27 2009 18:16:09",,,714.73,33.27995,60000,0
"Jul 27 2009 18:16:10",,,717.43,33.27995,60000,0
"Jul 27 2009 18:16:12",,,713.37,33.27995,60000,0
"Jul 27 2009 18:16:13",,,713.37,33.27995,60000,0
"Jul 27 2009 18:16:15",,,716.08,33.27995,60000,0
"Jul 27 2009 18:16:16",,,716.08,33.3924,60000,0
"Jul 27 2009 18:16:18",,,714.73,33.3924,60000,0
"Jul 27 2009 18:16:18",,,717.43,33.3924,60000,0
"Jul 27 2009 18:16:20",,,714.73,33.3924,60000,0
"Jul 27 2009 18:16:21",,,714.73,33.3924,60000,0
"Jul 27 2009 18:16:23",,,720.13,33.3924,60000,0
"Jul 27 2009 18:16:24",,,713.37,33.3924,60000,1
"Jul 27 2009 18:16:26",,,714.73,33.27995,60000,1
"Jul 27 2009 18:16:27",,,717.43,33.27995,60000,0
"Jul 27 2009 18:16:29",,,716.08,33.27995,60000,0
"Jul 27 2009 18:16:30",,,713.37,33.27995,60000,0
"Jul 27 2009 18:16:32",,,713.37,33.27995,60000,0
"Jul 27 2009 18:16:32",,,717.43,33.27995,60000,0
"Jul 27 2009 18:16:34",,,712.02,33.27995,60000,0
"Jul 27 2009 18:16:35",,,712.02,33.3924,60000,0
"Jul 27 2009 18:16:37",,,716.08,33.50485,60000,0
"Jul 27 2009 18:16:38",,,712.02,33.6173,60000,0
"Jul 27 2009 18:16:40",,,712.02,33.6173,60000,0
"Jul 27 2009 18:16:41",,,714.73,33.6173,60000,0
"Jul 27 2009 18:16:43",,,712.02,33.50485,60000,0
"Jul 27 2009 18:16:44",,,712.02,33.50485,60000,0
"Jul 27 2009 18:16:46",,,716.08,33.50485,60000,0
"Jul 27 2009 18:16:47",,,713.37,33.50485,60000,0
"Jul 27 2009 18:16:49",,,712.02,33.50485,60000,0
"Jul 27 2009 18:16:49",,,713.37,33.6173,60000,0
"Jul 27 2009 18:16:51",,,720.13,33.72975,60000,0
"Jul 27 2009 18:16:52",,,710.66,33.8422,60000,0
"Jul 27 2009 18:16:54",,,713.37,33.95465,60000,0
"Jul 27 2009 18:16:55",,,718.78,34.0671,60000,0
"Jul 27 2009 18:16:57",,,713.37,34.17955,60000,0
"Jul 27 2009 18:16:58",,,712.02,34.17955,60000,0
"Jul 27 2009 18:16:00",,,717.43,34.2920,60000,0
"Jul 27 2009 18:16:01",,,713.37,34.2920,60000,0
"Jul 27 2009 18:16:03",,,712.02,34.40445,60000,0
"Jul 27 2009 18:16:03",,,714.73,34.2920,60000,0
"Jul 27 2009 18:16:06",,,716.08,34.2920,60000,0
"Jul 27 2009 18:16:06",,,713.37,34.2920,60000,0
"Jul 27 2009 18:16:08",,,712.02,34.2920,60000,0
"Jul 27 2009 18:16:09",,,714.73,34.40445,60000,0
"Jul 27 2009 18:16:11",,,717.43,34.40445,60000,0
"Jul 27 2009 18:16:12",,,713.37,34.5169,60000,0
"Jul 27 2009 18:16:14",,,716.08,34.62935,60000,0
"Jul 27 2009 18:16:15",,,714.73,34.7418,60000,0
"Jul 27 2009 18:16:17",,,713.37,34.85425,60000,0
"Jul 27 2009 18:16:18",,,714.73,34.9667,60000,0
"Jul 27 2009 18:16:20",,,718.78,35.07915,60000,0
"Jul 27 2009 18:16:20",,,714.73,35.1916,60000,0
"Jul 27 2009 18:16:22",,,714.73,35.1916,60000,0
"Jul 27 2009 18:16:23",,,716.08,35.30405,60000,0
"Jul 27 2009 18:16:25",,,713.37,35.1916,60000,0
"Jul 27 2009 18:16:26",,,713.37,35.1916,60000,0
"Jul 27 2009 18:16:28",,,720.13,35.07915,60000,0
"Jul 27 2009 18:16:29",,,713.37,35.07915,60000,0
"Jul 27 2009 18:16:31",,,713.37,34.9667,60000,0
"Jul 27 2009 18:16:32",,,713.37,34.9667,60000,0
"Jul 27 2009 18:16:34",,,717.43,35.07915,60000,0
"Jul 27 2009 18:16:35",,,718.78,35.07915,60000,0
"Jul 27 2009 18:16:37",,,714.73,35.07915,60000,0
"Jul 27 2009 18:16:37",,,714.73,35.1916,60000,0
"Jul 27 2009 18:16:39",,,716.08,35.1916,60000,0
"Jul 27 2009 18:16:40",,,720.13,35.07915,60000,0
"Jul 27 2009 18:16:42",,,714.73,35.07915,60000,0
"Jul 27 2009 18:16:43",,,714.73,35.1916,60000,0
"Jul 27 2009 18:16:45",,,716.08,35.1916,60000,0
"Jul 27 2009 18:16:46",,,718.78,35.1916,60000,0
"Jul 27 2009 18:16:48",,,714.73,34.9667,60000,0
"Jul 27 2009 18:16:49",,,714.73,34.9667,60000,0
"Jul 27 2009 18:16:51",,,716.08,34.9667,60000,0
"Jul 27 2009 18:16:51",,,714.73,34.9667,60000,0
"Jul 27 2009 18:16:54",,,714.73,34.9667,60000,0
"Jul 27 2009 18:16:54",,,718.78,34.9667,60000,0
"Jul 27 2009 18:16:56",,,713.37,34.85425,60000,0
"Jul 27 2009 18:16:57",,,714.73,34.85425,60000,0
"Jul 27 2009 18:16:59",,,717.43,34.7418,60000,0
"Jul 27 2009 18:20:00",,,716.08,34.7418,60000,0
"Jul 27 2009 18:20:02",,,714.73,34.62935,60000,0
"Jul 27 2009 18:20:03",,,716.08,34.5169,60000,0
"Jul 27 2009 18:20:05",,,717.43,34.5169,60000,0
"Jul 27 2009 18:20:06",,,714.73,34.5169,60000,0
"Jul 27 2009 18:20:08",,,716.08,34.5169,60000,0
"Jul 27 2009 18:20:09",,,714.73,34.5169,60000,0
"Jul 27 2009 18:20:11",,,713.37,34.62935,60000,0
"Jul 27 2009 18:20:11",,,716.08,34.7418,60000,0
"Jul 27 2009 18:20:13",,,718.78,34.62935,60000,0
"Jul 27 2009 18:20:14",,,713.37,34.7418,60000,0
"Jul 27 2009 18:20:16",,,714.73,34.85425,60000,0
"Jul 27 2009 18:20:17",,,718.78,34.85425,60000,0
"Jul 27 2009 18:20:19",,,713.37,34.9667,60000,0
"Jul 27 2009 18:20:20",,,713.37,35.1916,60000,0
"Jul 27 2009 18:20:22",,,718.78,35.1916,60000,0
"Jul 27 2009 18:20:23",,,713.37,35.07915,60000,0
"Jul 27 2009 18:20:25",,,714.73,34.9667,60000,0
"Jul 27 2009 18:20:26",,,714.73,34.85425,60000,0
"Jul 27 2009 18:20:28",,,713.37,34.7418,60000,0
"Jul 27 2009 18:20:28",,,713.37,34.7418,60000,0
"Jul 27 2009 18:20:30",,,717.43,34.7418,60000,0
"Jul 27 2009 18:20:31",,,717.43,34.62935,60000,0
"Jul 27 2009 18:20:33",,,713.37,34.5169,60000,0
"Jul 27 2009 18:20:34",,,716.08,34.5169,60000,0
"Jul 27 2009 18:20:36",,,717.43,34.40445,60000,0
"Jul 27 2009 18:20:37",,,713.37,34.2920,60000,0
"Jul 27 2009 18:20:39",,,713.37,34.2920,60000,0
"Jul 27 2009 18:20:40",,,720.13,34.2920,60000,0
"Jul 27 2009 18:20:42",,,716.08,34.2920,60000,0
"Jul 27 2009 18:20:42",,,714.73,34.2920,60000,0
"Jul 27 2009 18:20:45",,,717.43,34.2920,60000,0
"Jul 27 2009 18:20:45",,,717.43,34.2920,60000,0
"Jul 27 2009 18:20:47",,,714.73,34.40445,60000,0
"Jul 27 2009 18:20:48",,,717.43,34.40445,60000,0
"Jul 27 2009 18:20:50",,,717.43,34.40445,60000,0
"Jul 27 2009 18:20:51",,,714.73,34.2920,60000,0
"Jul 27 2009 18:20:53",,,716.08,34.2920,60000,0
"Jul 27 2009 18:20:54",,,718.78,34.2920,60000,0
"Jul 27 2009 18:20:56",,,714.73,34.17955,60000,0
"Jul 27 2009 18:20:57",,,716.08,34.17955,60000,0
"Jul 27 2009 18:20:59",,,718.78,34.17955,60000,0
"Jul 27 2009 18:20:59",,,716.08,34.17955,60000,0
"Jul 27 2009 18:20:02",,,714.73,34.2920,60000,0
"Jul 27 2009 18:20:02",,,718.78,34.2920,60000,0
"Jul 27 2009 18:20:04",,,714.73,34.17955,60000,0
"Jul 27 2009 18:20:05",,,714.73,34.0671,60000,0
"Jul 27 2009 18:20:07",,,722.82,33.95465,60000,0
"Jul 27 2009 18:20:08",,,713.37,33.8422,60000,0
"Jul 27 2009 18:20:10",,,717.43,33.72975,60000,0
"Jul 27 2009 18:20:11",,,717.43,33.72975,60000,0
"Jul 27 2009 18:20:13",,,713.37,33.8422,60000,0
"Jul 27 2009 18:20:14",,,718.78,33.8422,60000,0
"Jul 27 2009 18:20:16",,,717.43,33.72975,60000,0
"Jul 27 2009 18:20:16",,,716.08,33.8422,60000,0
"Jul 27 2009 18:20:18",,,718.78,33.95465,60000,0
"Jul 27 2009 18:20:19",,,716.08,34.0671,60000,0
"Jul 27 2009 18:20:21",,,714.73,34.0671,60000,0
"Jul 27 2009 18:20:22",,,720.13,34.0671,60000,0
"Jul 27 2009 18:20:24",,,714.73,34.0671,60000,0
"Jul 27 2009 18:20:25",,,717.43,34.17955,60000,0
"Jul 27 2009 18:20:27",,,714.73,34.2920,60000,0
"Jul 27 2009 18:20:28",,,716.08,34.2920,60000,0
"Jul 27 2009 18:20:30",,,720.13,34.40445,60000,0
"Jul 27 2009 18:20:30",,,716.08,34.40445,60000,0
"Jul 27 2009 18:20:33",,,717.43,34.62935,60000,0
"Jul 27 2009 18:20:33",,,716.08,34.62935,60000,0
"Jul 27 2009 18:20:35",,,714.73,34.7418,60000,0
"Jul 27 2009 18:20:36",,,717.43,34.85425,60000,0
"Jul 27 2009 18:20:38",,,714.73,34.85425,60000,0
"Jul 27 2009 18:20:39",,,712.02,34.9667,60000,0
"Jul 27 2009 18:20:41",,,716.08,34.9667,60000,0
"Jul 27 2009 18:20:42",,,714.73,34.9667,60000,0
"Jul 27 2009 18:20:44",,,713.37,34.9667,60000,0
"Jul 27 2009 18:20:45",,,716.08,34.9667,60000,0
"Jul 27 2009 18:20:47",,,714.73,34.9667,60000,0
"Jul 27 2009 18:20:47",,,713.37,34.9667,60000,0
"Jul 27 2009 18:20:49",,,718.78,34.9667,60000,0
"Jul 27 2009 18:20:50",,,714.73,35.07915,60000,0
"Jul 27 2009 18:20:52",,,716.08,35.07915,60000,0
"Jul 27 2009 18:20:53",,,717.43,35.07915,60000,0
"Jul 27 2009 18:20:55",,,716.08,35.07915,60000,0
"Jul 27 2009 18:20:56",,,714.73,34.9667,60000,0
"Jul 27 2009 18:20:58",,,718.78,34.9667,60000,0
"Jul 27 2009 18:20:59",,,714.73,35.07915,60000,0
"Jul 27 2009 18:20:01",,,714.73,35.07915,60000,0
"Jul 27 2009 18:20:01",,,718.78,35.07915,60000,0
"Jul 27 2009 18:20:04",,,714.73,35.1916,60000,0
"Jul 27 2009 18:20:04",,,716.08,35.07915,60000,0
"Jul 27 2009 18:20:06",,,709.30,35.07915,60000,0
"Jul 27 2009 18:20:07",,,725.50,35.1916,60000,0
"Jul 27 2009 18:20:09",,,717.43,35.1916,60000,0
"Jul 27 2009 18:20:10",,,707.94,35.1916,60000,0
"Jul 27 2009 18:20:12",,,713.37,35.1916,60000,0
"Jul 27 2009 18:20:13",,,717.43,35.07915,60000,0
"Jul 27 2009 18:20:15",,,710.66,34.9667,60000,0
"Jul 27 2009 18:20:16",,,725.50,34.9667,60000,0
"Jul 27 2009 18:20:18",,,716.08,34.85425,60000,0
"Jul 27 2009 18:20:18",,,713.37,34.7418,60000,0
"Jul 27 2009 18:20:20",,,710.66,34.62935,60000,0
"Jul 27 2009 18:20:21",,,712.02,34.5169,60000,0
"Jul 27 2009 18:20:23",,,728.18,34.40445,60000,0
"Jul 27 2009 18:20:24",,,705.21,34.5169,60000,0
"Jul 27 2009 18:20:26",,,726.84,34.5169,60000,0
"Jul 27 2009 18:20:27",,,722.82,34.5169,60000,0
"Jul 27 2009 18:20:29",,,709.30,34.5169,60000,0
"Jul 27 2009 18:20:30",,,721.48,34.40445,60000,0
"Jul 27 2009 18:20:32",,,721.48,34.2920,60000,0
"Jul 27 2009 18:20:32",,,732.18,34.2920,60000,0
"Jul 27 2009 18:20:34",,,706.57,34.2920,60000,0
"Jul 27 2009 18:20:35",,,706.57,34.40445,60000,0
"Jul 27 2009 18:20:37",,,717.43,34.40445,60000,0
"Jul 27 2009 18:20:38",,,714.73,34.40445,60000,0
"Jul 27 2009 18:20:40",,,712.02,34.17955,60000,0
"Jul 27 2009 18:20:41",,,706.57,34.0671,60000,0
"Jul 27 2009 18:20:43",,,714.73,33.95465,60000,0
"Jul 27 2009 18:20:44",,,713.37,33.72975,60000,0
"Jul 27 2009 18:20:46",,,707.94,33.72975,60000,0
"Jul 27 2009 18:20:47",,,709.30,33.6173,60000,0
"Jul 27 2009 18:20:49",,,712.02,33.50485,60000,0
"Jul 27 2009 18:20:49",,,705.21,33.3924,60000,0
"Jul 27 2009 18:20:52",,,713.37,33.3924,60000,0
"Jul 27 2009 18:20:52",,,714.73,33.3924,60000,0
"Jul 27 2009 18:20:54",,,714.73,33.3924,60000,0
"Jul 27 2009 18:20:55",,,706.57,33.3924,60000,0
"Jul 27 2009 18:20:57",,,709.30,33.27995,60000,0
"Jul 27 2009 18:20:58",,,721.48,33.3924,60000,0
"Jul 27 2009 18:20:00",,,706.57,33.3924,60000,0
"Jul 27 2009 18:20:01",,,709.30,33.27995,60000,0
"Jul 27 2009 18:20:03",,,714.73,33.1675,60000,0
"Jul 27 2009 18:20:04",,,706.57,33.1675,60000,0
"Jul 27 2009 18:20:06",,,707.94,33.05505,60000,0
"Jul 27 2009 18:20:07",,,713.37,33.1675,60000,0
"Jul 27 2009 18:20:09",,,707.94,33.27995,60000,0
"Jul 27 2009 18:20:09",,,710.66,33.27995,60000,0
"Jul 27 2009 18:20:11",,,713.37,33.27995,60000,0
"Jul 27 2009 18:20:12",,,709.30,33.27995,60000,0
"Jul 27 2009 18:20:14",,,709.30,33.3924,60000,0
"Jul 27 2009 18:20:15",,,713.37,33.3924,60000,0
"Jul 27 2009 18:20:17",,,707.94,33.3924,60000,0
"Jul 27 2009 18:20:18",,,712.02,33.3924,60000,0
"Jul 27 2009 18:20:20",,,712.02,33.27995,60000,0
"Jul 27 2009 18:20:21",,,705.21,33.27995,60000,0
"Jul 27 2009 18:20:23",,,706.57,33.1675,60000,0
"Jul 27 2009 18:20:23",,,706.57,33.05505,60000,0
"Jul 27 2009 18:20:26",,,707.94,33.05505,60000,0
"Jul 27 2009 18:20:26",,,710.66,32.9426,60000,0
"Jul 27 2009 18:20:28",,,710.66,32.9426,60000,0
"Jul 27 2009 18:20:29",,,707.94,32.9426,60000,0
"Jul 27 2009 18:20:31",,,710.66,32.9426,60000,0
"Jul 27 2009 18:20:32",,,714.73,32.9426,60000,0
"Jul 27 2009 18:20:34",,,709.30,33.05505,60000,0
"Jul 27 2009 18:20:35",,,712.02,33.05505,60000,0
"Jul 27 2009 18:20:37",,,725.50,33.05505,60000,0
"Jul 27 2009 18:20:38",,,709.30,33.1675,60000,0
"Jul 27 2009 18:20:40",,,717.43,33.27995,60000,0
"Jul 27 2009 18:20:40",,,712.02,33.27995,60000,0
"Jul 27 2009 18:20:42",,,709.30,33.27995,60000,0
"Jul 27 2009 18:20:43",,,710.66,33.27995,60000,0
"Jul 27 2009 18:20:45",,,713.37,33.27995,60000,0
"Jul 27 2009 18:20:46",,,713.37,33.3924,60000,0
"Jul 27 2009 18:20:48",,,712.02,33.27995,60000,0
"Jul 27 2009 18:20:49",,,720.13,33.27995,60000,0
"Jul 27 2009 18:20:51",,,712.02,33.27995,60000,0
"Jul 27 2009 18:20:52",,,709.30,33.27995,60000,0
"Jul 27 2009 18:20:54",,,713.37,33.27995,60000,0
"Jul 27 2009 18:20:54",,,709.30,33.05505,60000,0
"Jul 27 2009 18:20:57",,,709.30,32.9426,60000,0
"Jul 27 2009 18:20:57",,,713.37,32.9426,60000,0
"Jul 27 2009 18:20:59",,,713.37,32.9426,60000,0
"Jul 27 2009 18:24:00",,,710.66,32.9426,60000,0
"Jul 27 2009 18:24:02",,,721.48,32.83015,60000,0
"Jul 27 2009 18:24:03",,,714.73,32.83015,60000,0
"Jul 27 2009 18:24:05",,,710.66,32.9426,60000,0
"Jul 27 2009 18:24:06",,,714.73,33.05505,60000,0
"Jul 27 2009 18:24:08",,,714.73,33.05505,60000,0
"Jul 27 2009 18:24:09",,,709.30,33.05505,60000,0
"Jul 27 2009 18:24:11",,,722.82,32.9426,60000,0
"Jul 27 2009 18:24:11",,,725.50,32.9426,60000,0
"Jul 27 2009 18:24:14",,,710.66,32.9426,60000,0
"Jul 27 2009 18:24:14",,,709.30,32.9426,60000,0
"Jul 27 2009 18:24:16",,,725.50,33.05505,60000,0
"Jul 27 2009 18:24:17",,,724.16,33.05505,60000,0
"Jul 27 2009 18:24:19",,,720.13,33.1675,60000,0
"Jul 27 2009 18:24:20",,,710.66,33.1675,60000,0
"Jul 27 2009 18:24:22",,,722.82,33.27995,60000,0
"Jul 27 2009 18:24:23",,,728.18,33.27995,60000,0
"Jul 27 2009 18:24:25",,,707.94,33.1675,60000,0
"Jul 27 2009 18:24:26",,,709.30,33.1675,60000,0
"Jul 27 2009 18:24:28",,,718.78,33.1675,60000,0
"Jul 27 2009 18:24:28",,,724.16,33.1675,60000,0
"Jul 27 2009 18:24:30",,,707.94,33.1675,60000,0
"Jul 27 2009 18:24:31",,,718.78,33.1675,60000,0
"Jul 27 2009 18:24:33",,,728.18,33.1675,60000,0
"Jul 27 2009 18:24:34",,,709.30,33.1675,60000,0
"Jul 27 2009 18:24:36",,,707.94,33.1675,60000,0
"Jul 27 2009 18:24:37",,,714.73,33.1675,60000,0
"Jul 27 2009 18:24:39",,,714.73,33.05505,60000,0
"Jul 27 2009 18:24:40",,,712.02,33.1675,60000,0
"Jul 27 2009 18:24:42",,,709.30,33.1675,60000,0
"Jul 27 2009 18:24:43",,,717.43,33.1675,60000,0
"Jul 27 2009 18:24:45",,,716.08,33.27995,60000,0
"Jul 27 2009 18:24:45",,,709.30,33.3924,60000,0
"Jul 27 2009 18:24:47",,,709.30,33.3924,60000,0
"Jul 27 2009 18:24:48",,,714.73,33.50485,60000,0
"Jul 27 2009 18:24:50",,,713.37,33.6173,60000,0
"Jul 27 2009 18:24:51",,,710.66,33.72975,60000,0
"Jul 27 2009 18:24:53",,,709.30,33.72975,60000,0
"Jul 27 2009 18:24:54",,,707.94,33.8422,60000,0
"Jul 27 2009 18:24:56",,,722.82,33.95465,60000,1
"Jul 27 2009 18:24:57",,,348.66,33.95465,60000,4
"Jul 27 2009 18:24:59",,,445.24,34.0671,60000,1
"Jul 27 2009 18:24:59",,,466.85,34.0671,60000,1
"Jul 27 2009 18:24:02",,,755.83,34.0671,60000,3
"Jul 27 2009 18:24:02",,,716.08,34.0671,60000,2
"Jul 27 2009 18:24:04",,,691.45,33.95465,60000,3
"Jul 27 2009 18:24:05",,,380.32,33.72975,60000,3
"Jul 27 2009 18:24:07",,,212.38,33.50485,60000,3
"Jul 27 2009 18:24:08",,,100.69,33.3924,60000,2
"Jul 27 2009 18:24:10",,,27.13,33.27995,60000,2
"Jul 27 2009 18:24:11",,,6.29,33.1675,60000,0
"Jul 27 2009 18:24:13",,,41.62,32.9426,60000,0
"Jul 27 2009 18:24:14",,,49.86,32.7177,60000,0
"Jul 27 2009 18:24:16",,,138.57,32.4928,60000,2
"Jul 27 2009 18:24:16",,,110.72,32.4928,60000,0
"Jul 27 2009 18:24:19",,,74.40,31.48075,60000,0
"Jul 27 2009 18:24:19",,,78.46,29.00685,60000,0
"Jul 27 2009 18:24:21",,,80.49,27.88235,60000,0
"Jul 27 2009 18:24:22",,,80.49,27.43255,60000,0
"Jul 27 2009 18:24:24",,,181.62,26.4205,60000,0
"Jul 27 2009 18:24:25",,,116.72,25.5209,60000,3
"Jul 27 2009 18:24:27",,,20.90,25.0711,60000,1
"Jul 27 2009 18:24:28",,,10.47,24.3964,60000,1
"Jul 27 2009 18:24:30",,,4.19,23.7217,60000,0
"Jul 27 2009 18:24:31",,,31.28,23.15945,60000,2
"Jul 27 2009 18:24:33",,,112.72,22.5972,60000,0
"Jul 27 2009 18:24:34",,,436.84,21.6976,60000,4
"Jul 27 2009 18:24:36",,,394.20,20.68555,60000,2
"Jul 27 2009 18:24:36",,,325.43,20.1233,60000,2
"Jul 27 2009 18:24:38",,,835.22,19.78595,60000,0
"Jul 27 2009 18:24:39",,,579.52,19.6735,60000,0
"Jul 27 2009 18:24:41",,,680.32,19.33615,60000,0
"Jul 27 2009 18:24:42",,,707.94,19.2237,60000,1
"Jul 27 2009 18:24:44",,,187.42,18.88635,60000,1
"Jul 27 2009 18:24:45",,,142.52,18.9988,60000,0
"Jul 27 2009 18:24:47",,,102.70,19.4486,60000,0
"Jul 27 2009 18:24:48",,,212.38,19.56105,60000,2
"Jul 27 2009 18:24:50",,,193.21,19.6735,60000,3
"Jul 27 2009 18:24:51",,,60.11,19.78595,60000,2
"Jul 27 2009 18:24:53",,,84.55,19.8984,60000,0
"Jul 27 2009 18:24:53",,,158.25,20.01085,60000,1
"Jul 27 2009 18:24:55",,,78.46,20.1233,60000,0
"Jul 27 2009 18:24:56",,,154.33,20.23575,60000,1
"Jul 27 2009 18:24:58",,,108.72,20.3482,60000,0
