time,,
1278493320,,
1278493321,,
1278493322,,
1278493323,,
1278493324,,
1278493325,,
1278493326,,
1278493327,,
1278493328,,
1278493329,,
1278493330,,
1278493331,,
1278493332,,
1278493333,,
1278493334,,
1278493335,,
1278493336,,
1278493337,,
1278493338,,
1278493339,,
1278493340,,
1278493341,,
1278493342,,
1278493343,,
1278493344,,
1278493345,,
1278493346,,
1278493347,,
1278493348,,
1278493349,,
1278493350,,
1278493351,,
1278493352,,
1278493353,,
1278493354,,
1278493355,,
1278493356,,
1278493357,,
1278493358,,
1278493359,,
1278493360,,
1278493361,,
1278493362,,
1278493363,,
1278493364,,
1278493365,,
1278493366,,
1278493367,,
1278493368,,
1278493369,,
1278493370,,
1278493371,,
1278493372,,
1278493373,,
1278493374,,
1278493375,,
1278493376,,
1278493377,,
1278493378,,
1278493379,,
1278493380,,
1278493381,,
1278493382,,
1278493383,,
1278493384,,
