,
1241702540,582
1241702542,626
1241702543,656
1241702544,636
1241702545,682
1241702547,628
1241702548,648
1241702549,644
1241702550,628
1241702551,650
1241702552,650
1241702553,664
1241702556,656
1241702559,638
1241702560,648
1241702578,56
1241702582,54
1241702583,54
1241702586,62
1241702587,56
1241702588,60
1241702589,56
1241702590,60
1241702591,62
1241702593,62
1241702594,58
1241702595,68
1241702596,334
1241702598,436
1241702599,418
1241702600,428
1241702601,396
1241702602,338
1241702603,358
1241702604,372
1241702606,338
1241702607,434
1241702608,564
1241702613,196
1241702614,72
1241702628,408
1241702629,230
1241702633,378
1241702635,292
1241702636,288
1241702637,308
1241702639,334
