time,light,temperature,sound,temperature probe
1277728560,6.29,30.88,0,29.354178380584056795131845841784990
1277728620,4.19,30.56,0,28.311021933767326732673267326732673
1277728680,2.10,30.23,0,27.782074541007866927592954990215264
1277728740,0.00,30.23,0,27.604659229502417153996101364522417
1277728800,0.00,29.91,0,27.426692297898058252427184466019417
1277728860,0.00,29.59,0,27.426692297898058252427184466019417
1277728920,0.00,29.27,0,27.248172654258143133462282398452611
1277728980,0.00,28.95,0,27.248172654258143133462282398452611
1277729040,0.00,28.95,0,27.248172654258143133462282398452611
1277729100,0.00,28.62,0,27.248172654258143133462282398452611
1277729160,0.00,28.30,0,27.248172654258143133462282398452611
1277729220,0.00,28.30,0,27.158705228805868725868725868725869
1277729280,0.00,27.98,0,27.158705228805868725868725868725869
1277729340,0.00,27.98,0,27.158705228805868725868725868725869
1277729400,0.00,27.66,0,27.158705228805868725868725868725869
1277729460,0.00,27.66,0,27.069099223477418111753371868978805
1277729520,0.00,27.33,0,27.069099223477418111753371868978805
1277729580,0.00,27.33,0,26.979354506461538461538461538461538
1277729640,0.00,27.33,0,26.979354506461538461538461538461538
1277729700,2.10,27.01,0,26.979354506461538461538461538461538
1277729760,0.00,27.01,0,26.889470946958963531669865642994242
1277729820,0.00,27.01,0,26.889470946958963531669865642994242
1277729880,0.00,27.01,0,26.799448415172720306513409961685824
1277729940,0.00,26.69,0,26.709286782298546845124282982791587
1277730000,0.00,26.69,0,26.799448415172720306513409961685824
1277730060,0.00,26.69,0,26.799448415172720306513409961685824
1277730120,0.00,26.69,0,26.799448415172720306513409961685824
1277730180,0.00,26.37,0,26.709286782298546845124282982791587
1277730240,0.00,26.37,0,26.709286782298546845124282982791587
1277730300,0.00,26.37,0,26.709286782298546845124282982791587
1277730360,0.00,26.37,0,26.618985920515419847328244274809160
1277730420,0.00,26.37,0,26.528545702976190476190476190476190
1277730480,0.00,26.04,0,26.528545702976190476190476190476190
1277730540,0.00,26.04,0,26.528545702976190476190476190476190
1277730600,0.00,26.04,0,26.437966003798326996197718631178707
1277730660,0.00,26.04,0,26.437966003798326996197718631178707
1277730720,0.00,26.04,0,26.437966003798326996197718631178707
1277730780,0.00,26.04,0,26.347246698054762808349146110056926
1277730840,0.00,25.72,0,26.528545702976190476190476190476190
1277730900,0.00,25.72,0,26.347246698054762808349146110056926
1277730960,0.00,25.72,0,26.347246698054762808349146110056926
1277731020,0.00,25.72,0,26.256387661764848484848484848484848
1277731080,0.00,25.40,0,26.256387661764848484848484848484848
1277731140,0.00,25.40,0,26.256387661764848484848484848484848
1277731200,0.00,25.40,0,26.256387661764848484848484848484848
1277731260,0.00,25.40,0,26.256387661764848484848484848484848
1277731320,0.00,25.40,0,26.165388771885406427221172022684310
1277731380,0.00,25.40,0,26.165388771885406427221172022684310
1277731440,0.00,25.40,0,26.074249906301886792452830188679245
1277731500,0.00,25.08,0,26.165388771885406427221172022684310
1277731560,0.00,25.40,0,26.074249906301886792452830188679245
1277731620,0.00,25.08,0,26.074249906301886792452830188679245
1277731680,0.00,25.08,0,26.074249906301886792452830188679245
1277731740,0.00,25.08,0,26.074249906301886792452830188679245
1277731800,0.00,25.08,0,25.982970943819623352165725047080979
1277731860,0.00,25.08,0,25.982970943819623352165725047080979
1277731920,0.00,25.08,0,25.982970943819623352165725047080979
1277731980,0.00,25.08,0,25.891551764155187969924812030075188
1277732040,0.00,24.76,0,25.891551764155187969924812030075188
1277732100,0.00,24.76,0,25.799992247927842401500938086303940
1277732160,0.00,24.76,0,25.799992247927842401500938086303940
1277732220,0.00,24.76,0,25.708292276651086142322097378277154
1277732280,0.00,24.76,0,25.708292276651086142322097378277154
1277732340,0.00,24.76,0,25.708292276651086142322097378277154
1277732400,0.00,24.76,0,25.708292276651086142322097378277154
1277732460,0.00,24.76,0,25.616451732724299065420560747663551
1277732520,0.00,24.76,0,25.708292276651086142322097378277154
1277732580,0.00,24.43,0,25.616451732724299065420560747663551
1277732640,0.00,24.43,0,25.524470499424477611940298507462687
1277732700,0.00,24.43,0,25.616451732724299065420560747663551
1277732760,0.00,24.43,0,25.616451732724299065420560747663551
1277732820,0.00,24.43,0,25.708292276651086142322097378277154
1277732880,0.00,24.43,0,25.708292276651086142322097378277154
1277732940,0.00,24.43,0,25.616451732724299065420560747663551
1277733000,0.00,24.43,0,25.708292276651086142322097378277154
1277733060,0.00,24.43,0,25.616451732724299065420560747663551
1277733120,0.00,24.43,0,25.616451732724299065420560747663551
1277733180,0.00,24.43,0,25.616451732724299065420560747663551
1277733240,0.00,24.43,0,25.524470499424477611940298507462687
1277733300,0.00,24.43,0,25.616451732724299065420560747663551
1277733360,0.00,24.11,0,25.524470499424477611940298507462687
1277733420,0.00,24.11,0,25.524470499424477611940298507462687
1277733480,0.00,24.11,0,25.524470499424477611940298507462687
1277733540,0.00,24.11,0,25.616451732724299065420560747663551
1277733600,0.00,24.11,0,25.708292276651086142322097378277154
1277733660,0.00,24.11,0,25.616451732724299065420560747663551
1277733720,0.00,24.11,0,25.616451732724299065420560747663551
1277733780,0.00,24.11,0,25.524470499424477611940298507462687
1277733840,0.00,24.11,0,25.432348460898063314711359404096834
1277733900,0.00,24.11,0,25.432348460898063314711359404096834
1277733960,0.00,24.11,0,25.432348460898063314711359404096834
1277734020,0.00,23.79,0,25.524470499424477611940298507462687
1277734080,0.00,24.11,0,25.432348460898063314711359404096834
1277734140,0.00,23.79,0,25.340085502152862453531598513011152
1277734200,0.00,23.79,0,25.340085502152862453531598513011152
1277734260,0.00,23.79,0,25.432348460898063314711359404096834
1277734320,0.00,23.79,0,25.340085502152862453531598513011152
1277734380,0.00,23.79,0,25.340085502152862453531598513011152
1277734440,0.00,23.79,0,25.247681509050055658627087198515770
1277734500,0.00,23.79,0,25.340085502152862453531598513011152
1277734560,0.00,23.79,0,25.247681509050055658627087198515770
1277734620,0.00,23.79,0,25.247681509050055658627087198515770
1277734680,0.00,23.79,0,25.155136368296296296296296296296296
1277734740,0.00,23.79,0,25.247681509050055658627087198515770
1277734800,0.00,23.79,0,25.155136368296296296296296296296296
1277734860,0.00,23.79,0,25.155136368296296296296296296296296
1277734920,0.00,23.79,0,25.155136368296296296296296296296296
1277734980,0.00,23.79,0,25.062449967435896487985212569316081
1277735040,0.00,23.79,0,25.155136368296296296296296296296296
1277735100,0.00,23.79,0,25.432348460898063314711359404096834
1277735160,0.00,23.79,0,25.340085502152862453531598513011152
1277735220,0.00,23.79,0,25.247681509050055658627087198515770
1277735280,0.00,23.79,0,25.247681509050055658627087198515770
1277735340,0.00,23.47,0,25.155136368296296296296296296296296
1277735400,0.00,23.79,0,25.155136368296296296296296296296296
1277735460,0.00,23.79,0,25.155136368296296296296296296296296
1277735520,0.00,23.79,0,25.247681509050055658627087198515770
1277735580,0.00,23.79,0,25.340085502152862453531598513011152
1277735640,0.00,23.79,0,25.340085502152862453531598513011152
1277735700,0.00,23.79,0,25.247681509050055658627087198515770
1277735760,0.00,23.79,0,25.247681509050055658627087198515770
1277735820,0.00,23.79,0,25.340085502152862453531598513011152
1277735880,0.00,23.47,0,25.155136368296296296296296296296296
1277735940,0.00,23.47,0,25.155136368296296296296296296296296
1277736000,0.00,23.79,0,25.062449967435896487985212569316081
1277736060,0.00,23.47,0,25.062449967435896487985212569316081
1277736120,0.00,23.47,0,24.969622194843099630996309963099631
1277736180,0.00,23.47,0,24.969622194843099630996309963099631
1277736240,0.00,23.47,0,24.969622194843099630996309963099631
1277736300,0.00,23.79,0,24.969622194843099630996309963099631
1277736360,0.00,23.47,0,24.969622194843099630996309963099631
1277736420,0.00,23.79,0,24.969622194843099630996309963099631
1277736480,0.00,23.47,0,24.969622194843099630996309963099631
1277736540,0.00,23.47,0,25.062449967435896487985212569316081
1277736600,0.00,23.47,0,24.969622194843099630996309963099631
1277736660,0.00,23.47,0,24.876652939714438305709023941068140
1277736720,0.00,23.47,0,24.876652939714438305709023941068140
1277736780,0.00,23.47,0,24.783542092061176470588235294117647
1277736840,0.00,23.47,0,24.783542092061176470588235294117647
1277736900,0.00,23.47,0,24.783542092061176470588235294117647
1277736960,0.00,23.47,0,24.783542092061176470588235294117647
1277737020,0.00,23.47,0,24.783542092061176470588235294117647
1277737080,0.00,23.47,0,24.783542092061176470588235294117647
1277737140,0.00,23.47,0,24.690289542701834862385321100917431
1277737200,0.00,23.47,0,24.690289542701834862385321100917431
1277737260,0.00,23.47,0,24.690289542701834862385321100917431
1277737320,0.00,23.47,0,24.690289542701834862385321100917431
1277737380,0.00,23.47,0,24.783542092061176470588235294117647
1277737440,0.00,23.47,0,24.783542092061176470588235294117647
1277737500,0.00,23.47,0,24.596895183254798534798534798534799
1277737560,0.00,23.47,0,24.596895183254798534798534798534799
1277737620,0.00,23.47,0,24.596895183254798534798534798534799
1277737680,0.00,23.47,0,24.596895183254798534798534798534799
1277737740,0.00,23.47,0,24.690289542701834862385321100917431
1277737800,0.00,23.47,0,24.690289542701834862385321100917431
1277737860,0.00,23.47,0,24.503358906131005484460694698354662
1277737920,0.00,23.47,0,24.503358906131005484460694698354662
1277737980,0.00,23.47,0,24.596895183254798534798534798534799
1277738040,0.00,23.47,0,24.690289542701834862385321100917431
1277738100,0.00,23.47,0,24.783542092061176470588235294117647
1277738160,0.00,23.47,0,24.876652939714438305709023941068140
1277738220,0.00,23.47,0,24.783542092061176470588235294117647
1277738280,0.00,23.47,0,24.783542092061176470588235294117647
1277738340,0.00,23.47,0,24.783542092061176470588235294117647
1277738400,0.00,23.47,0,24.783542092061176470588235294117647
1277738460,0.00,23.47,0,24.690289542701834862385321100917431
1277738520,0.00,23.47,0,24.690289542701834862385321100917431
1277738580,0.00,23.47,0,24.596895183254798534798534798534799
1277738640,0.00,23.47,0,24.503358906131005484460694698354662
1277738700,0.00,23.47,0,24.596895183254798534798534798534799
1277738760,0.00,23.47,0,24.596895183254798534798534798534799
1277738820,0.00,23.47,0,24.596895183254798534798534798534799
1277738880,0.00,23.14,0,24.503358906131005484460694698354662
1277738940,0.00,23.14,0,24.503358906131005484460694698354662
1277739000,0.00,23.14,0,24.503358906131005484460694698354662
1277739060,0.00,23.14,0,24.596895183254798534798534798534799
1277739120,0.00,23.47,0,24.596895183254798534798534798534799
1277739180,0.00,23.47,0,24.596895183254798534798534798534799
1277739240,0.00,23.14,0,24.503358906131005484460694698354662
1277739300,0.00,23.14,0,24.503358906131005484460694698354662
1277739360,0.00,23.14,0,24.409680604526715328467153284671533
1277739420,0.00,23.14,0,24.409680604526715328467153284671533
1277739480,0.00,23.14,0,24.409680604526715328467153284671533
1277739540,0.00,23.47,0,24.315860172416357012750455373406193
1277739600,0.00,23.14,0,24.409680604526715328467153284671533
1277739660,0.00,23.47,0,24.409680604526715328467153284671533
1277739720,0.00,23.14,0,24.315860172416357012750455373406193
1277739780,0.00,23.14,0,24.315860172416357012750455373406193
1277739840,0.00,23.14,0,24.315860172416357012750455373406193
1277739900,0.00,23.14,0,24.315860172416357012750455373406193
1277739960,0.00,23.14,0,24.221897504545454545454545454545455
1277740020,0.00,23.14,0,24.127792496423629764065335753176044
1277740080,0.00,23.14,0,24.127792496423629764065335753176044
1277740140,0.00,23.14,0,24.315860172416357012750455373406193
1277740200,0.00,23.14,0,24.221897504545454545454545454545455
1277740260,0.00,23.14,0,24.221897504545454545454545454545455
1277740320,0.00,23.14,0,24.127792496423629764065335753176044
1277740380,0.00,23.14,0,24.127792496423629764065335753176044
1277740440,0.00,23.14,0,23.939155045244737793851717902350814
1277740500,0.00,23.14,0,24.033545044317681159420289855072464
1277740560,0.00,23.14,0,24.127792496423629764065335753176044
1277740620,0.00,23.14,0,24.127792496423629764065335753176044
1277740680,0.00,23.14,0,24.033545044317681159420289855072464
1277740740,0.00,23.14,0,24.033545044317681159420289855072464
1277740800,0.00,23.14,0,24.127792496423629764065335753176044
1277740860,0.00,23.14,0,24.315860172416357012750455373406193
1277740920,0.00,23.14,0,24.221897504545454545454545454545455
1277740980,0.00,23.14,0,24.127792496423629764065335753176044
1277741040,0.00,23.14,0,24.033545044317681159420289855072464
1277741100,0.00,23.14,0,24.315860172416357012750455373406193
1277741160,0.00,23.14,0,24.315860172416357012750455373406193
1277741220,0.00,23.14,0,24.315860172416357012750455373406193
1277741280,0.00,23.14,0,24.221897504545454545454545454545455
1277741340,0.00,23.14,0,24.409680604526715328467153284671533
1277741400,0.00,23.14,0,24.409680604526715328467153284671533
1277741460,0.00,23.14,0,24.409680604526715328467153284671533
1277741520,0.00,23.14,0,24.315860172416357012750455373406193
1277741580,0.00,23.14,0,24.409680604526715328467153284671533
1277741640,0.00,23.14,0,24.409680604526715328467153284671533
1277741700,0.00,22.82,0,24.409680604526715328467153284671533
1277741760,0.00,22.82,0,24.409680604526715328467153284671533
1277741820,0.00,22.82,0,24.315860172416357012750455373406193
1277741880,0.00,23.14,0,24.315860172416357012750455373406193
1277741940,0.00,23.14,0,24.315860172416357012750455373406193
1277742000,0.00,23.14,0,24.409680604526715328467153284671533
1277742060,0.00,22.82,0,24.409680604526715328467153284671533
1277742120,0.00,22.82,0,24.409680604526715328467153284671533
1277742180,0.00,22.82,0,24.503358906131005484460694698354662
1277742240,0.00,22.82,0,24.503358906131005484460694698354662
1277742300,0.00,22.82,0,24.409680604526715328467153284671533
1277742360,0.00,22.82,0,24.315860172416357012750455373406193
1277742420,0.00,22.82,0,24.409680604526715328467153284671533
1277742480,0.00,22.82,0,24.503358906131005484460694698354662
1277742540,0.00,22.82,0,24.409680604526715328467153284671533
1277742600,0.00,22.82,0,24.409680604526715328467153284671533
1277742660,0.00,22.82,0,24.503358906131005484460694698354662
1277742720,0.00,22.82,0,24.503358906131005484460694698354662
1277742780,0.00,22.82,0,24.596895183254798534798534798534799
1277742840,0.00,22.82,0,24.596895183254798534798534798534799
1277742900,0.00,22.82,0,24.503358906131005484460694698354662
1277742960,0.00,22.82,0,24.596895183254798534798534798534799
1277743020,0.00,22.82,0,24.690289542701834862385321100917431
1277743080,0.00,22.82,0,24.690289542701834862385321100917431
1277743140,0.00,22.82,0,24.783542092061176470588235294117647
1277743200,0.00,22.82,0,24.783542092061176470588235294117647
1277743260,0.00,22.82,0,24.783542092061176470588235294117647
1277743320,0.00,22.82,0,24.969622194843099630996309963099631
1277743380,0.00,22.82,0,24.876652939714438305709023941068140
1277743440,0.00,22.82,0,24.969622194843099630996309963099631
1277743500,0.00,22.82,0,24.876652939714438305709023941068140
1277743560,0.00,22.82,0,24.876652939714438305709023941068140
1277743620,0.00,22.82,0,24.876652939714438305709023941068140
1277743680,0.00,22.82,0,24.783542092061176470588235294117647
1277743740,0.00,22.82,0,24.969622194843099630996309963099631
1277743800,0.00,22.82,0,24.969622194843099630996309963099631
1277743860,0.00,22.82,0,25.062449967435896487985212569316081
1277743920,0.00,22.82,0,24.969622194843099630996309963099631
1277743980,0.00,22.82,0,24.969622194843099630996309963099631
1277744040,0.00,22.82,0,24.969622194843099630996309963099631
1277744100,0.00,22.82,0,24.876652939714438305709023941068140
1277744160,0.00,22.82,0,24.876652939714438305709023941068140
1277744220,0.00,22.82,0,24.876652939714438305709023941068140
1277744280,0.00,22.82,0,24.969622194843099630996309963099631
1277744340,0.00,22.82,0,24.969622194843099630996309963099631
1277744400,0.00,22.82,0,24.969622194843099630996309963099631
1277744460,0.00,22.82,0,24.969622194843099630996309963099631
1277744520,0.00,22.82,0,24.876652939714438305709023941068140
1277744580,0.00,22.82,0,24.969622194843099630996309963099631
1277744640,0.00,22.82,0,24.969622194843099630996309963099631
1277744700,0.00,22.82,0,24.783542092061176470588235294117647
1277744760,0.00,22.82,0,24.969622194843099630996309963099631
1277744820,0.00,22.82,0,24.876652939714438305709023941068140
1277744880,0.00,22.82,0,24.876652939714438305709023941068140
1277744940,0.00,22.82,0,24.876652939714438305709023941068140
1277745000,0.00,22.82,0,24.783542092061176470588235294117647
1277745060,0.00,22.82,0,24.783542092061176470588235294117647
1277745120,0.00,22.82,0,24.690289542701834862385321100917431
1277745180,0.00,22.82,0,24.596895183254798534798534798534799
1277745240,0.00,22.82,0,24.596895183254798534798534798534799
1277745300,0.00,22.82,0,24.596895183254798534798534798534799
1277745360,0.00,22.82,0,24.596895183254798534798534798534799
1277745420,0.00,22.82,0,24.596895183254798534798534798534799
1277745480,0.00,22.82,0,24.596895183254798534798534798534799
1277745540,0.00,22.82,0,24.596895183254798534798534798534799
1277745600,0.00,22.82,0,24.503358906131005484460694698354662
1277745660,0.00,22.82,0,24.596895183254798534798534798534799
1277745720,0.00,22.82,0,24.503358906131005484460694698354662
1277745780,0.00,22.82,0,24.690289542701834862385321100917431
1277745840,0.00,22.82,0,24.596895183254798534798534798534799
1277745900,0.00,22.82,0,24.783542092061176470588235294117647
1277745960,0.00,22.82,0,24.690289542701834862385321100917431
1277746020,0.00,22.82,0,24.783542092061176470588235294117647
1277746080,0.00,22.82,0,24.783542092061176470588235294117647
1277746140,0.00,22.82,0,24.783542092061176470588235294117647
1277746200,0.00,22.82,0,24.783542092061176470588235294117647
1277746260,0.00,22.82,0,24.690289542701834862385321100917431
1277746320,0.00,22.82,0,24.596895183254798534798534798534799
1277746380,0.00,22.82,0,24.596895183254798534798534798534799
1277746440,0.00,22.82,0,24.596895183254798534798534798534799
1277746500,0.00,22.82,0,24.596895183254798534798534798534799
1277746560,0.00,22.82,0,24.409680604526715328467153284671533
1277746620,0.00,22.82,0,24.503358906131005484460694698354662
1277746680,0.00,22.82,0,24.409680604526715328467153284671533
1277746740,0.00,22.82,0,24.409680604526715328467153284671533
1277746800,0.00,22.50,0,24.409680604526715328467153284671533
1277746860,0.00,22.50,0,24.315860172416357012750455373406193
1277746920,0.00,22.82,0,24.221897504545454545454545454545455
1277746980,0.00,22.82,0,24.127792496423629764065335753176044
1277747040,0.00,22.82,0,24.127792496423629764065335753176044
1277747100,0.00,22.50,0,23.939155045244737793851717902350814
1277747160,0.00,22.82,0,24.127792496423629764065335753176044
1277747220,0.00,22.82,0,24.033545044317681159420289855072464
1277747280,0.00,22.82,0,23.939155045244737793851717902350814
1277747340,0.00,22.82,0,24.033545044317681159420289855072464
1277747400,0.00,22.82,0,23.939155045244737793851717902350814
1277747460,0.00,22.50,0,23.844622396965487364620938628158845
1277747520,0.00,22.50,0,23.844622396965487364620938628158845
1277747580,0.00,22.50,0,23.655128747508489208633093525179856
1277747640,0.00,22.50,0,23.655128747508489208633093525179856
1277747700,0.00,22.50,0,23.749946997977477477477477477477477
1277747760,0.00,22.82,0,23.560167545509982046678635547576302
1277747820,0.00,22.50,0,23.560167545509982046678635547576302
1277747880,0.00,22.50,0,23.655128747508489208633093525179856
1277747940,0.00,22.50,0,23.655128747508489208633093525179856
1277748000,0.00,22.50,0,23.465063292650609318996415770609319
1277748060,0.00,22.50,0,23.369815890309803220035778175313059
1277748120,0.00,22.50,0,23.465063292650609318996415770609319
1277748180,0.00,22.50,0,23.369815890309803220035778175313059
1277748240,0.00,22.50,0,23.465063292650609318996415770609319
1277748300,0.00,22.50,0,23.465063292650609318996415770609319
1277748360,0.00,22.50,0,23.465063292650609318996415770609319
1277748420,0.00,22.50,0,23.465063292650609318996415770609319
1277748480,0.00,22.50,0,23.560167545509982046678635547576302
1277748540,0.00,22.50,0,23.465063292650609318996415770609319
1277748600,0.00,22.50,0,23.369815890309803220035778175313059
1277748660,0.00,22.50,0,23.465063292650609318996415770609319
1277748720,0.00,22.50,0,23.274425240571428571428571428571429
1277748780,0.00,22.50,0,23.465063292650609318996415770609319
1277748840,0.00,22.50,0,23.465063292650609318996415770609319
1277748900,0.00,22.50,0,23.369815890309803220035778175313059
1277748960,0.00,22.50,0,23.274425240571428571428571428571429
1277749020,0.00,22.50,0,23.369815890309803220035778175313059
1277749080,0.00,22.50,0,23.465063292650609318996415770609319
1277749140,0.00,22.50,0,23.369815890309803220035778175313059
1277749200,0.00,22.50,0,23.369815890309803220035778175313059
1277749260,0.00,22.50,0,23.369815890309803220035778175313059
1277749320,0.00,22.50,0,23.465063292650609318996415770609319
1277749380,0.00,22.50,0,23.655128747508489208633093525179856
1277749440,0.00,22.50,0,23.560167545509982046678635547576302
1277749500,0.00,22.50,0,23.369815890309803220035778175313059
1277749560,0.00,22.50,0,23.369815890309803220035778175313059
1277749620,0.00,22.50,0,23.560167545509982046678635547576302
1277749680,0.00,22.50,0,23.560167545509982046678635547576302
1277749740,0.00,22.50,0,23.655128747508489208633093525179856
1277749800,0.00,22.50,0,23.749946997977477477477477477477477
1277749860,0.00,22.50,0,23.465063292650609318996415770609319
1277749920,0.00,22.50,0,23.655128747508489208633093525179856
1277749980,0.00,22.50,0,23.655128747508489208633093525179856
1277750040,0.00,22.50,0,23.655128747508489208633093525179856
1277750100,0.00,22.50,0,23.749946997977477477477477477477477
1277750160,0.00,22.50,0,23.844622396965487364620938628158845
1277750220,0.00,22.50,0,23.749946997977477477477477477477477
1277750280,0.00,22.50,0,23.749946997977477477477477477477477
1277750340,0.00,22.50,0,23.560167545509982046678635547576302
1277750400,0.00,22.50,0,23.560167545509982046678635547576302
1277750460,0.00,22.50,0,23.655128747508489208633093525179856
1277750520,0.00,22.50,0,23.655128747508489208633093525179856
1277750580,0.00,22.50,0,23.655128747508489208633093525179856
1277750640,0.00,22.50,0,23.655128747508489208633093525179856
1277750700,0.00,22.50,0,23.560167545509982046678635547576302
1277750760,0.00,22.50,0,23.560167545509982046678635547576302
1277750820,0.00,22.50,0,23.465063292650609318996415770609319
1277750880,0.00,22.50,0,23.465063292650609318996415770609319
1277750940,0.00,22.18,0,23.749946997977477477477477477477477
1277751000,0.00,22.18,0,23.655128747508489208633093525179856
1277751060,0.00,22.50,0,23.465063292650609318996415770609319
1277751120,0.00,22.50,0,23.560167545509982046678635547576302
1277751180,0.00,22.50,0,23.749946997977477477477477477477477
1277751240,0.00,22.18,0,23.655128747508489208633093525179856
1277751300,0.00,22.18,0,23.560167545509982046678635547576302
1277751360,0.00,22.18,0,23.749946997977477477477477477477477
1277751420,0.00,22.50,0,23.560167545509982046678635547576302
1277751480,0.00,22.50,0,23.465063292650609318996415770609319
1277751540,0.00,22.50,0,23.655128747508489208633093525179856
1277751600,0.00,22.18,0,23.465063292650609318996415770609319
1277751660,0.00,22.18,0,23.369815890309803220035778175313059
1277751720,0.00,22.18,0,23.274425240571428571428571428571429
1277751780,0.00,22.50,0,23.178891246217504456327985739750446
1277751840,0.00,22.50,0,23.274425240571428571428571428571429
1277751900,0.00,22.18,0,23.274425240571428571428571428571429
1277751960,0.00,22.50,0,23.178891246217504456327985739750446
1277752020,0.00,22.18,0,23.274425240571428571428571428571429
1277752080,0.00,22.50,0,23.178891246217504456327985739750446
1277752140,0.00,22.50,0,23.274425240571428571428571428571429
1277752200,0.00,22.18,0,23.274425240571428571428571428571429
1277752260,0.00,22.18,0,23.083213810721992882562277580071174
1277752320,0.00,22.18,0,23.274425240571428571428571428571429
1277752380,0.00,22.18,0,23.274425240571428571428571428571429
1277752440,0.00,22.18,0,23.274425240571428571428571428571429
1277752500,0.00,22.18,0,23.369815890309803220035778175313059
1277752560,0.00,22.18,0,23.083213810721992882562277580071174
1277752620,0.00,22.18,0,23.465063292650609318996415770609319
1277752680,0.00,22.18,0,23.083213810721992882562277580071174
1277752740,0.00,22.18,0,23.465063292650609318996415770609319
1277752800,0.00,22.18,0,23.465063292650609318996415770609319
1277752860,0.00,22.18,0,23.369815890309803220035778175313059
1277752920,0.00,22.18,0,23.560167545509982046678635547576302
1277752980,0.00,22.18,0,23.369815890309803220035778175313059
1277753040,0.00,22.18,0,23.560167545509982046678635547576302
1277753100,0.00,22.18,0,23.465063292650609318996415770609319
1277753160,0.00,22.18,0,23.749946997977477477477477477477477
1277753220,0.00,22.50,0,23.465063292650609318996415770609319
1277753280,0.00,22.18,0,23.655128747508489208633093525179856
1277753340,0.00,22.18,0,23.655128747508489208633093525179856
1277753400,0.00,22.18,0,23.655128747508489208633093525179856
1277753460,0.00,22.18,0,23.749946997977477477477477477477477
1277753520,0.00,22.18,0,23.655128747508489208633093525179856
1277753580,0.00,22.18,0,23.560167545509982046678635547576302
1277753640,0.00,22.18,0,23.655128747508489208633093525179856
1277753700,0.00,22.18,0,23.560167545509982046678635547576302
1277753760,0.00,22.18,0,23.560167545509982046678635547576302
1277753820,0.00,22.18,0,23.369815890309803220035778175313059
1277753880,0.00,22.18,0,23.560167545509982046678635547576302
1277753940,0.00,22.18,0,23.560167545509982046678635547576302
1277754000,0.00,22.18,0,23.655128747508489208633093525179856
1277754060,0.00,22.18,0,23.560167545509982046678635547576302
1277754120,0.00,22.18,0,23.655128747508489208633093525179856
1277754180,0.00,22.18,0,23.655128747508489208633093525179856
1277754240,0.00,22.18,0,23.655128747508489208633093525179856
1277754300,0.00,22.18,0,23.560167545509982046678635547576302
1277754360,0.00,22.18,0,23.560167545509982046678635547576302
1277754420,0.00,22.18,0,23.749946997977477477477477477477477
1277754480,0.00,22.18,0,23.655128747508489208633093525179856
1277754540,0.00,22.18,0,23.655128747508489208633093525179856
1277754600,0.00,22.18,0,23.655128747508489208633093525179856
1277754660,0.00,22.18,0,23.655128747508489208633093525179856
1277754720,0.00,22.18,0,23.560167545509982046678635547576302
1277754780,0.00,22.18,0,23.560167545509982046678635547576302
1277754840,0.00,22.18,0,23.560167545509982046678635547576302
1277754900,0.00,22.18,0,23.560167545509982046678635547576302
1277754960,0.00,22.18,0,23.560167545509982046678635547576302
1277755020,0.00,22.18,0,23.274425240571428571428571428571429
1277755080,0.00,22.18,0,23.465063292650609318996415770609319
1277755140,0.00,22.18,0,23.655128747508489208633093525179856
1277755200,0.00,22.18,0,23.465063292650609318996415770609319
1277755260,0.00,22.18,0,23.369815890309803220035778175313059
1277755320,0.00,22.18,0,23.274425240571428571428571428571429
1277755380,0.00,22.18,0,23.274425240571428571428571428571429
1277755440,0.00,22.18,0,23.465063292650609318996415770609319
1277755500,0.00,22.18,0,23.560167545509982046678635547576302
1277755560,0.00,22.18,0,23.369815890309803220035778175313059
1277755620,0.00,22.18,0,23.369815890309803220035778175313059
1277755680,0.00,22.18,0,23.274425240571428571428571428571429
1277755740,0.00,22.18,0,23.369815890309803220035778175313059
1277755800,0.00,22.18,0,23.465063292650609318996415770609319
1277755860,0.00,22.18,0,23.369815890309803220035778175313059
1277755920,0.00,22.18,0,23.274425240571428571428571428571429
1277755980,0.00,22.18,0,23.369815890309803220035778175313059
1277756040,0.00,22.18,0,23.560167545509982046678635547576302
1277756100,0.00,22.18,0,23.465063292650609318996415770609319
1277756160,0.00,22.18,0,23.369815890309803220035778175313059
1277756220,0.00,22.18,0,23.369815890309803220035778175313059
1277756280,2.10,22.18,0,23.465063292650609318996415770609319
1277756340,2.10,22.18,0,23.560167545509982046678635547576302
1277756400,4.19,22.18,0,23.655128747508489208633093525179856
1277756460,6.29,22.18,0,23.655128747508489208633093525179856
1277756520,8.38,22.18,0,23.560167545509982046678635547576302
1277756580,10.47,22.18,0,23.844622396965487364620938628158845
1277756640,12.56,22.18,0,23.655128747508489208633093525179856
1277756700,14.65,22.18,0,23.655128747508489208633093525179856
1277756760,14.65,22.18,0,23.560167545509982046678635547576302
1277756820,18.82,22.18,0,23.465063292650609318996415770609319
1277756880,20.90,22.18,0,23.560167545509982046678635547576302
1277756940,20.90,22.50,0,23.844622396965487364620938628158845
1277757000,20.90,22.50,0,23.749946997977477477477477477477477
1277757060,22.98,22.50,0,23.749946997977477477477477477477477
1277757120,22.98,22.50,0,23.749946997977477477477477477477477
1277757180,25.06,22.50,0,23.749946997977477477477477477477477
1277757240,31.28,22.50,0,23.844622396965487364620938628158845
1277757300,41.62,22.50,0,23.844622396965487364620938628158845
1277757360,49.86,22.50,0,23.749946997977477477477477477477477
1277757420,60.11,22.50,0,23.939155045244737793851717902350814
1277757480,68.29,22.50,0,23.560167545509982046678635547576302
1277757540,76.43,22.50,0,23.655128747508489208633093525179856
1277757600,98.68,22.50,0,23.560167545509982046678635547576302
1277757660,138.57,22.50,0,23.655128747508489208633093525179856
1277757720,173.86,22.50,0,23.749946997977477477477477477477477
1277757780,202.82,22.50,0,23.749946997977477477477477477477477
1277757840,238.92,22.50,0,23.749946997977477477477477477477477
1277757900,266.96,22.50,0,23.655128747508489208633093525179856
1277757960,285.43,22.82,0,23.749946997977477477477477477477477
1277758020,305.54,22.82,0,23.844622396965487364620938628158845
1277758080,298.25,22.82,0,23.844622396965487364620938628158845
1277758140,279.91,22.82,0,23.844622396965487364620938628158845
1277758200,298.25,22.82,0,23.844622396965487364620938628158845
1277758260,357.51,22.82,0,23.844622396965487364620938628158845
1277758320,402.82,22.82,0,23.844622396965487364620938628158845
1277758380,433.47,22.82,0,23.939155045244737793851717902350814
1277758440,413.10,22.82,0,23.939155045244737793851717902350814
1277758500,387.27,22.82,0,24.033545044317681159420289855072464
1277758560,366.32,22.82,0,23.939155045244737793851717902350814
1277758620,369.83,22.82,0,23.939155045244737793851717902350814
1277758680,395.93,22.82,0,24.033545044317681159420289855072464
1277758740,461.89,22.82,0,23.939155045244737793851717902350814
1277758800,603.66,22.82,0,24.033545044317681159420289855072464
1277758860,787.72,23.14,0,24.221897504545454545454545454545455
1277758920,845.79,23.14,0,24.221897504545454545454545454545455
1277758980,806.31,23.14,0,24.221897504545454545454545454545455
1277759040,750.63,23.14,0,24.315860172416357012750455373406193
1277759100,673.31,23.14,0,24.221897504545454545454545454545455
1277759160,660.56,23.14,0,24.127792496423629764065335753176044
1277759220,680.32,23.14,0,24.315860172416357012750455373406193
1277759280,681.72,23.14,0,24.315860172416357012750455373406193
1277759340,726.84,23.14,0,24.315860172416357012750455373406193
1277759400,744.08,23.14,0,24.409680604526715328467153284671533
1277759460,736.16,23.14,0,24.409680604526715328467153284671533
1277759520,771.28,23.14,0,24.409680604526715328467153284671533
1277759580,849.28,23.14,0,24.503358906131005484460694698354662
1277759640,953.45,23.14,0,24.690289542701834862385321100917431
1277759700,1009.41,23.14,0,24.783542092061176470588235294117647
1277759760,994.21,23.47,0,24.783542092061176470588235294117647
1277759820,927.19,23.47,0,24.969622194843099630996309963099631
1277759880,868.76,23.47,0,24.969622194843099630996309963099631
1277759940,813.64,23.47,0,25.062449967435896487985212569316081
1277760000,775.10,23.47,0,24.969622194843099630996309963099631
1277760060,786.47,23.47,0,25.062449967435896487985212569316081
1277760120,797.69,23.47,0,25.062449967435896487985212569316081
1277760180,817.27,23.47,0,25.155136368296296296296296296296296
1277760240,838.76,23.47,0,25.155136368296296296296296296296296
1277760300,871.02,23.47,0,25.155136368296296296296296296296296
1277760360,868.76,23.79,0,25.247681509050055658627087198515770
1277760420,853.91,23.47,0,25.340085502152862453531598513011152
1277760480,728.18,23.79,0,25.340085502152862453531598513011152
1277760540,717.43,23.79,0,25.155136368296296296296296296296296
1277760600,614.07,23.79,0,25.340085502152862453531598513011152
1277760660,630.26,23.79,0,25.155136368296296296296296296296296
1277760720,594.66,23.79,0,25.155136368296296296296296296296296
1277760780,646.23,23.79,0,25.247681509050055658627087198515770
1277760840,628.80,23.79,0,25.155136368296296296296296296296296
1277760900,617.03,23.79,0,25.247681509050055658627087198515770
1277760960,611.11,23.79,0,25.340085502152862453531598513011152
1277761020,573.41,23.79,0,25.062449967435896487985212569316081
1277761080,588.63,23.79,0,25.155136368296296296296296296296296
1277761140,673.31,23.79,0,25.247681509050055658627087198515770
1277761200,817.27,24.11,0,25.247681509050055658627087198515770
1277761260,996.02,24.11,0,25.432348460898063314711359404096834
1277761320,1024.08,24.11,0,25.524470499424477611940298507462687
1277761380,995.12,24.11,0,25.524470499424477611940298507462687
1277761440,953.45,24.11,0,25.524470499424477611940298507462687
1277761500,894.29,24.11,0,25.524470499424477611940298507462687
1277761560,892.11,24.11,0,25.524470499424477611940298507462687
1277761620,945.50,24.11,0,25.432348460898063314711359404096834
1277761680,954.44,24.11,0,25.524470499424477611940298507462687
1277761740,968.05,24.11,0,25.524470499424477611940298507462687
1277761800,1017.24,24.11,0,25.524470499424477611940298507462687
1277761860,1014.65,24.43,0,25.524470499424477611940298507462687
1277761920,950.48,24.43,0,25.616451732724299065420560747663551
1277761980,907.23,24.43,0,25.432348460898063314711359404096834
1277762040,876.63,24.43,0,25.432348460898063314711359404096834
1277762100,874.39,24.43,0,25.432348460898063314711359404096834
1277762160,876.63,24.43,0,25.524470499424477611940298507462687
1277762220,906.16,24.43,0,25.616451732724299065420560747663551
1277762280,946.50,24.43,0,25.708292276651086142322097378277154
1277762340,1002.32,24.43,0,25.708292276651086142322097378277154
1277762400,1029.14,24.43,0,25.799992247927842401500938086303940
1277762460,1041.49,24.43,0,25.891551764155187969924812030075188
1277762520,1043.92,24.43,0,26.165388771885406427221172022684310
1277762580,1043.11,24.43,0,26.347246698054762808349146110056926
1277762640,1044.72,24.76,0,26.437966003798326996197718631178707
1277762700,1047.92,24.76,0,26.437966003798326996197718631178707
1277762760,1049.51,24.76,0,26.799448415172720306513409961685824
1277762820,1050.30,24.76,0,26.979354506461538461538461538461538
1277762880,1049.51,24.76,0,26.799448415172720306513409961685824
1277762940,1048.71,24.76,0,26.799448415172720306513409961685824
1277763000,1047.92,24.76,0,26.889470946958963531669865642994242
1277763060,1045.52,24.76,0,27.069099223477418111753371868978805
1277763120,1043.92,25.08,0,26.799448415172720306513409961685824
1277763180,1040.68,25.08,0,26.709286782298546845124282982791587
1277763240,1039.05,25.08,0,26.709286782298546845124282982791587
1277763300,1038.24,25.08,0,26.709286782298546845124282982791587
1277763360,1036.60,25.08,0,26.979354506461538461538461538461538
1277763420,1035.78,25.08,0,26.979354506461538461538461538461538
1277763480,1034.95,25.08,0,27.248172654258143133462282398452611
1277763540,1036.60,25.08,0,27.069099223477418111753371868978805
1277763600,1040.68,25.08,0,27.069099223477418111753371868978805
1277763660,1046.32,25.08,0,27.248172654258143133462282398452611
1277763720,1050.30,25.08,0,27.515744784856964980544747081712062
1277763780,1050.30,25.08,0,27.337501632667286821705426356589147
1277763840,1046.32,25.08,0,27.604659229502417153996101364522417
1277763900,1043.11,25.08,0,27.693435768855
1277763960,1043.92,25.08,0,27.604659229502417153996101364522417
1277764020,1047.12,25.08,0,27.426692297898058252427184466019417
1277764080,1046.32,25.08,0,27.426692297898058252427184466019417
1277764140,1043.92,25.08,0,27.515744784856964980544747081712062
1277764200,1047.12,25.08,0,27.337501632667286821705426356589147
1277764260,1049.51,25.08,0,27.158705228805868725868725868725869
1277764320,1050.30,25.08,0,27.248172654258143133462282398452611
1277764380,1049.51,25.40,0,27.426692297898058252427184466019417
1277764440,1048.71,25.40,0,27.337501632667286821705426356589147
1277764500,1049.51,25.40,0,27.248172654258143133462282398452611
1277764560,1049.51,25.40,0,27.248172654258143133462282398452611
1277764620,1049.51,25.40,0,27.426692297898058252427184466019417
1277764680,1048.71,25.40,0,27.158705228805868725868725868725869
1277764740,1044.72,25.40,0,27.248172654258143133462282398452611
1277764800,1041.49,25.40,0,27.337501632667286821705426356589147
1277764860,1040.68,25.40,0,27.426692297898058252427184466019417
1277764920,1028.30,25.40,0,27.248172654258143133462282398452611
1277764980,1041.49,25.40,0,27.337501632667286821705426356589147
1277765040,1044.72,25.40,0,27.248172654258143133462282398452611
1277765100,1034.95,25.40,0,27.337501632667286821705426356589147
1277765160,983.17,25.40,0,27.158705228805868725868725868725869
