time,latitude,longitude,light,temperature,temperature probe,altitude
06/28/2010 16:14:56,42.658188,-71.324066,1055.01,27.01,31.630700061863347639484978540772532,39
06/28/2010 16:16:01,42.658253,-71.32394,1045.52,27.33,32.041762692151887201735357917570499,44
06/28/2010 16:17:05,42.658237,-71.3239,1055.79,27.98,33.415414539966846846846846846846847,37
06/28/2010 16:18:09,42.658432,-71.32513,1061.95,28.62,34.284906172128267898383371824480370,43
06/28/2010 16:19:13,42.662354,-71.325714,1061.95,29.27,34.752914398175316159250585480093677,53
06/28/2010 16:20:17,42.664696,-71.32205,1062.71,29.59,34.752914398175316159250585480093677,41
06/28/2010 16:21:21,42.665062,-71.3192,1061.19,30.23,34.752914398175316159250585480093677,47
06/28/2010 16:22:25,42.66555,-71.31121,1058.88,30.56,34.752914398175316159250585480093677,55
06/28/2010 16:23:29,42.668602,-71.304756,1060.42,30.88,34.752914398175316159250585480093677,60
06/28/2010 16:24:33,42.669083,-71.30297,1062.71,31.20,34.907949024264705882352941176470588,60
06/28/2010 16:25:37,42.67145,-71.29553,1060.42,31.52,34.907949024264705882352941176470588,55
06/28/2010 16:26:41,42.67928,-71.29342,1058.88,31.52,34.830491886436431924882629107981221,62
06/28/2010 16:27:46,42.683235,-71.28287,1058.88,31.85,34.675216271560373831775700934579439,70
06/28/2010 16:28:50,42.686214,-71.27387,1062.71,31.85,34.675216271560373831775700934579439,68
06/28/2010 16:29:54,42.693035,-71.26967,1063.47,31.85,34.519456964976744186046511627906977,68
06/28/2010 16:30:58,42.70183,-71.25943,1061.19,31.85,34.441395222464547563805104408352668,52
06/28/2010 16:32:02,42.70437,-71.25332,1055.79,31.85,34.363211716450370370370370370370370,41
06/28/2010 16:33:06,42.710766,-71.265335,1059.65,31.85,34.206478317225069124423963133640553,49
06/28/2010 16:34:10,42.7285,-71.25167,1055.01,31.85,34.049254599072293577981651376146789,61
06/28/2010 16:35:15,42.722168,-71.245834,1052.66,31.85,33.970458203680228832951945080091533,69
06/28/2010 16:36:19,42.723965,-71.238235,1055.79,31.85,33.891538433365844748858447488584475,65
06/28/2010 16:37:23,42.72753,-71.232735,1061.19,31.85,33.970458203680228832951945080091533,63
06/28/2010 16:38:27,42.72855,-71.221756,1058.88,31.85,33.970458203680228832951945080091533,51
06/28/2010 16:39:31,42.73138,-71.218414,1059.65,31.85,33.970458203680228832951945080091533,67
06/28/2010 16:40:35,42.735638,-71.232834,1048.71,31.85,33.891538433365844748858447488584475,63
06/28/2010 16:41:39,42.73548,-71.21482,1058.11,31.85,33.891538433365844748858447488584475,46
06/28/2010 16:42:44,42.735683,-71.21072,1063.47,31.85,33.812495028091070615034168564920273,48
06/28/2010 16:43:48,42.735683,-71.21073,1064.23,31.85,33.574620437422986425339366515837104,50
06/28/2010 16:44:52,42.73567,-71.21073,1064.23,32.17,33.654036284301179138321995464852608,53
06/28/2010 16:45:56,42.73567,-71.21073,1064.99,32.17,33.812495028091070615034168564920273,52
06/28/2010 16:47:00,42.73567,-71.21073,1064.99,32.17,34.127927881971264367816091954022989,53
06/28/2010 16:48:04,42.73567,-71.21075,1065.74,32.49,34.206478317225069124423963133640553,52
06/28/2010 16:49:08,42.73567,-71.21075,1065.74,32.49,34.284906172128267898383371824480370,48
06/28/2010 16:50:12,42.735683,-71.21075,1065.74,32.49,34.284906172128267898383371824480370,46
06/28/2010 16:51:16,42.735683,-71.21077,1064.99,32.81,34.441395222464547563805104408352668,44
06/28/2010 16:52:20,42.735683,-71.21075,1064.99,32.81,34.597397221355198135198135198135198,41
06/28/2010 16:53:25,42.735847,-71.20995,1060.42,32.81,34.284906172128267898383371824480370,47
06/28/2010 16:54:29,42.735897,-71.2101,634.64,31.85,32.286850447674759825327510917030568,45
06/28/2010 16:55:33,42.735832,-71.21029,20.90,31.20,30.462350751333333333333333333333333,56
06/28/2010 16:56:37,42.735832,-71.21023,22.98,30.88,29.953696698649218106995884773662551,51
06/28/2010 16:57:41,42.735798,-71.21023,22.98,30.56,29.697566216779100204498977505112474,51
06/28/2010 16:58:45,42.735817,-71.21021,18.82,30.23,29.526141497413075356415478615071283,39
06/28/2010 16:59:49,42.735798,-71.21021,18.82,29.91,29.526141497413075356415478615071283,47
06/28/2010 17:00:53,42.735847,-71.21027,657.71,29.91,29.697566216779100204498977505112474,44
06/28/2010 17:01:57,42.735767,-71.21017,1053.44,29.59,30.293332140494937759336099585062241,38
06/28/2010 17:03:02,42.735767,-71.21017,1053.44,29.59,30.377907891632474012474012474012474,44
06/28/2010 17:04:06,42.735683,-71.21004,1053.44,29.27,30.546660898318121085594989561586639,36
06/28/2010 17:05:10,42.735733,-71.20995,1053.44,29.27,30.714883776515429769392033542976939,40
06/28/2010 17:06:14,42.735817,-71.21011,1053.44,29.27,30.882577986184210526315789473684211,42
06/28/2010 17:07:18,42.735832,-71.21018,1053.44,29.27,30.882577986184210526315789473684211,35
06/28/2010 17:08:23,42.735718,-71.210014,1052.66,29.27,30.798796872709915966386554621848739,52
06/28/2010 17:09:27,42.735817,-71.21008,1051.09,29.27,30.546660898318121085594989561586639,54
06/28/2010 17:10:31,42.735817,-71.21018,1050.30,28.95,30.546660898318121085594989561586639,48
06/28/2010 17:11:35,42.735783,-71.21013,1048.71,28.95,30.630838512803012552301255230125523,49
06/28/2010 17:12:39,42.735783,-71.2101,1047.92,28.95,30.798796872709915966386554621848739,52
06/28/2010 17:13:43,42.735767,-71.21013,1047.92,28.95,30.714883776515429769392033542976939,46
06/28/2010 17:14:48,42.735798,-71.21017,1047.92,28.62,30.630838512803012552301255230125523,51
06/28/2010 17:15:52,42.735928,-71.21035,1048.71,28.62,30.546660898318121085594989561586639,34
06/28/2010 17:16:56,42.735733,-71.21017,1049.51,28.62,30.462350751333333333333333333333333,32
06/28/2010 17:18:00,42.735752,-71.21017,1049.51,28.62,30.377907891632474012474012474012474,37
06/28/2010 17:19:04,42.735767,-71.21017,1050.30,28.62,30.377907891632474012474012474012474,40
06/28/2010 17:20:08,42.735798,-71.21018,1050.30,28.30,30.462350751333333333333333333333333,40
06/28/2010 17:21:12,42.735798,-71.21013,1050.30,28.30,30.462350751333333333333333333333333,44
06/28/2010 17:22:17,42.735798,-71.21008,1049.51,28.30,30.462350751333333333333333333333333,68
06/28/2010 17:23:21,42.735832,-71.21013,1048.71,28.62,30.377907891632474012474012474012474,50
06/28/2010 17:24:25,42.735798,-71.21015,1048.71,28.62,30.377907891632474012474012474012474,52
06/28/2010 17:25:29,42.735817,-71.21017,1047.92,28.30,30.377907891632474012474012474012474,44
06/28/2010 17:26:33,42.735817,-71.21013,1046.32,28.30,30.377907891632474012474012474012474,51
06/28/2010 17:27:37,42.735752,-71.21013,1045.52,28.30,30.293332140494937759336099585062241,48
06/28/2010 17:28:42,42.735798,-71.21013,1044.72,28.30,30.377907891632474012474012474012474,39
06/28/2010 17:29:46,42.735798,-71.21013,1043.92,28.30,30.377907891632474012474012474012474,40
06/28/2010 17:30:50,42.735817,-71.21013,1043.11,28.30,30.377907891632474012474012474012474,45
06/28/2010 17:31:54,42.735767,-71.21011,1041.49,28.30,30.293332140494937759336099585062241,50
06/28/2010 17:32:58,42.735783,-71.21013,1039.87,28.30,30.208623320680207039337474120082816,46
06/28/2010 17:34:02,42.735767,-71.21015,1037.42,28.30,30.293332140494937759336099585062241,53
06/28/2010 17:35:07,42.735767,-71.21015,1037.42,28.30,30.293332140494937759336099585062241,50
06/28/2010 17:36:11,42.735817,-71.21017,1037.42,28.30,30.293332140494937759336099585062241,42
06/28/2010 17:37:15,42.735847,-71.21018,1035.78,27.98,30.208623320680207039337474120082816,36
06/28/2010 17:38:19,42.735832,-71.2102,1034.13,28.30,30.123781256412561983471074380165289,38
06/28/2010 17:39:23,42.735832,-71.21017,1036.60,27.98,30.123781256412561983471074380165289,43
06/28/2010 17:40:28,42.735832,-71.21017,1039.05,27.98,30.123781256412561983471074380165289,41
06/28/2010 17:41:32,42.735767,-71.2101,1042.30,27.98,30.123781256412561983471074380165289,53
06/28/2010 17:42:36,42.735798,-71.21013,1043.92,27.98,30.123781256412561983471074380165289,52
06/28/2010 17:43:40,42.735832,-71.21021,1046.32,27.98,30.208623320680207039337474120082816,46
06/28/2010 17:44:44,42.735733,-71.21013,1047.12,28.30,30.208623320680207039337474120082816,59
06/28/2010 17:45:48,42.73556,-71.20988,1047.92,28.30,30.293332140494937759336099585062241,62
06/28/2010 17:46:53,42.735718,-71.21008,1046.32,28.30,30.208623320680207039337474120082816,63
06/28/2010 17:47:57,42.735783,-71.21011,1046.32,28.30,30.123781256412561983471074380165289,41
06/28/2010 17:49:01,42.735817,-71.21017,1043.92,28.30,30.123781256412561983471074380165289,38
06/28/2010 17:50:05,42.735817,-71.21018,1042.30,28.30,30.123781256412561983471074380165289,41
06/28/2010 17:51:09,42.735832,-71.2102,1041.49,28.30,30.123781256412561983471074380165289,43
06/28/2010 17:52:13,42.735798,-71.21017,1040.68,28.30,30.123781256412561983471074380165289,45
06/28/2010 17:53:17,42.735718,-71.2101,1038.24,27.98,30.123781256412561983471074380165289,60
06/28/2010 17:54:22,42.735783,-71.21017,1036.60,27.98,30.123781256412561983471074380165289,46
06/28/2010 17:55:26,42.735683,-71.21008,1036.60,27.98,30.123781256412561983471074380165289,62
06/28/2010 17:56:30,42.735733,-71.21015,1034.95,27.98,30.038805773365979381443298969072165,56
06/28/2010 17:57:34,42.735817,-71.21018,843.45,27.98,30.123781256412561983471074380165289,40
06/28/2010 17:58:38,42.735928,-71.210335,1004.10,27.98,29.953696698649218106995884773662551,5
06/28/2010 17:59:42,42.735897,-71.21029,989.64,27.98,29.783077089725901639344262295081967,31
06/28/2010 18:00:47,42.735817,-71.21021,1018.10,27.98,29.953696698649218106995884773662551,38
06/28/2010 18:01:51,42.735912,-71.21032,1036.60,28.30,30.123781256412561983471074380165289,35
06/28/2010 18:02:55,42.735897,-71.21032,1043.11,28.30,30.038805773365979381443298969072165,38
06/28/2010 18:03:59,42.735817,-71.2102,1044.72,27.98,30.123781256412561983471074380165289,52
06/28/2010 18:05:03,42.735832,-71.21017,1043.92,28.30,29.611921074653061224489795918367347,44
06/28/2010 18:06:07,42.735718,-71.21004,1042.30,28.30,30.038805773365979381443298969072165,52
06/28/2010 18:07:11,42.735783,-71.21013,1039.87,28.30,29.611921074653061224489795918367347,54
06/28/2010 18:08:15,42.735783,-71.21021,58.07,28.30,29.868453860791088295687885010266940,55
06/28/2010 18:09:20,42.73588,-71.21023,104.71,28.30,29.697566216779100204498977505112474,43
06/28/2010 18:10:24,42.735847,-71.21018,100.69,28.30,29.697566216779100204498977505112474,49
06/28/2010 18:11:28,42.735863,-71.21025,96.66,28.30,29.611921074653061224489795918367347,43
06/28/2010 18:12:32,42.73588,-71.21027,94.65,28.30,29.611921074653061224489795918367347,39
06/28/2010 18:13:36,42.735832,-71.21,1055.79,28.30,31.877726141334211663066954643628510,46
06/28/2010 18:14:40,42.73553,-71.2108,1044.72,28.95,33.733327730181818181818181818181818,45
06/28/2010 18:15:44,42.74183,-71.21378,1055.01,29.59,34.206478317225069124423963133640553,40
06/28/2010 18:16:48,42.746346,-71.23217,1055.01,29.91,34.284906172128267898383371824480370,42
06/28/2010 18:17:53,42.75267,-71.224335,1055.01,29.91,34.206478317225069124423963133640553,46
06/28/2010 18:18:57,42.759686,-71.22597,1058.11,30.23,34.206478317225069124423963133640553,48
06/28/2010 18:20:01,42.762962,-71.221535,1058.11,30.23,34.206478317225069124423963133640553,46
06/28/2010 18:21:05,42.7653,-71.23233,1059.65,30.56,34.363211716450370370370370370370370,47
06/28/2010 18:22:09,42.77667,-71.229164,1052.66,30.88,34.441395222464547563805104408352668,46
06/28/2010 18:23:13,42.77667,-71.22933,1051.87,30.88,34.284906172128267898383371824480370,46
06/28/2010 18:24:17,42.776833,-71.2295,1051.09,31.20,34.127927881971264367816091954022989,44
06/28/2010 18:25:21,42.776833,-71.22933,1050.30,31.20,34.049254599072293577981651376146789,44
06/28/2010 18:26:25,42.777,-71.22933,1050.30,31.20,34.049254599072293577981651376146789,45
06/28/2010 18:27:30,42.777,-71.2295,1049.51,31.52,34.049254599072293577981651376146789,47
06/28/2010 18:28:34,42.777,-71.2295,1047.92,31.52,33.970458203680228832951945080091533,46
06/28/2010 18:29:38,42.777,-71.2295,1047.12,31.85,33.970458203680228832951945080091533,46
06/28/2010 18:30:42,42.777164,-71.22966,1044.72,31.85,33.970458203680228832951945080091533,48
06/28/2010 18:31:46,42.776833,-71.2295,1043.92,31.85,33.970458203680228832951945080091533,48
06/28/2010 18:32:50,42.776833,-71.22933,1043.92,31.85,33.970458203680228832951945080091533,47
06/28/2010 18:33:54,42.77667,-71.229164,1045.52,31.85,33.970458203680228832951945080091533,46
06/28/2010 18:34:58,42.77667,-71.227165,1057.34,32.17,34.127927881971264367816091954022989,46
06/28/2010 18:36:02,42.769264,-71.219894,1059.65,32.17,34.363211716450370370370370370370370,47
06/28/2010 18:37:06,42.765217,-71.21859,1054.23,31.85,34.363211716450370370370370370370370,45
06/28/2010 18:38:10,42.760082,-71.225815,1058.88,31.52,34.284906172128267898383371824480370,48
06/28/2010 18:39:15,42.753216,-71.22513,1049.51,31.20,34.206478317225069124423963133640553,45
06/28/2010 18:40:19,42.74735,-71.21847,1052.66,31.20,33.970458203680228832951945080091533,41
06/28/2010 18:41:23,42.743034,-71.21382,954.44,30.88,33.812495028091070615034168564920273,46
06/28/2010 18:42:27,42.735847,-71.2113,1060.42,30.88,33.812495028091070615034168564920273,43
06/28/2010 18:43:31,42.735817,-71.20995,1061.95,31.20,33.891538433365844748858447488584475,48
06/28/2010 18:44:35,42.735832,-71.20995,1062.71,31.52,34.049254599072293577981651376146789,53
06/28/2010 18:45:39,42.735832,-71.20995,1063.47,31.85,34.206478317225069124423963133640553,55
06/28/2010 18:46:43,42.735847,-71.20994,1064.23,32.17,34.363211716450370370370370370370370,53
06/28/2010 18:47:47,42.735847,-71.20994,1063.47,32.17,34.363211716450370370370370370370370,53
06/28/2010 18:48:51,42.735847,-71.20994,1063.47,32.17,34.597397221355198135198135198135198,52
06/28/2010 18:49:55,42.735832,-71.20994,1064.23,32.49,34.597397221355198135198135198135198,52
06/28/2010 18:50:59,42.735817,-71.20994,1064.23,32.49,34.830491886436431924882629107981221,53
06/28/2010 18:52:03,42.735832,-71.20995,1063.47,32.81,34.907949024264705882352941176470588,60
06/28/2010 18:53:08,42.735847,-71.20994,1063.47,32.81,34.985286102297358490566037735849057,59
06/28/2010 18:54:12,42.735832,-71.20994,1062.71,33.13,34.985286102297358490566037735849057,57
06/28/2010 18:55:16,42.735832,-71.20994,1061.95,33.13,35.062503413919952718676122931442080,57
06/28/2010 18:56:20,42.735817,-71.20994,1061.95,33.13,35.062503413919952718676122931442080,55
06/28/2010 18:57:24,42.735817,-71.20994,1060.42,33.13,35.062503413919952718676122931442080,52
06/28/2010 18:58:28,42.735817,-71.20994,1058.88,33.13,35.062503413919952718676122931442080,51
06/28/2010 18:59:32,42.735798,-71.20994,1057.34,33.46,34.985286102297358490566037735849057,48
06/28/2010 19:00:36,42.735783,-71.20995,1055.79,33.13,34.907949024264705882352941176470588,52
06/28/2010 19:01:40,42.735783,-71.20995,1054.23,33.46,34.830491886436431924882629107981221,52
06/28/2010 19:02:44,42.735798,-71.20994,1053.44,33.46,34.752914398175316159250585480093677,53
06/28/2010 19:03:48,42.735817,-71.20994,1050.30,33.13,34.597397221355198135198135198135198,52
06/28/2010 19:04:52,42.735817,-71.20994,1047.92,33.13,34.519456964976744186046511627906977,53
06/28/2010 19:05:56,42.735832,-71.20994,1044.72,33.13,34.441395222464547563805104408352668,55
06/28/2010 19:07:00,42.735832,-71.20992,1043.92,33.13,34.363211716450370370370370370370370,57
06/28/2010 19:08:04,42.735832,-71.20992,1042.30,33.13,34.284906172128267898383371824480370,57
06/28/2010 19:09:08,42.735832,-71.20992,1040.68,33.13,34.206478317225069124423963133640553,55
06/28/2010 19:10:12,42.735832,-71.20992,1039.87,33.13,34.206478317225069124423963133640553,52
06/28/2010 19:11:16,42.735832,-71.20992,1039.87,33.13,34.127927881971264367816091954022989,51
06/28/2010 19:12:20,42.735817,-71.20992,1041.49,32.81,34.127927881971264367816091954022989,49
06/28/2010 19:13:24,42.735817,-71.20992,1043.92,32.81,34.049254599072293577981651376146789,50
06/28/2010 19:14:28,42.735817,-71.20992,1048.71,32.49,33.495079938805733634311512415349887,52
06/28/2010 19:15:33,42.735798,-71.21011,441.89,31.52,30.966227303295527426160337552742616,47
06/28/2010 19:16:37,42.735683,-71.20994,705.21,30.88,30.208623320680207039337474120082816,55
06/28/2010 19:17:41,42.735783,-71.21021,746.70,30.56,29.440227320473495934959349593495935,40
06/28/2010 19:18:45,42.735718,-71.21,782.69,30.23,30.208623320680207039337474120082816,59
06/28/2010 19:19:49,42.735767,-71.21015,802.63,29.59,29.181675565550505050505050505050505,41
06/28/2010 19:20:53,42.735683,-71.21013,818.48,29.27,29.783077089725901639344262295081967,37
06/28/2010 19:21:57,42.735752,-71.21013,850.44,28.95,29.526141497413075356415478615071283,47
06/28/2010 19:23:01,42.735767,-71.21007,865.36,28.95,29.611921074653061224489795918367347,55
06/28/2010 19:24:05,42.735783,-71.21008,878.86,28.62,29.611921074653061224489795918367347,58
06/28/2010 19:25:09,42.735817,-71.210014,891.01,28.62,29.611921074653061224489795918367347,74
06/28/2010 19:26:13,42.735863,-71.21013,885.52,28.62,29.354178380584056795131845841784990,58
06/28/2010 19:27:17,42.735798,-71.21013,894.29,28.62,29.953696698649218106995884773662551,47
06/28/2010 19:28:22,42.735863,-71.21013,888.82,28.62,29.783077089725901639344262295081967,62
06/28/2010 19:29:26,42.735798,-71.2101,894.29,28.30,29.267994515816356275303643724696356,48
06/28/2010 19:30:30,42.735783,-71.21007,904.02,28.30,29.008631772508370221327967806841046,50
06/28/2010 19:31:34,42.735817,-71.21004,902.95,28.30,29.868453860791088295687885010266940,59
06/28/2010 19:32:38,42.735817,-71.21008,892.11,28.30,29.783077089725901639344262295081967,55
06/28/2010 19:33:42,42.735752,-71.2101,886.62,28.30,29.611921074653061224489795918367347,40
06/28/2010 19:34:46,42.735683,-71.20994,876.63,28.30,29.611921074653061224489795918367347,52
06/28/2010 19:35:50,42.735767,-71.21005,865.36,28.30,29.783077089725901639344262295081967,62
06/28/2010 19:36:54,42.735752,-71.21008,858.51,28.30,29.181675565550505050505050505050505,52
06/28/2010 19:37:58,42.735718,-71.21004,850.44,28.30,29.440227320473495934959349593495935,45
06/28/2010 19:39:02,42.735733,-71.21011,829.28,28.30,30.038805773365979381443298969072165,35
06/28/2010 19:40:06,42.735718,-71.21005,807.54,28.30,29.440227320473495934959349593495935,40
06/28/2010 19:41:10,42.735733,-71.20992,786.47,27.98,30.377907891632474012474012474012474,54
06/28/2010 19:42:15,42.735683,-71.20991,771.28,27.98,29.697566216779100204498977505112474,62
06/28/2010 19:43:19,42.735703,-71.21005,762.30,28.30,29.354178380584056795131845841784990,48
06/28/2010 19:44:23,42.735767,-71.21015,676.12,27.98,29.095221370461935483870967741935484,47
06/28/2010 19:45:27,42.735718,-71.21,573.41,27.98,29.697566216779100204498977505112474,67
06/28/2010 19:46:31,42.735847,-71.21021,505.95,27.98,29.783077089725901639344262295081967,50
06/28/2010 19:47:35,42.735703,-71.209984,465.20,27.98,29.526141497413075356415478615071283,60
06/28/2010 19:48:39,42.735767,-71.21007,436.84,27.66,29.267994515816356275303643724696356,46
06/28/2010 19:49:43,42.735783,-71.21013,423.32,27.66,29.440227320473495934959349593495935,42
06/28/2010 19:50:47,42.735767,-71.21005,425.02,27.98,29.095221370461935483870967741935484,65
06/28/2010 19:51:51,42.73562,-71.20986,430.10,27.98,29.354178380584056795131845841784990,56
06/28/2010 19:52:55,42.73558,-71.20997,418.22,27.98,29.440227320473495934959349593495935,39
06/28/2010 19:54:00,42.73567,-71.21,395.93,27.98,29.181675565550505050505050505050505,57
06/28/2010 19:55:04,42.735817,-71.21023,371.58,27.66,29.267994515816356275303643724696356,47
06/28/2010 19:56:08,42.735817,-71.21025,362.80,27.66,29.181675565550505050505050505050505,44
06/28/2010 19:57:12,42.735733,-71.21004,378.57,27.66,29.440227320473495934959349593495935,72
06/28/2010 19:58:16,42.735767,-71.21008,421.62,27.98,29.181675565550505050505050505050505,42
06/28/2010 19:59:20,42.735832,-71.2101,453.59,27.66,29.181675565550505050505050505050505,45
06/28/2010 20:00:25,42.735767,-71.210014,455.25,27.66,29.440227320473495934959349593495935,46
06/28/2010 20:01:29,42.735783,-71.21011,436.84,27.66,29.267994515816356275303643724696356,54
06/28/2010 20:02:33,42.735783,-71.2102,428.41,27.66,28.921906614916947791164658634538153,42
06/28/2010 20:03:37,42.735767,-71.2101,421.62,27.98,29.440227320473495934959349593495935,45
06/28/2010 20:04:41,42.735718,-71.21,409.68,27.66,29.440227320473495934959349593495935,44
06/28/2010 20:05:45,42.735783,-71.20997,401.10,27.98,29.354178380584056795131845841784990,42
06/28/2010 20:06:49,42.735718,-71.21008,383.80,27.98,29.267994515816356275303643724696356,51
06/28/2010 20:07:54,42.735767,-71.21029,355.75,27.98,29.354178380584056795131845841784990,40
06/28/2010 20:08:58,42.735767,-71.21008,316.42,27.66,28.921906614916947791164658634538153,55
06/28/2010 20:10:02,42.735733,-71.210014,279.91,27.66,29.526141497413075356415478615071283,57
06/28/2010 20:11:06,42.735733,-71.21007,248.31,27.66,28.921906614916947791164658634538153,51
06/28/2010 20:12:10,42.735733,-71.21,225.69,27.66,29.095221370461935483870967741935484,48
06/28/2010 20:13:14,42.735783,-71.21011,202.82,27.66,29.095221370461935483870967741935484,46
06/28/2010 20:14:18,42.735752,-71.210014,177.74,27.66,29.095221370461935483870967741935484,55
06/28/2010 20:15:23,42.735733,-71.21004,156.29,27.66,28.398700294466031746031746031746032,61
06/28/2010 20:16:27,42.735703,-71.20997,138.57,27.66,29.267994515816356275303643724696356,75
06/28/2010 20:17:31,42.735653,-71.20975,124.69,27.66,28.660916235362115768463073852295409,115
06/28/2010 20:18:35,42.735603,-71.20969,116.72,27.33,28.74804900000,107
06/28/2010 20:19:39,42.735683,-71.20994,108.72,27.33,28.835045742171503006012024048096192,67
06/28/2010 20:20:43,42.735783,-71.21011,104.71,27.33,28.398700294466031746031746031746032,49
06/28/2010 20:21:47,42.735767,-71.21007,108.72,27.33,28.835045742171503006012024048096192,55
06/28/2010 20:22:51,42.735783,-71.21013,122.70,27.01,28.835045742171503006012024048096192,51
06/28/2010 20:23:55,42.735718,-71.21017,112.72,27.01,28.74804900000,56
06/28/2010 20:25:00,42.735912,-71.21025,108.72,27.01,28.486242032611013916500994035785288,37
06/28/2010 20:26:04,42.735767,-71.21007,98.68,27.01,28.311021933767326732673267326732673,52
06/28/2010 20:27:08,42.735767,-71.21023,96.66,26.69,28.660916235362115768463073852295409,45
06/28/2010 20:28:12,42.735733,-71.21007,88.59,26.69,28.398700294466031746031746031746032,59
06/28/2010 20:29:16,42.735798,-71.21007,86.57,27.01,28.223206803452015810276679841897233,40
06/28/2010 20:30:20,42.735703,-71.21021,80.49,27.01,28.047165651509921259842519685039370,32
06/28/2010 20:31:25,42.735638,-71.21,74.40,26.69,28.311021933767326732673267326732673,67
06/28/2010 20:32:29,42.735817,-71.21021,70.33,26.69,28.486242032611013916500994035785288,48
06/28/2010 20:33:33,42.735847,-71.21023,64.20,27.01,28.223206803452015810276679841897233,41
06/28/2010 20:34:37,42.735752,-71.21021,56.02,27.01,28.135254757617475345167652859960552,53
06/28/2010 20:35:41,42.735817,-71.2102,51.91,27.01,28.660916235362115768463073852295409,43
06/28/2010 20:36:45,42.735832,-71.21021,47.80,27.01,28.486242032611013916500994035785288,42
06/28/2010 20:37:50,42.735832,-71.21021,43.68,27.01,28.573647296436972111553784860557769,43
06/28/2010 20:38:54,42.735817,-71.2102,41.62,27.01,28.486242032611013916500994035785288,44
06/28/2010 20:39:58,42.735783,-71.21018,39.56,26.69,28.398700294466031746031746031746032,46
06/28/2010 20:41:02,42.735767,-71.21015,35.42,26.69,28.223206803452015810276679841897233,46
06/28/2010 20:42:06,42.735817,-71.21018,31.28,26.69,28.135254757617475345167652859960552,44
06/28/2010 20:43:10,42.735798,-71.21018,29.21,26.69,28.660916235362115768463073852295409,45
06/28/2010 20:44:15,42.735783,-71.21011,27.13,26.69,28.135254757617475345167652859960552,48
06/28/2010 20:45:19,42.735783,-71.21011,25.06,26.69,27.958939341513123772102161100196464,51
06/28/2010 20:46:23,42.735798,-71.2102,22.98,26.37,27.604659229502417153996101364522417,48
06/28/2010 20:47:27,42.735817,-71.21017,22.98,26.37,28.135254757617475345167652859960552,48
06/28/2010 20:48:31,42.735733,-71.2101,22.98,26.37,27.693435768855,56
06/28/2010 20:49:35,42.735767,-71.21013,22.98,26.37,28.311021933767326732673267326732673,50
06/28/2010 20:50:39,42.735703,-71.2101,20.90,26.37,28.223206803452015810276679841897233,56
06/28/2010 20:51:43,42.735832,-71.21027,20.90,26.69,28.047165651509921259842519685039370,41
06/28/2010 20:52:48,42.735733,-71.21013,18.82,26.69,28.398700294466031746031746031746032,69
06/28/2010 20:53:52,42.735718,-71.21011,18.82,26.37,27.870575685137254901960784313725490,63
06/28/2010 20:54:56,42.735683,-71.21011,18.82,26.37,27.958939341513123772102161100196464,59
06/28/2010 20:56:00,42.735733,-71.21015,18.82,26.37,27.870575685137254901960784313725490,53
06/28/2010 20:57:04,42.735767,-71.21017,18.82,26.37,27.693435768855,43
06/28/2010 20:58:08,42.735683,-71.21008,16.73,26.04,28.573647296436972111553784860557769,51
06/28/2010 20:59:12,42.735703,-71.21008,18.82,26.04,27.958939341513123772102161100196464,45
06/28/2010 21:00:16,42.735847,-71.21021,16.73,26.04,28.223206803452015810276679841897233,31
06/28/2010 21:01:20,42.73588,-71.21023,18.82,25.72,27.069099223477418111753371868978805,30
06/28/2010 21:02:25,42.735733,-71.2101,18.82,25.72,27.604659229502417153996101364522417,66
06/28/2010 21:03:29,42.735703,-71.21011,18.82,25.72,27.782074541007866927592954990215264,60
06/28/2010 21:04:33,42.735733,-71.21015,18.82,25.72,27.782074541007866927592954990215264,53
06/28/2010 21:05:37,42.735733,-71.21015,16.73,25.72,27.515744784856964980544747081712062,48
06/28/2010 21:06:41,42.735752,-71.21015,18.82,25.72,27.782074541007866927592954990215264,47
06/28/2010 21:07:45,42.735752,-71.21011,18.82,25.72,27.426692297898058252427184466019417,53
06/28/2010 21:08:49,42.735817,-71.2102,18.82,25.72,27.515744784856964980544747081712062,45
06/28/2010 21:09:53,42.735683,-71.21008,18.82,25.72,27.870575685137254901960784313725490,63
06/28/2010 21:10:58,42.735703,-71.21011,18.82,25.72,27.515744784856964980544747081712062,55
06/28/2010 21:12:02,42.735718,-71.21008,16.73,25.72,26.889470946958963531669865642994242,46
06/28/2010 21:13:06,42.735733,-71.21021,18.82,25.72,27.693435768855,57
06/28/2010 21:14:10,42.735653,-71.21005,16.73,25.72,26.618985920515419847328244274809160,61
06/28/2010 21:15:14,42.735817,-71.21017,18.82,25.72,27.515744784856964980544747081712062,34
06/28/2010 21:16:18,42.735847,-71.21015,16.73,25.72,27.515744784856964980544747081712062,51
06/28/2010 21:17:23,42.735817,-71.21015,16.73,25.40,27.158705228805868725868725868725869,47
06/28/2010 21:18:27,42.735703,-71.21011,18.82,25.40,26.979354506461538461538461538461538,54
06/28/2010 21:19:31,42.735683,-71.21011,18.82,25.40,26.979354506461538461538461538461538,66
06/28/2010 21:20:35,42.735733,-71.21008,18.82,25.40,27.158705228805868725868725868725869,46
06/28/2010 21:21:39,42.735718,-71.21007,16.73,25.40,26.889470946958963531669865642994242,63
06/28/2010 21:22:43,42.735653,-71.21017,16.73,25.40,26.889470946958963531669865642994242,76
06/28/2010 21:23:47,42.735703,-71.21011,16.73,25.40,27.069099223477418111753371868978805,57
06/28/2010 21:24:52,42.735683,-71.21008,18.82,25.08,26.979354506461538461538461538461538,65
06/28/2010 21:25:56,42.735718,-71.21011,16.73,25.08,27.337501632667286821705426356589147,63
06/28/2010 21:27:00,42.735798,-71.21013,18.82,25.08,26.709286782298546845124282982791587,31
06/28/2010 21:28:04,42.735683,-71.21008,16.73,25.08,26.618985920515419847328244274809160,53
06/28/2010 21:29:08,42.735783,-71.21011,16.73,25.08,26.618985920515419847328244274809160,43
06/28/2010 21:30:12,42.735703,-71.2101,16.73,25.08,27.515744784856964980544747081712062,56
06/28/2010 21:31:16,42.735783,-71.21011,16.73,24.76,26.437966003798326996197718631178707,45
06/28/2010 21:32:20,42.735832,-71.21023,16.73,24.76,26.618985920515419847328244274809160,43
06/28/2010 21:33:24,42.735832,-71.2102,16.73,24.76,26.709286782298546845124282982791587,42
06/28/2010 21:34:29,42.735653,-71.2101,16.73,24.76,26.528545702976190476190476190476190,72
06/28/2010 21:35:33,42.735683,-71.2101,16.73,24.76,27.248172654258143133462282398452611,60
06/28/2010 21:36:37,42.735832,-71.21004,14.65,24.76,27.248172654258143133462282398452611,56
06/28/2010 21:37:41,42.735817,-71.21015,14.65,24.76,26.437966003798326996197718631178707,27
06/28/2010 21:38:45,42.735733,-71.21013,16.73,24.76,26.799448415172720306513409961685824,50
06/28/2010 21:39:49,42.735767,-71.21017,16.73,24.43,26.618985920515419847328244274809160,33
06/28/2010 21:40:53,42.735733,-71.21011,16.73,24.43,26.618985920515419847328244274809160,49
06/28/2010 21:41:57,42.735798,-71.21015,18.82,24.43,26.709286782298546845124282982791587,54
06/28/2010 21:43:02,42.735767,-71.21008,16.73,24.43,26.709286782298546845124282982791587,13
06/28/2010 21:44:06,42.735798,-71.21018,16.73,24.43,26.347246698054762808349146110056926,29
06/28/2010 21:45:10,42.735767,-71.21015,16.73,24.43,26.618985920515419847328244274809160,26
06/28/2010 21:46:14,42.735798,-71.21013,16.73,24.43,26.618985920515419847328244274809160,40
06/28/2010 21:47:18,42.735733,-71.21011,16.73,24.43,26.347246698054762808349146110056926,66
06/28/2010 21:48:22,42.735767,-71.21015,14.65,24.11,26.528545702976190476190476190476190,52
06/28/2010 21:49:26,42.735767,-71.21013,14.65,24.11,27.515744784856964980544747081712062,48
06/28/2010 21:50:31,42.735832,-71.21025,16.73,24.11,26.437966003798326996197718631178707,43
06/28/2010 21:51:35,42.735817,-71.21018,16.73,24.11,26.347246698054762808349146110056926,49
06/28/2010 21:52:39,42.735783,-71.21015,16.73,24.11,26.165388771885406427221172022684310,47
06/28/2010 21:53:43,42.735817,-71.21018,16.73,24.11,26.437966003798326996197718631178707,29
06/28/2010 21:54:47,42.735752,-71.21017,16.73,24.11,26.799448415172720306513409961685824,33
06/28/2010 21:55:51,42.735683,-71.21011,16.73,23.79,26.979354506461538461538461538461538,75
06/28/2010 21:56:56,42.735832,-71.2101,16.73,23.79,26.165388771885406427221172022684310,33
06/28/2010 21:58:00,42.735767,-71.21013,16.73,23.79,26.618985920515419847328244274809160,60
06/28/2010 21:59:04,42.735798,-71.2102,18.82,24.11,26.618985920515419847328244274809160,58
06/28/2010 22:00:08,42.735767,-71.21013,16.73,24.11,26.709286782298546845124282982791587,47
06/28/2010 22:01:12,42.735817,-71.21025,16.73,24.11,26.528545702976190476190476190476190,29
06/28/2010 22:02:17,42.735752,-71.21015,14.65,24.11,25.891551764155187969924812030075188,52
06/28/2010 22:03:21,42.73588,-71.21029,16.73,24.11,26.165388771885406427221172022684310,29
06/28/2010 22:04:25,42.735847,-71.21021,16.73,23.79,26.799448415172720306513409961685824,33
06/28/2010 22:05:29,42.735767,-71.21008,16.73,24.11,26.347246698054762808349146110056926,53
06/28/2010 22:06:33,42.735752,-71.21004,16.73,23.79,26.347246698054762808349146110056926,48
06/28/2010 22:07:37,42.735783,-71.21011,16.73,24.11,26.074249906301886792452830188679245,43
06/28/2010 22:08:41,42.735783,-71.21017,14.65,24.11,26.347246698054762808349146110056926,36
06/28/2010 22:09:46,42.735733,-71.21008,16.73,24.11,26.165388771885406427221172022684310,49
06/28/2010 22:10:50,42.735783,-71.21013,18.82,24.11,26.618985920515419847328244274809160,49
06/28/2010 22:11:54,42.735798,-71.21011,16.73,24.11,26.165388771885406427221172022684310,46
06/28/2010 22:12:58,42.73567,-71.21008,18.82,24.11,26.437966003798326996197718631178707,69
06/28/2010 22:14:02,42.73567,-71.21007,16.73,24.11,26.165388771885406427221172022684310,65
06/28/2010 22:15:06,42.735718,-71.21007,16.73,24.11,26.709286782298546845124282982791587,53
06/28/2010 22:16:11,42.735752,-71.21005,18.82,24.11,26.347246698054762808349146110056926,38
06/28/2010 22:17:15,42.735733,-71.21004,16.73,23.79,26.165388771885406427221172022684310,51
06/28/2010 22:18:19,42.73607,-71.21067,16.73,23.79,26.165388771885406427221172022684310,53
06/28/2010 22:19:23,42.735703,-71.209984,16.73,23.79,26.074249906301886792452830188679245,47
06/28/2010 22:20:27,42.735733,-71.21007,16.73,23.79,25.616451732724299065420560747663551,58
06/28/2010 22:21:31,42.735798,-71.21017,18.82,23.79,25.982970943819623352165725047080979,21
06/28/2010 22:22:35,42.735783,-71.21008,16.73,23.47,25.891551764155187969924812030075188,27
06/28/2010 22:23:40,42.735733,-71.21018,16.73,23.47,25.708292276651086142322097378277154,6
06/28/2010 22:24:44,42.735767,-71.21008,16.73,23.47,25.432348460898063314711359404096834,39
06/28/2010 22:25:48,42.735798,-71.2101,14.65,23.47,25.708292276651086142322097378277154,36
06/28/2010 22:26:52,42.735798,-71.21005,14.65,23.47,25.616451732724299065420560747663551,43
06/28/2010 22:27:56,42.735783,-71.21021,16.73,23.47,25.247681509050055658627087198515770,33
06/28/2010 22:29:00,42.735783,-71.21013,14.65,23.47,25.340085502152862453531598513011152,24
06/28/2010 22:30:05,42.735783,-71.21013,16.73,23.47,25.982970943819623352165725047080979,33
06/28/2010 22:31:09,42.735752,-71.21011,16.73,23.47,25.432348460898063314711359404096834,25
06/28/2010 22:32:13,42.735817,-71.21017,16.73,23.14,25.708292276651086142322097378277154,33
06/28/2010 22:33:17,42.735783,-71.21015,16.73,23.14,25.708292276651086142322097378277154,36
06/28/2010 22:34:21,42.735733,-71.21015,14.65,23.14,25.799992247927842401500938086303940,26
06/28/2010 22:35:25,42.735783,-71.21015,14.65,23.14,25.340085502152862453531598513011152,25
06/28/2010 22:36:30,42.735718,-71.21018,16.73,23.14,25.432348460898063314711359404096834,10
06/28/2010 22:37:34,42.73567,-71.21007,14.65,23.14,25.524470499424477611940298507462687,9
06/28/2010 22:38:38,42.735703,-71.210014,14.65,23.14,25.247681509050055658627087198515770,29
06/28/2010 22:39:42,42.735703,-71.2101,14.65,23.14,25.799992247927842401500938086303940,27
06/28/2010 22:40:46,42.735733,-71.21025,16.73,23.14,25.247681509050055658627087198515770,24
06/28/2010 22:41:50,42.735733,-71.21017,16.73,23.14,25.247681509050055658627087198515770,30
06/28/2010 22:42:55,42.735767,-71.20986,14.65,22.82,25.616451732724299065420560747663551,86
06/28/2010 22:43:59,42.735733,-71.20997,14.65,22.82,25.891551764155187969924812030075188,56
06/28/2010 22:45:03,42.735703,-71.21005,14.65,22.82,25.062449967435896487985212569316081,39
06/28/2010 22:46:07,42.735733,-71.21015,14.65,22.82,25.155136368296296296296296296296296,34
06/28/2010 22:47:11,42.735767,-71.21018,16.73,22.82,25.524470499424477611940298507462687,32
06/28/2010 22:48:15,42.735752,-71.21004,14.65,22.82,25.432348460898063314711359404096834,49
06/28/2010 22:49:20,42.735752,-71.21004,14.65,22.50,25.247681509050055658627087198515770,57
06/28/2010 22:50:24,42.735752,-71.209984,14.65,22.82,25.247681509050055658627087198515770,56
06/28/2010 22:51:28,42.735863,-71.21023,16.73,22.50,25.524470499424477611940298507462687,68
06/28/2010 22:52:32,42.735767,-71.21005,14.65,22.82,25.524470499424477611940298507462687,56
06/28/2010 22:53:36,42.735783,-71.2102,14.65,22.50,24.596895183254798534798534798534799,39
06/28/2010 22:54:40,42.735783,-71.21018,14.65,22.82,24.969622194843099630996309963099631,44
06/28/2010 22:55:45,42.735798,-71.21015,14.65,22.82,24.876652939714438305709023941068140,40
06/28/2010 22:56:49,42.735767,-71.21008,16.73,22.82,25.432348460898063314711359404096834,50
06/28/2010 22:57:53,42.735767,-71.21008,14.65,22.82,24.876652939714438305709023941068140,51
06/28/2010 22:58:57,42.735783,-71.21005,14.65,22.82,25.616451732724299065420560747663551,57
06/28/2010 23:00:01,42.735783,-71.21007,16.73,22.82,25.062449967435896487985212569316081,52
06/28/2010 23:01:05,42.735767,-71.21005,16.73,22.82,24.876652939714438305709023941068140,54
06/28/2010 23:02:09,42.735752,-71.209984,14.65,22.82,25.062449967435896487985212569316081,58
06/28/2010 23:03:14,42.735718,-71.21007,16.73,22.82,24.969622194843099630996309963099631,58
06/28/2010 23:04:18,42.735767,-71.2101,16.73,22.82,25.247681509050055658627087198515770,57
06/28/2010 23:05:22,42.735718,-71.210014,14.65,22.82,24.783542092061176470588235294117647,61
06/28/2010 23:06:26,42.73588,-71.21013,16.73,22.82,25.524470499424477611940298507462687,54
06/28/2010 23:07:30,42.73588,-71.21018,16.73,22.82,24.596895183254798534798534798534799,52
06/28/2010 23:08:34,42.735847,-71.21017,14.65,22.82,24.876652939714438305709023941068140,48
06/28/2010 23:09:39,42.735798,-71.21011,16.73,22.82,25.062449967435896487985212569316081,47
06/28/2010 23:10:43,42.735752,-71.2101,16.73,22.82,25.247681509050055658627087198515770,47
06/28/2010 23:11:47,42.735752,-71.21011,14.65,22.50,25.340085502152862453531598513011152,45
06/28/2010 23:12:51,42.735767,-71.21013,16.73,22.50,25.062449967435896487985212569316081,42
06/28/2010 23:13:55,42.735798,-71.2102,16.73,22.50,24.876652939714438305709023941068140,47
06/28/2010 23:15:00,42.735783,-71.2102,16.73,22.50,24.783542092061176470588235294117647,45
06/28/2010 23:16:04,42.735798,-71.21021,16.73,22.50,25.432348460898063314711359404096834,44
06/28/2010 23:17:08,42.735703,-71.21005,14.65,22.50,24.315860172416357012750455373406193,52
06/28/2010 23:18:12,42.735798,-71.21018,14.65,22.18,24.690289542701834862385321100917431,46
06/28/2010 23:19:17,42.735798,-71.2101,16.73,22.50,24.127792496423629764065335753176044,52
06/28/2010 23:20:21,42.735783,-71.21013,14.65,22.18,24.503358906131005484460694698354662,47
06/28/2010 23:21:25,42.735798,-71.21018,16.73,22.18,24.690289542701834862385321100917431,46
06/28/2010 23:22:29,42.735752,-71.21008,14.65,22.18,24.409680604526715328467153284671533,53
06/28/2010 23:23:33,42.735767,-71.21013,16.73,22.18,24.783542092061176470588235294117647,47
06/28/2010 23:24:37,42.735817,-71.21027,16.73,22.18,24.503358906131005484460694698354662,37
06/28/2010 23:25:42,42.735832,-71.21021,14.65,22.18,25.155136368296296296296296296296296,54
06/28/2010 23:26:46,42.735767,-71.21018,14.65,22.18,24.783542092061176470588235294117647,55
06/28/2010 23:27:50,42.735767,-71.21018,14.65,22.18,24.876652939714438305709023941068140,54
06/28/2010 23:28:54,42.735767,-71.21,14.65,22.18,24.876652939714438305709023941068140,45
06/28/2010 23:29:58,42.735783,-71.209984,16.73,22.18,24.876652939714438305709023941068140,43
06/28/2010 23:31:02,42.735817,-71.20997,14.65,22.18,23.560167545509982046678635547576302,36
06/28/2010 23:32:07,42.735783,-71.21004,14.65,22.18,24.127792496423629764065335753176044,46
06/28/2010 23:33:11,42.735798,-71.21023,14.65,22.18,24.127792496423629764065335753176044,48
06/28/2010 23:34:15,42.735733,-71.20997,16.73,22.18,24.033545044317681159420289855072464,66
06/28/2010 23:35:19,42.735733,-71.21007,14.65,22.18,24.969622194843099630996309963099631,43
06/28/2010 23:36:23,42.735718,-71.2101,16.73,22.18,24.221897504545454545454545454545455,31
06/28/2010 23:37:27,42.735783,-71.21017,14.65,22.18,24.783542092061176470588235294117647,49
06/28/2010 23:38:32,42.735752,-71.21013,16.73,22.18,25.062449967435896487985212569316081,48
06/28/2010 23:39:36,42.735752,-71.21017,16.73,22.50,24.783542092061176470588235294117647,57
06/28/2010 23:40:40,42.735798,-71.2101,14.65,22.18,24.409680604526715328467153284671533,43
06/28/2010 23:41:44,42.735783,-71.20997,16.73,22.50,25.155136368296296296296296296296296,34
06/28/2010 23:42:48,42.735752,-71.209984,16.73,22.50,24.969622194843099630996309963099631,67
06/28/2010 23:43:52,42.735798,-71.21011,14.65,22.18,25.062449967435896487985212569316081,33
06/28/2010 23:44:57,42.735798,-71.21021,14.65,22.50,24.033545044317681159420289855072464,45
06/28/2010 23:46:01,42.735863,-71.21032,14.65,22.50,24.503358906131005484460694698354662,30
06/28/2010 23:47:05,42.735897,-71.210304,16.73,22.50,24.690289542701834862385321100917431,31
06/28/2010 23:48:09,,,14.65,22.50,24.596895183254798534798534798534799, 
06/28/2010 23:49:13,42.735752,-71.209984,16.73,22.18,24.315860172416357012750455373406193,66
06/28/2010 23:50:18,42.735783,-71.21008,14.65,22.50,23.939155045244737793851717902350814,54
06/28/2010 23:51:22,42.735817,-71.21021,16.73,22.50,25.247681509050055658627087198515770,55
06/28/2010 23:52:26,42.735783,-71.21011,16.73,22.18,24.596895183254798534798534798534799,45
06/28/2010 23:53:30,42.735783,-71.21013,16.73,22.18,24.969622194843099630996309963099631,41
06/28/2010 23:54:34,42.735832,-71.21025,16.73,22.18,24.969622194843099630996309963099631,22
06/28/2010 23:55:38,42.735767,-71.21007,16.73,22.18,24.690289542701834862385321100917431,44
06/28/2010 23:56:42,42.735767,-71.21005,14.65,22.18,24.969622194843099630996309963099631,53
06/28/2010 23:57:46,42.735798,-71.21015,16.73,22.18,23.939155045244737793851717902350814,42
06/28/2010 23:58:51,42.735798,-71.21017,16.73,22.18,24.409680604526715328467153284671533,40
06/28/2010 23:59:55,42.735817,-71.21029,16.73,22.18,24.127792496423629764065335753176044,42
06/29/2010 00:00:59,42.735752,-71.21018,14.65,22.18,23.939155045244737793851717902350814,39
06/29/2010 00:02:03,42.735832,-71.21015,16.73,22.18,24.876652939714438305709023941068140,41
06/29/2010 00:03:07,42.73588,-71.2102,16.73,22.18,24.221897504545454545454545454545455,38
06/29/2010 00:04:11,42.735798,-71.21008,16.73,22.18,24.409680604526715328467153284671533,50
06/29/2010 00:05:15,42.735653,-71.20992,16.73,22.50,24.315860172416357012750455373406193,59
06/29/2010 00:06:20,42.735752,-71.21004,18.82,22.50,25.062449967435896487985212569316081,54
06/29/2010 00:07:24,42.735767,-71.21007,16.73,22.50,24.221897504545454545454545454545455,51
06/29/2010 00:08:28,42.735767,-71.21005,16.73,22.18,24.503358906131005484460694698354662,67
06/29/2010 00:09:32,42.735817,-71.21015,16.73,22.18,23.939155045244737793851717902350814,51
06/29/2010 00:10:36,42.735863,-71.21027,14.65,22.50,24.876652939714438305709023941068140,40
06/29/2010 00:11:40,42.73588,-71.210304,16.73,22.18,24.969622194843099630996309963099631,34
06/29/2010 00:12:45,42.735798,-71.2101,0.00,22.18,24.221897504545454545454545454545455,55
06/29/2010 00:13:49,42.735817,-71.21005,0.00,22.18,23.939155045244737793851717902350814,56
06/29/2010 00:14:53,42.735783,-71.21017,0.00,22.18,24.127792496423629764065335753176044,45
06/29/2010 00:15:57,42.735832,-71.21027,0.00,22.18,24.221897504545454545454545454545455,28
06/29/2010 00:17:01,42.735817,-71.21011,0.00,22.18,24.503358906131005484460694698354662,61
06/29/2010 00:18:05,42.735752,-71.21007,0.00,22.18,24.409680604526715328467153284671533,36
06/29/2010 00:19:09,42.735783,-71.21015,0.00,22.18,25.062449967435896487985212569316081,36
06/29/2010 00:20:13,42.735783,-71.21013,0.00,22.18,24.876652939714438305709023941068140,52
06/29/2010 00:21:17,42.735832,-71.21015,0.00,22.18,24.503358906131005484460694698354662,53
06/29/2010 00:22:22,42.735767,-71.2102,0.00,22.18,24.503358906131005484460694698354662,45
06/29/2010 00:23:26,42.735798,-71.21005,0.00,22.18,24.127792496423629764065335753176044,64
06/29/2010 00:24:30,42.735783,-71.21008,0.00,22.18,24.033545044317681159420289855072464,52
06/29/2010 00:25:34,42.735733,-71.21008,0.00,22.50,24.876652939714438305709023941068140,41
06/29/2010 00:26:38,42.735733,-71.21008,0.00,22.50,24.503358906131005484460694698354662,56
06/29/2010 00:27:43,42.735783,-71.21017,0.00,22.50,24.409680604526715328467153284671533,52
06/29/2010 00:28:47,42.735733,-71.21008,0.00,22.18,24.221897504545454545454545454545455,43
06/29/2010 00:29:51,42.735752,-71.21013,0.00,22.50,24.033545044317681159420289855072464,46
06/29/2010 00:30:55,42.73567,-71.21007,0.00,22.50,24.033545044317681159420289855072464,41
06/29/2010 00:31:59,42.735767,-71.21011,0.00,22.50,24.127792496423629764065335753176044,34
06/29/2010 00:33:03,42.735752,-71.21011,0.00,22.50,24.876652939714438305709023941068140,42
06/29/2010 00:34:07,42.735703,-71.2101,0.00,22.50,24.127792496423629764065335753176044,43
06/29/2010 00:35:12,42.735752,-71.2101,0.00,22.50,24.783542092061176470588235294117647,41
06/29/2010 00:36:16,42.735733,-71.2102,0.00,22.50,24.783542092061176470588235294117647,52
06/29/2010 00:37:20,42.735718,-71.21015,0.00,22.50,25.340085502152862453531598513011152,52
06/29/2010 00:38:24,42.735767,-71.21015,0.00,22.50,24.690289542701834862385321100917431,52
06/29/2010 00:39:28,42.735767,-71.21018,0.00,22.50,24.503358906131005484460694698354662,43
06/29/2010 00:40:32,42.735817,-71.21021,0.00,22.50,24.221897504545454545454545454545455,38
06/29/2010 00:41:37,42.735847,-71.21029,0.00,22.82,24.783542092061176470588235294117647,35
06/29/2010 00:42:41,42.735847,-71.2102,0.00,22.50,23.844622396965487364620938628158845,35
06/29/2010 00:43:45,42.735817,-71.21013,0.00,22.50,24.503358906131005484460694698354662,46
06/29/2010 00:44:49,42.735832,-71.21015,0.00,22.50,24.596895183254798534798534798534799,45
06/29/2010 00:45:53,42.735817,-71.21015,0.00,22.50,24.503358906131005484460694698354662,48
06/29/2010 00:46:57,42.735832,-71.21015,0.00,22.50,24.503358906131005484460694698354662,45
06/29/2010 00:48:02,42.735832,-71.21015,0.00,22.82,24.596895183254798534798534798534799,50
06/29/2010 00:49:06,42.735683,-71.210014,0.00,22.82,24.876652939714438305709023941068140,54
06/29/2010 00:50:10,42.735733,-71.210014,0.00,22.82,24.969622194843099630996309963099631,70
06/29/2010 00:51:14,42.73567,-71.21008,0.00,22.82,24.876652939714438305709023941068140,29
06/29/2010 00:52:18,42.735703,-71.21011,0.00,22.82,24.221897504545454545454545454545455,37
06/29/2010 00:53:22,42.735752,-71.21015,0.00,22.82,24.690289542701834862385321100917431,38
06/29/2010 00:54:26,42.735783,-71.21008,0.00,22.82,24.969622194843099630996309963099631,57
06/29/2010 00:55:30,42.735683,-71.21,0.00,22.82,25.062449967435896487985212569316081,71
06/29/2010 00:56:34,42.735767,-71.2102,0.00,22.82,24.596895183254798534798534798534799,35
06/29/2010 00:57:39,42.735798,-71.21005,0.00,22.82,24.876652939714438305709023941068140,68
06/29/2010 00:58:43,42.735767,-71.21008,0.00,22.82,25.155136368296296296296296296296296,64
06/29/2010 00:59:47,42.735767,-71.21015,0.00,22.82,24.221897504545454545454545454545455,42
06/29/2010 01:00:51,42.735752,-71.2101,0.00,23.14,25.155136368296296296296296296296296,52
06/29/2010 01:01:55,42.735733,-71.21008,0.00,23.14,24.783542092061176470588235294117647,49
06/29/2010 01:02:59,42.735767,-71.21013,0.00,22.82,24.969622194843099630996309963099631,42
06/29/2010 01:04:03,42.735783,-71.21017,0.00,23.14,24.315860172416357012750455373406193,38
06/29/2010 01:05:07,42.735798,-71.2102,0.00,22.82,24.690289542701834862385321100917431,40
06/29/2010 01:06:11,42.735798,-71.21011,0.00,23.14,24.503358906131005484460694698354662,59
06/29/2010 01:07:16,42.735733,-71.21015,0.00,23.14,25.062449967435896487985212569316081,37
06/29/2010 01:08:20,42.735783,-71.21017,0.00,23.14,24.503358906131005484460694698354662,48
06/29/2010 01:09:24,42.735798,-71.21015,0.00,22.82,24.783542092061176470588235294117647,49
06/29/2010 01:10:28,42.735752,-71.2101,0.00,22.82,24.503358906131005484460694698354662,53
06/29/2010 01:11:32,42.735783,-71.21013,0.00,22.82,24.409680604526715328467153284671533,48
06/29/2010 01:12:36,42.735817,-71.21017,0.00,23.14,24.221897504545454545454545454545455,47
06/29/2010 01:13:40,42.735783,-71.2101,0.00,22.82,24.690289542701834862385321100917431,55
06/29/2010 01:14:44,42.735798,-71.21013,0.00,23.14,24.503358906131005484460694698354662,38
06/29/2010 01:15:49,42.735817,-71.21011,0.00,23.14,25.247681509050055658627087198515770,47
06/29/2010 01:16:53,42.735832,-71.21008,0.00,23.14,24.409680604526715328467153284671533,62
06/29/2010 01:17:57,42.735817,-71.210335,0.00,23.14,24.783542092061176470588235294117647,9
06/29/2010 01:19:01,42.735767,-71.2102,0.00,23.14,25.616451732724299065420560747663551,36
06/29/2010 01:20:05,42.735817,-71.21015,0.00,23.47,24.876652939714438305709023941068140,49
06/29/2010 01:21:09,42.735832,-71.21008,0.00,23.47,24.969622194843099630996309963099631,59
06/29/2010 01:22:13,42.735767,-71.2101,0.00,23.47,25.616451732724299065420560747663551,56
06/29/2010 01:23:17,42.735863,-71.21032,0.00,23.14,25.432348460898063314711359404096834,21
06/29/2010 01:24:21,42.735847,-71.21023,0.00,23.14,24.690289542701834862385321100917431,28
06/29/2010 01:25:25,42.735783,-71.21013,0.00,23.47,25.432348460898063314711359404096834,49
06/29/2010 01:26:29,42.735767,-71.21004,0.00,23.47,24.409680604526715328467153284671533,55
06/29/2010 01:27:34,42.735783,-71.21017,0.00,23.14,25.616451732724299065420560747663551,41
06/29/2010 01:28:38,42.735783,-71.2101,0.00,22.82,24.969622194843099630996309963099631,53
06/29/2010 01:29:42,42.735783,-71.21021,0.00,22.82,25.340085502152862453531598513011152,41
06/29/2010 01:30:46,42.735718,-71.21015,0.00,22.50,25.247681509050055658627087198515770,48
06/29/2010 01:31:50,42.735832,-71.21021,0.00,22.82,25.062449967435896487985212569316081,62
06/29/2010 01:32:54,42.735817,-71.21018,0.00,22.82,24.503358906131005484460694698354662,50
06/29/2010 01:33:58,42.735817,-71.21018,0.00,22.82,25.062449967435896487985212569316081,48
06/29/2010 01:35:02,42.735817,-71.2102,0.00,22.82,24.783542092061176470588235294117647,46
06/29/2010 01:36:07,42.735767,-71.21017,0.00,22.82,24.409680604526715328467153284671533,50
06/29/2010 01:37:11,42.735767,-71.21015,0.00,22.50,24.969622194843099630996309963099631,46
06/29/2010 01:38:15,42.735733,-71.21015,0.00,22.82,24.409680604526715328467153284671533,46
06/29/2010 01:39:19,42.735783,-71.2102,0.00,22.82,24.596895183254798534798534798534799,49
06/29/2010 01:40:23,42.735798,-71.21018,0.00,22.82,24.876652939714438305709023941068140,47
06/29/2010 01:41:27,42.735798,-71.2101,0.00,22.82,24.969622194843099630996309963099631,58
06/29/2010 01:42:31,42.735767,-71.21008,0.00,22.82,24.783542092061176470588235294117647,50
06/29/2010 01:43:35,42.735767,-71.21004,0.00,22.82,25.799992247927842401500938086303940,57
06/29/2010 01:44:40,42.735798,-71.21013,0.00,23.14,24.315860172416357012750455373406193,53
06/29/2010 01:45:44,42.735767,-71.21008,0.00,23.14,25.247681509050055658627087198515770,53
06/29/2010 01:46:48,42.735817,-71.21021,0.00,22.82,24.876652939714438305709023941068140,36
06/29/2010 01:47:52,42.735783,-71.21008,0.00,22.82,25.062449967435896487985212569316081,49
06/29/2010 01:48:57,42.735767,-71.21017,0.00,22.82,25.155136368296296296296296296296296,45
06/29/2010 01:50:01,42.735767,-71.21013,0.00,22.82,25.062449967435896487985212569316081,52
06/29/2010 01:51:05,42.735832,-71.21018,0.00,23.14,24.876652939714438305709023941068140,52
06/29/2010 01:52:09,42.735783,-71.21015,0.00,22.82,23.844622396965487364620938628158845,46
06/29/2010 01:53:13,42.735767,-71.21011,0.00,22.82,25.432348460898063314711359404096834,50
06/29/2010 01:54:17,42.735832,-71.21013,0.00,22.82,25.062449967435896487985212569316081,67
06/29/2010 01:55:22,42.735863,-71.21025,0.00,22.82,24.690289542701834862385321100917431,34
06/29/2010 01:56:26,42.735783,-71.2101,0.00,22.82,24.876652939714438305709023941068140,51
06/29/2010 01:57:30,42.735783,-71.21005,0.00,23.14,25.062449967435896487985212569316081,50
06/29/2010 01:58:34,42.735832,-71.21013,0.00,22.82,24.503358906131005484460694698354662,57
06/29/2010 01:59:38,42.735817,-71.21013,0.00,23.14,25.062449967435896487985212569316081,44
06/29/2010 02:00:42,42.735798,-71.21013,0.00,23.14,24.503358906131005484460694698354662,42
06/29/2010 02:01:46,42.735798,-71.21017,0.00,22.82,24.409680604526715328467153284671533,30
06/29/2010 02:02:51,42.73588,-71.21015,0.00,22.82,25.155136368296296296296296296296296,47
06/29/2010 02:03:55,42.735847,-71.2102,0.00,22.82,24.876652939714438305709023941068140,37
06/29/2010 02:04:59,42.735718,-71.2101,0.00,22.82,24.315860172416357012750455373406193,53
06/29/2010 02:06:03,42.736034,-71.210335,0.00,22.82,24.127792496423629764065335753176044,48
06/29/2010 02:07:07,42.735718,-71.21004,0.00,22.82,24.969622194843099630996309963099631,52
06/29/2010 02:08:11,42.735752,-71.21013,0.00,22.82,23.465063292650609318996415770609319,36
06/29/2010 02:09:16,42.735783,-71.21017,0.00,22.82,24.503358906131005484460694698354662,47
06/29/2010 02:10:20,42.735783,-71.210304,0.00,22.82,24.969622194843099630996309963099631,32
06/29/2010 02:11:24,42.735783,-71.21018,0.00,22.82,24.596895183254798534798534798534799,45
06/29/2010 02:12:28,42.735783,-71.21011,0.00,22.82,24.315860172416357012750455373406193,52
06/29/2010 02:13:32,42.73588,-71.20995,0.00,22.82,24.127792496423629764065335753176044,69
06/29/2010 02:14:36,42.735767,-71.21011,0.00,22.82,24.690289542701834862385321100917431,55
06/29/2010 02:15:41,42.735683,-71.20988,0.00,22.50,24.033545044317681159420289855072464,97
06/29/2010 02:16:45,42.735752,-71.21004,0.00,22.50,24.221897504545454545454545454545455,52
06/29/2010 02:17:49,42.735863,-71.210304,0.00,22.50,23.844622396965487364620938628158845,38
06/29/2010 02:18:53,42.73588,-71.21029,0.00,22.50,24.033545044317681159420289855072464,36
06/29/2010 02:19:57,42.735847,-71.21018,0.00,22.50,24.690289542701834862385321100917431,28
06/29/2010 02:21:02,42.735847,-71.21023,0.00,22.50,24.127792496423629764065335753176044,46
06/29/2010 02:22:06,42.735897,-71.21027,0.00,22.50,24.596895183254798534798534798534799,47
06/29/2010 02:23:10,42.73597,-71.21025,0.00,22.50,24.783542092061176470588235294117647,41
06/29/2010 02:24:14,42.73588,-71.21017,0.00,22.50,24.783542092061176470588235294117647,48
06/29/2010 02:25:18,42.73588,-71.21013,0.00,22.50,24.315860172416357012750455373406193,36
06/29/2010 02:26:23,42.73588,-71.21023,0.00,22.50,24.315860172416357012750455373406193,48
06/29/2010 02:27:27,42.735863,-71.21027,0.00,22.50,24.033545044317681159420289855072464,42
06/29/2010 02:28:31,42.735847,-71.21018,0.00,22.50,23.083213810721992882562277580071174,53
06/29/2010 02:29:35,42.735798,-71.21017,0.00,22.50,24.596895183254798534798534798534799,51
06/29/2010 02:30:39,42.735752,-71.21011,0.00,22.50,24.033545044317681159420289855072464,44
06/29/2010 02:31:43,42.735832,-71.21013,0.00,22.50,23.939155045244737793851717902350814,54
06/29/2010 02:32:48,42.735783,-71.21013,0.00,22.50,24.221897504545454545454545454545455,44
06/29/2010 02:33:52,42.735897,-71.21023,0.00,22.50,24.315860172416357012750455373406193,64
06/29/2010 02:34:56,42.735798,-71.21018,0.00,22.50,24.596895183254798534798534798534799,62
06/29/2010 02:36:00,42.735817,-71.21018,0.00,22.18,24.127792496423629764065335753176044,56
06/29/2010 02:37:05,42.735783,-71.21011,0.00,22.50,23.560167545509982046678635547576302,60
06/29/2010 02:38:09,42.735798,-71.21015,0.00,22.18,24.221897504545454545454545454545455,52
06/29/2010 02:39:13,42.735847,-71.21011,0.00,22.18,24.409680604526715328467153284671533,48
06/29/2010 02:40:17,42.735752,-71.2102,0.00,22.18,23.274425240571428571428571428571429,42
06/29/2010 02:41:21,42.735767,-71.21013,0.00,22.18,24.221897504545454545454545454545455,51
06/29/2010 02:42:26,42.735783,-71.21013,0.00,22.18,23.844622396965487364620938628158845,45
06/29/2010 02:43:30,42.735817,-71.2101,0.00,22.18,24.221897504545454545454545454545455,54
06/29/2010 02:44:34,42.735832,-71.2101,0.00,22.18,24.409680604526715328467153284671533,44
06/29/2010 02:45:38,42.735798,-71.21005,0.00,22.18,24.033545044317681159420289855072464,58
06/29/2010 02:46:43,42.735928,-71.21025,0.00,22.18,24.033545044317681159420289855072464,59
06/29/2010 02:47:47,42.735798,-71.21011,0.00,22.18,23.844622396965487364620938628158845,36
06/29/2010 02:48:51,42.735718,-71.21013,0.00,22.18,24.315860172416357012750455373406193,50
06/29/2010 02:49:55,42.735718,-71.2102,0.00,22.18,24.033545044317681159420289855072464,47
06/29/2010 02:50:59,42.735847,-71.21025,0.00,22.18,23.939155045244737793851717902350814,43
06/29/2010 02:52:03,42.735847,-71.21018,0.00,22.18,24.033545044317681159420289855072464,57
06/29/2010 02:53:08,42.735683,-71.21005,0.00,21.86,23.369815890309803220035778175313059,50
06/29/2010 02:54:12,42.735733,-71.21017,0.00,21.86,23.749946997977477477477477477477477,62
06/29/2010 02:55:16,42.735832,-71.21017,0.00,21.86,23.274425240571428571428571428571429,54
06/29/2010 02:56:20,42.735783,-71.21023,0.00,21.86,23.655128747508489208633093525179856,46
06/29/2010 02:57:25,42.735767,-71.21015,0.00,21.86,24.033545044317681159420289855072464,51
06/29/2010 02:58:29,42.735653,-71.2101,0.00,21.86,23.939155045244737793851717902350814,48
06/29/2010 02:59:33,42.736004,-71.2104,0.00,21.86,23.560167545509982046678635547576302,62
06/29/2010 03:00:37,42.735897,-71.210464,0.00,21.86,23.844622396965487364620938628158845,48
06/29/2010 03:01:41,42.735798,-71.2102,0.00,21.86,24.315860172416357012750455373406193,57
06/29/2010 03:02:46,42.735954,-71.21008,0.00,21.86,24.033545044317681159420289855072464,26
06/29/2010 03:03:50,42.735847,-71.21015,0.00,21.86,23.465063292650609318996415770609319,41
06/29/2010 03:04:54,42.735863,-71.21018,0.00,21.86,23.655128747508489208633093525179856,42
06/29/2010 03:05:58,42.735847,-71.2102,0.00,21.86,24.315860172416357012750455373406193,30
06/29/2010 03:07:02,42.735733,-71.21013,0.00,22.18,23.844622396965487364620938628158845,51
06/29/2010 03:08:07,42.73567,-71.21013,0.00,22.18,24.596895183254798534798534798534799,66
06/29/2010 03:09:11,42.735703,-71.21013,0.00,22.18,24.690289542701834862385321100917431,55
06/29/2010 03:10:15,42.735752,-71.21011,0.00,22.18,24.127792496423629764065335753176044,54
06/29/2010 03:11:19,42.735783,-71.21013,0.00,22.50,23.844622396965487364620938628158845,53
06/29/2010 03:12:23,42.735798,-71.21015,0.00,22.50,24.315860172416357012750455373406193,52
06/29/2010 03:13:28,42.735767,-71.21015,0.00,22.18,24.409680604526715328467153284671533,50
06/29/2010 03:14:32,42.735798,-71.21015,0.00,22.50,24.221897504545454545454545454545455,46
06/29/2010 03:15:36,42.735798,-71.21013,0.00,22.18,24.127792496423629764065335753176044,44
06/29/2010 03:16:40,42.735798,-71.21013,0.00,22.18,23.844622396965487364620938628158845,45
06/29/2010 03:17:44,42.735817,-71.21015,0.00,22.18,23.844622396965487364620938628158845,38
06/29/2010 03:18:49,42.735718,-71.21011,0.00,22.18,24.690289542701834862385321100917431,57
06/29/2010 03:19:53,42.735767,-71.21008,0.00,22.18,23.369815890309803220035778175313059,45
06/29/2010 03:20:57,42.735863,-71.21011,0.00,22.18,23.844622396965487364620938628158845,41
06/29/2010 03:22:01,42.73588,-71.21017,0.00,22.50,24.315860172416357012750455373406193,40
06/29/2010 03:23:06,42.735817,-71.2101,0.00,22.18,24.315860172416357012750455373406193,43
06/29/2010 03:24:10,42.735832,-71.21018,0.00,22.18,23.655128747508489208633093525179856,39
06/29/2010 03:25:14,42.735832,-71.21017,0.00,22.18,24.221897504545454545454545454545455,40
06/29/2010 03:26:18,42.735832,-71.21015,0.00,22.18,24.315860172416357012750455373406193,37
06/29/2010 03:27:22,42.735817,-71.21013,0.00,22.18,24.596895183254798534798534798534799,38
06/29/2010 03:28:27,42.735847,-71.21007,0.00,22.18,23.939155045244737793851717902350814,32
06/29/2010 03:29:31,42.735863,-71.21025,0.00,22.18,24.127792496423629764065335753176044,46
06/29/2010 03:30:35,42.73607,-71.21032,0.00,22.18,23.465063292650609318996415770609319,8
06/29/2010 03:31:39,42.735928,-71.21023,0.00,22.18,24.221897504545454545454545454545455,23
06/29/2010 03:32:43,42.735798,-71.21015,0.00,22.18,24.033545044317681159420289855072464,38
06/29/2010 03:33:47,42.735767,-71.21008,0.00,22.18,23.939155045244737793851717902350814,35
06/29/2010 03:34:51,42.735863,-71.21015,0.00,22.18,24.127792496423629764065335753176044,32
06/29/2010 03:35:56,42.735767,-71.21005,0.00,21.86,23.655128747508489208633093525179856,51
06/29/2010 03:37:00,42.735798,-71.21015,0.00,22.18,23.749946997977477477477477477477477,50
06/29/2010 03:38:04,42.735863,-71.21021,0.00,21.86,23.178891246217504456327985739750446,29
06/29/2010 03:39:08,42.736034,-71.2104,0.00,22.18,23.749946997977477477477477477477477,65535
06/29/2010 03:40:12,42.73628,-71.210785,0.00,22.18,24.690289542701834862385321100917431,65481
06/29/2010 03:41:16,42.73597,-71.21038,0.00,22.18,23.749946997977477477477477477477477,15
06/29/2010 03:42:21,42.735817,-71.21017,0.00,22.18,23.274425240571428571428571428571429,40
06/29/2010 03:43:25,42.735798,-71.21018,0.00,22.18,23.465063292650609318996415770609319,40
06/29/2010 03:44:29,42.735817,-71.21023,0.00,22.18,23.749946997977477477477477477477477,40
06/29/2010 03:45:33,42.735798,-71.21013,0.00,22.18,23.369815890309803220035778175313059,49
06/29/2010 03:46:37,42.735767,-71.21013,0.00,22.18,23.178891246217504456327985739750446,41
06/29/2010 03:47:41,42.735718,-71.21005,0.00,22.18,22.506131613967323943661971830985915,51
06/29/2010 03:48:45,42.735638,-71.21,0.00,21.86,23.749946997977477477477477477477477,54
06/29/2010 03:49:50,42.735798,-71.21011,0.00,21.86,23.560167545509982046678635547576302,40
06/29/2010 03:50:54,42.735798,-71.21018,0.00,21.86,24.127792496423629764065335753176044,39
06/29/2010 03:51:58,42.735752,-71.2101,0.00,21.86,23.465063292650609318996415770609319,47
06/29/2010 03:53:02,42.735653,-71.21007,0.00,21.86,23.844622396965487364620938628158845,54
06/29/2010 03:54:07,42.735767,-71.21015,0.00,21.86,23.749946997977477477477477477477477,51
06/29/2010 03:55:11,42.735733,-71.210014,0.00,21.86,23.749946997977477477477477477477477,72
06/29/2010 03:56:15,42.735733,-71.210014,0.00,21.86,22.891428233624964539007092198581560,65
06/29/2010 03:57:19,42.735817,-71.21011,0.00,21.86,23.844622396965487364620938628158845,46
06/29/2010 03:58:23,42.735653,-71.21015,0.00,21.86,23.369815890309803220035778175313059,65
06/29/2010 03:59:27,42.735847,-71.21017,0.00,21.86,23.749946997977477477477477477477477,55
06/29/2010 04:00:31,42.735798,-71.2102,0.00,21.86,23.844622396965487364620938628158845,48
06/29/2010 04:01:36,42.735767,-71.21011,0.00,21.86,23.655128747508489208633093525179856,53
06/29/2010 04:02:40,42.735817,-71.21021,0.00,21.86,22.795319902376106194690265486725664,25
06/29/2010 04:03:44,42.735863,-71.21025,0.00,21.86,23.560167545509982046678635547576302,8
06/29/2010 04:04:48,42.735863,-71.21032,0.00,21.86,24.127792496423629764065335753176044,9
06/29/2010 04:05:52,42.735798,-71.21018,0.00,21.86,23.655128747508489208633093525179856,40
06/29/2010 04:06:57,42.735847,-71.21023,0.00,21.86,23.369815890309803220035778175313059,17
06/29/2010 04:08:01,42.735847,-71.21029,0.00,21.86,23.369815890309803220035778175313059,42
06/29/2010 04:09:05,42.735817,-71.21018,0.00,21.86,23.749946997977477477477477477477477,22
06/29/2010 04:10:09,42.735817,-71.2101,0.00,21.86,24.221897504545454545454545454545455,45
06/29/2010 04:11:13,42.735783,-71.21008,0.00,21.86,23.178891246217504456327985739750446,37
06/29/2010 04:12:17,42.735847,-71.21029,0.00,21.86,23.749946997977477477477477477477477,28
06/29/2010 04:13:22,42.735798,-71.21017,0.00,21.86,24.127792496423629764065335753176044,39
06/29/2010 04:14:26,42.735817,-71.2102,0.00,21.86,23.655128747508489208633093525179856,36
06/29/2010 04:15:30,42.735767,-71.21015,0.00,21.86,23.369815890309803220035778175313059,41
06/29/2010 04:16:34,42.735798,-71.2102,0.00,21.86,24.127792496423629764065335753176044,38
06/29/2010 04:17:38,42.735817,-71.2101,0.00,21.86,23.274425240571428571428571428571429,38
06/29/2010 04:18:42,42.735798,-71.21008,0.00,21.86,23.749946997977477477477477477477477,51
06/29/2010 04:19:47,42.735783,-71.21011,0.00,21.86,24.221897504545454545454545454545455,48
06/29/2010 04:20:51,42.735783,-71.21011,0.00,21.86,23.655128747508489208633093525179856,55
06/29/2010 04:21:55,42.735783,-71.21011,0.00,21.86,23.083213810721992882562277580071174,42
06/29/2010 04:22:59,42.735798,-71.21018,0.00,21.86,23.178891246217504456327985739750446,54
06/29/2010 04:24:03,42.735847,-71.210335,0.00,21.86,23.939155045244737793851717902350814,34
06/29/2010 04:25:08,42.73588,-71.2104,0.00,21.86,23.369815890309803220035778175313059,26
06/29/2010 04:26:12,42.735767,-71.21008,0.00,21.86,23.939155045244737793851717902350814,64
06/29/2010 04:27:16,42.735733,-71.21011,0.00,21.86,23.844622396965487364620938628158845,41
06/29/2010 04:28:20,42.735832,-71.21023,0.00,21.86,23.939155045244737793851717902350814,49
06/29/2010 04:29:24,42.735832,-71.210335,0.00,21.86,23.749946997977477477477477477477477,28
06/29/2010 04:30:28,42.735847,-71.21035,0.00,21.86,24.033545044317681159420289855072464,25
06/29/2010 04:31:33,42.735783,-71.21027,0.00,21.86,23.844622396965487364620938628158845,37
06/29/2010 04:32:37,42.735733,-71.21015,0.00,21.86,23.939155045244737793851717902350814,47
06/29/2010 04:33:41,42.735752,-71.21017,0.00,21.86,23.178891246217504456327985739750446,42
06/29/2010 04:34:45,42.735798,-71.21013,0.00,21.86,24.127792496423629764065335753176044,71
06/29/2010 04:35:49,42.735817,-71.20995,0.00,21.86,23.939155045244737793851717902350814,106
06/29/2010 04:36:53,42.735817,-71.21011,0.00,21.86,23.465063292650609318996415770609319,52
06/29/2010 04:37:58,42.735733,-71.2101,0.00,21.86,24.127792496423629764065335753176044,50
06/29/2010 04:39:02,42.735733,-71.2101,0.00,21.86,23.655128747508489208633093525179856,58
06/29/2010 04:40:06,42.735817,-71.21023,0.00,21.86,23.655128747508489208633093525179856,45
06/29/2010 04:41:10,42.735847,-71.21018,0.00,21.86,23.749946997977477477477477477477477,54
06/29/2010 04:42:14,42.735832,-71.2101,0.00,21.86,23.939155045244737793851717902350814,75
06/29/2010 04:43:19,42.735817,-71.21023,0.00,21.86,23.749946997977477477477477477477477,54
06/29/2010 04:44:23,42.735798,-71.2102,0.00,21.86,24.033545044317681159420289855072464,45
06/29/2010 04:45:27,42.735817,-71.21025,0.00,21.86,23.749946997977477477477477477477477,37
06/29/2010 04:46:31,42.735783,-71.2102,0.00,21.86,24.596895183254798534798534798534799,38
06/29/2010 04:47:35,42.735798,-71.21015,0.00,21.86,24.127792496423629764065335753176044,44
06/29/2010 04:48:40,42.735783,-71.21013,0.00,21.86,23.369815890309803220035778175313059,45
06/29/2010 04:49:44,42.735767,-71.21013,0.00,21.86,24.033545044317681159420289855072464,42
06/29/2010 04:50:48,42.735783,-71.21011,2.10,21.86,23.939155045244737793851717902350814,47
06/29/2010 04:51:52,42.735832,-71.21021,2.10,21.86,23.465063292650609318996415770609319,35
06/29/2010 04:52:57,42.735752,-71.21004,4.19,21.86,24.127792496423629764065335753176044,63
06/29/2010 04:54:01,42.735752,-71.2101,6.29,21.86,23.560167545509982046678635547576302,58
06/29/2010 04:55:05,42.735752,-71.21013,8.38,21.86,24.127792496423629764065335753176044,58
06/29/2010 04:56:09,42.735798,-71.2101,10.47,21.86,23.939155045244737793851717902350814,54
06/29/2010 04:57:13,42.735752,-71.20997,14.65,21.86,24.127792496423629764065335753176044,65
06/29/2010 04:58:18,42.735703,-71.20995,18.82,21.86,24.033545044317681159420289855072464,66
06/29/2010 04:59:22,42.735767,-71.21013,25.06,21.86,24.033545044317681159420289855072464,55
06/29/2010 05:00:26,42.735752,-71.21025,31.28,21.86,24.033545044317681159420289855072464,14
06/29/2010 05:01:30,42.735767,-71.2101,33.35,21.86,23.655128747508489208633093525179856,52
06/29/2010 05:02:35,42.735863,-71.21052,41.62,21.86,23.655128747508489208633093525179856,18
06/29/2010 05:03:39,42.735863,-71.21025,45.74,21.86,23.369815890309803220035778175313059,50
06/29/2010 05:04:43,42.735718,-71.20986,49.86,21.86,23.844622396965487364620938628158845,88
06/29/2010 05:05:47,42.735847,-71.210304,49.86,22.18,24.315860172416357012750455373406193,37
06/29/2010 05:06:51,42.735752,-71.21004,51.91,22.18,24.221897504545454545454545454545455,64
06/29/2010 05:07:55,42.735798,-71.21021,53.97,22.18,23.844622396965487364620938628158845,50
06/29/2010 05:09:00,42.735767,-71.2101,58.07,22.18,24.409680604526715328467153284671533,58
06/29/2010 05:10:04,42.735783,-71.21015,62.16,22.18,24.033545044317681159420289855072464,47
06/29/2010 05:11:08,42.735767,-71.21011,66.25,22.18,23.939155045244737793851717902350814,55
06/29/2010 05:12:12,42.735783,-71.21015,70.33,22.18,24.315860172416357012750455373406193,58
06/29/2010 05:13:17,42.735817,-71.21004,74.40,22.18,23.939155045244737793851717902350814,59
06/29/2010 05:14:21,42.735733,-71.20995,82.52,22.18,24.033545044317681159420289855072464,72
06/29/2010 05:15:25,42.735767,-71.21013,90.61,22.18,24.315860172416357012750455373406193,60
06/29/2010 05:16:30,42.735798,-71.21013,106.71,22.18,24.127792496423629764065335753176044,48
06/29/2010 05:17:34,42.735798,-71.21023,122.70,22.50,24.033545044317681159420289855072464,44
06/29/2010 05:18:38,42.735832,-71.21027,140.55,22.50,23.465063292650609318996415770609319,38
06/29/2010 05:19:42,42.735783,-71.21027,152.36,22.18,24.127792496423629764065335753176044,34
06/29/2010 05:20:46,42.735767,-71.21008,160.20,22.18,23.560167545509982046678635547576302,47
06/29/2010 05:21:51,42.735798,-71.21018,173.86,22.18,24.221897504545454545454545454545455,42
06/29/2010 05:22:55,42.735798,-71.21018,193.21,22.50,24.127792496423629764065335753176044,46
06/29/2010 05:23:59,42.735783,-71.21,223.80,22.50,24.876652939714438305709023941068140,59
06/29/2010 05:25:03,42.735817,-71.21018,268.82,22.50,24.221897504545454545454545454545455,40
06/29/2010 05:26:07,42.735767,-71.210014,318.22,22.50,23.844622396965487364620938628158845,49
06/29/2010 05:27:12,42.735783,-71.21011,366.32,22.50,23.939155045244737793851717902350814,56
06/29/2010 05:28:16,42.735847,-71.21025,421.62,22.50,24.033545044317681159420289855072464,35
06/29/2010 05:29:20,42.735832,-71.21017,481.63,22.50,23.844622396965487364620938628158845,52
06/29/2010 05:30:24,42.735783,-71.21007,537.74,22.50,24.033545044317681159420289855072464,61
06/29/2010 05:31:28,42.735783,-71.21013,588.63,22.50,24.596895183254798534798534798534799,48
06/29/2010 05:32:33,42.735783,-71.21013,628.80,22.50,24.127792496423629764065335753176044,44
06/29/2010 05:33:37,42.735767,-71.21015,659.14,22.50,24.596895183254798534798534798534799,47
06/29/2010 05:34:41,42.735767,-71.21013,706.57,22.50,24.033545044317681159420289855072464,40
06/29/2010 05:35:45,42.735798,-71.21015,741.45,22.50,24.503358906131005484460694698354662,38
06/29/2010 05:36:49,42.735817,-71.21011,775.10,22.50,24.033545044317681159420289855072464,42
06/29/2010 05:37:54,42.735863,-71.21018,805.09,22.50,24.690289542701834862385321100917431,38
06/29/2010 05:38:58,42.735847,-71.21004,822.10,22.50,24.127792496423629764065335753176044,63
06/29/2010 05:40:02,42.735817,-71.21007,818.48,22.50,24.876652939714438305709023941068140,44
06/29/2010 05:41:06,42.735817,-71.21013,814.85,22.50,24.596895183254798534798534798534799,40
06/29/2010 05:42:10,42.735847,-71.21032,813.64,22.50,24.127792496423629764065335753176044,37
06/29/2010 05:43:15,42.73588,-71.210434,816.06,22.50,24.315860172416357012750455373406193,42
06/29/2010 05:44:19,42.735817,-71.21018,830.47,22.50,24.315860172416357012750455373406193,48
06/29/2010 05:45:23,42.735798,-71.21013,875.51,22.82,24.783542092061176470588235294117647,49
06/29/2010 05:46:27,42.735798,-71.21023,947.50,22.50,24.503358906131005484460694698354662,46
06/29/2010 05:47:31,42.735817,-71.2102,1011.16,22.50,24.221897504545454545454545454545455,46
06/29/2010 05:48:36,42.735817,-71.2102,1026.62,22.82,24.783542092061176470588235294117647,45
06/29/2010 05:49:40,42.735817,-71.2102,1031.64,22.82,24.221897504545454545454545454545455,40
06/29/2010 05:50:44,42.735817,-71.21017,1033.30,22.82,24.315860172416357012750455373406193,41
06/29/2010 05:51:48,42.735798,-71.21013,1032.47,22.82,24.503358906131005484460694698354662,52
06/29/2010 05:52:53,42.735783,-71.21023,1032.47,22.82,24.503358906131005484460694698354662,57
06/29/2010 05:53:57,42.735832,-71.21023,1032.47,22.82,24.596895183254798534798534798534799,50
06/29/2010 05:55:01,42.735817,-71.2102,1033.30,22.82,24.690289542701834862385321100917431,49
06/29/2010 05:56:05,42.735767,-71.21013,1034.13,22.82,24.315860172416357012750455373406193,52
06/29/2010 05:57:10,42.735863,-71.21027,1034.13,22.82,24.969622194843099630996309963099631,35
06/29/2010 05:58:14,42.735767,-71.21017,1035.78,22.82,24.127792496423629764065335753176044,49
06/29/2010 05:59:18,42.735718,-71.21015,1039.05,22.82,24.221897504545454545454545454545455,49
06/29/2010 06:00:22,42.735817,-71.21018,1041.49,22.82,24.969622194843099630996309963099631,58
06/29/2010 06:01:26,42.735718,-71.21007,1042.30,23.14,24.503358906131005484460694698354662,64
06/29/2010 06:02:30,42.735783,-71.21013,1042.30,23.14,25.432348460898063314711359404096834,57
06/29/2010 06:03:35,42.735847,-71.21021,1042.30,23.14,24.221897504545454545454545454545455,39
06/29/2010 06:04:39,42.735847,-71.21025,1041.49,23.14,25.062449967435896487985212569316081,39
06/29/2010 06:05:43,42.735832,-71.21021,1041.49,23.14,24.783542092061176470588235294117647,40
06/29/2010 06:06:47,42.735683,-71.21023,1041.49,23.14,24.690289542701834862385321100917431,68
06/29/2010 06:07:51,42.735497,-71.2102,1042.30,23.14,25.062449967435896487985212569316081,97
06/29/2010 06:08:56,42.735733,-71.2102,1043.92,23.14,25.340085502152862453531598513011152,58
06/29/2010 06:10:00,42.735767,-71.21018,1045.52,23.14,25.616451732724299065420560747663551,52
06/29/2010 06:11:04,42.735752,-71.21023,1047.12,23.47,24.783542092061176470588235294117647,55
06/29/2010 06:12:08,42.735863,-71.21032,1047.92,23.47,25.524470499424477611940298507462687,48
06/29/2010 06:13:12,42.735767,-71.21023,1047.92,23.47,25.247681509050055658627087198515770,58
06/29/2010 06:14:16,42.73567,-71.21027,1047.12,23.47,24.783542092061176470588235294117647,76
06/29/2010 06:15:21,42.73567,-71.2102,1046.32,23.47,25.524470499424477611940298507462687,70
06/29/2010 06:16:25,42.735783,-71.21013,1045.52,23.47,24.596895183254798534798534798534799,47
06/29/2010 06:17:29,42.735783,-71.21013,1044.72,23.47,25.708292276651086142322097378277154,48
06/29/2010 06:18:33,42.735817,-71.21018,1042.30,23.47,25.155136368296296296296296296296296,43
06/29/2010 06:19:38,42.735783,-71.2101,1040.68,23.47,25.062449967435896487985212569316081,51
06/29/2010 06:20:42,42.735783,-71.21018,1040.68,23.47,25.062449967435896487985212569316081,45
06/29/2010 06:21:46,42.735783,-71.21015,1040.68,23.47,25.155136368296296296296296296296296,50
06/29/2010 06:22:50,42.735832,-71.21021,1039.87,23.47,25.062449967435896487985212569316081,39
06/29/2010 06:23:55,42.735832,-71.21018,1039.05,23.14,24.876652939714438305709023941068140,43
06/29/2010 06:24:59,42.735733,-71.21021,1038.24,23.14,25.616451732724299065420560747663551,58
06/29/2010 06:26:03,42.735767,-71.21013,1037.42,23.14,25.799992247927842401500938086303940,42
06/29/2010 06:27:07,42.735752,-71.21017,1036.60,23.14,24.969622194843099630996309963099631,60
06/29/2010 06:28:11,42.735718,-71.21015,1037.42,23.14,24.969622194843099630996309963099631,53
06/29/2010 06:29:15,42.735832,-71.21011,1040.68,23.47,25.524470499424477611940298507462687,41
06/29/2010 06:30:20,42.735798,-71.21015,1043.11,23.14,25.524470499424477611940298507462687,42
06/29/2010 06:31:24,42.735863,-71.21017,1045.52,23.47,25.340085502152862453531598513011152,34
06/29/2010 06:32:28,42.735798,-71.21015,1047.12,23.47,25.155136368296296296296296296296296,44
06/29/2010 06:33:32,42.735798,-71.21015,1048.71,23.47,25.524470499424477611940298507462687,41
06/29/2010 06:34:37,42.735817,-71.21011,1048.71,23.47,25.891551764155187969924812030075188,45
06/29/2010 06:35:41,42.735817,-71.21011,1047.12,23.47,25.616451732724299065420560747663551,47
06/29/2010 06:36:45,42.735798,-71.21015,1046.32,23.79,25.340085502152862453531598513011152,48
06/29/2010 06:37:49,42.735683,-71.21005,1046.32,23.79,25.524470499424477611940298507462687,56
06/29/2010 06:38:53,42.735767,-71.21011,1046.32,23.47,25.524470499424477611940298507462687,45
06/29/2010 06:39:58,42.735817,-71.21013,1046.32,23.79,25.616451732724299065420560747663551,44
06/29/2010 06:41:02,42.735733,-71.21011,1047.12,23.79,25.340085502152862453531598513011152,39
06/29/2010 06:42:06,42.735783,-71.21015,1047.92,23.79,25.616451732724299065420560747663551,41
06/29/2010 06:43:10,42.735752,-71.21013,1047.92,23.79,25.524470499424477611940298507462687,50
06/29/2010 06:44:14,42.735832,-71.21017,1047.12,23.79,25.524470499424477611940298507462687,57
06/29/2010 06:45:19,42.735752,-71.2101,1047.92,23.79,25.616451732724299065420560747663551,51
06/29/2010 06:46:23,42.735718,-71.21011,1048.71,23.79,25.524470499424477611940298507462687,42
06/29/2010 06:47:27,42.735683,-71.2101,1048.71,23.79,26.074249906301886792452830188679245,48
06/29/2010 06:48:31,42.735783,-71.21015,1048.71,23.79,25.155136368296296296296296296296296,45
06/29/2010 06:49:36,42.735752,-71.21025,1049.51,24.11,25.799992247927842401500938086303940,41
06/29/2010 06:50:40,42.735798,-71.2102,1050.30,24.11,25.616451732724299065420560747663551,40
06/29/2010 06:51:44,42.735832,-71.21027,1051.87,24.11,25.982970943819623352165725047080979,22
06/29/2010 06:52:48,42.735847,-71.2102,1051.87,24.11,25.524470499424477611940298507462687,33
06/29/2010 06:53:52,42.735798,-71.2101,1053.44,24.43,26.528545702976190476190476190476190,43
06/29/2010 06:54:56,42.735783,-71.209984,1053.44,24.43,25.891551764155187969924812030075188,55
06/29/2010 06:56:01,42.735798,-71.2101,1055.01,24.43,25.982970943819623352165725047080979,48
06/29/2010 06:57:05,42.735767,-71.21005,1056.56,24.76,26.165388771885406427221172022684310,54
06/29/2010 06:58:09,42.735767,-71.21013,1057.34,24.76,26.528545702976190476190476190476190,44
06/29/2010 06:59:13,42.735783,-71.21015,1058.11,24.76,26.709286782298546845124282982791587,45
06/29/2010 07:00:17,42.735783,-71.21017,1058.11,25.08,27.248172654258143133462282398452611,47
06/29/2010 07:01:22,42.735817,-71.21018,1058.11,25.08,27.248172654258143133462282398452611,38
06/29/2010 07:02:26,42.735798,-71.21018,1058.11,25.40,27.158705228805868725868725868725869,53
06/29/2010 07:03:30,42.735767,-71.2101,1057.34,25.72,27.426692297898058252427184466019417,63
06/29/2010 07:04:34,42.735783,-71.21015,1057.34,25.72,27.515744784856964980544747081712062,53
06/29/2010 07:05:39,42.735817,-71.21021,1056.56,25.72,27.604659229502417153996101364522417,45
06/29/2010 07:06:43,42.735832,-71.2101,1055.79,25.72,27.604659229502417153996101364522417,58
06/29/2010 07:07:47,42.735798,-71.21008,1054.23,25.72,27.337501632667286821705426356589147,69
06/29/2010 07:08:51,42.735783,-71.21007,1054.23,25.72,27.604659229502417153996101364522417,103
06/29/2010 07:09:55,42.735832,-71.21008,1054.23,25.72,27.604659229502417153996101364522417,66
06/29/2010 07:11:00,42.735832,-71.21018,1054.23,25.40,26.979354506461538461538461538461538,57
06/29/2010 07:12:04,42.735752,-71.210014,1054.23,25.08,27.158705228805868725868725868725869,63
06/29/2010 07:13:08,42.735783,-71.2096,1055.01,25.08,26.979354506461538461538461538461538,75
06/29/2010 07:14:12,42.735847,-71.21013,1055.79,25.40,26.618985920515419847328244274809160,67
06/29/2010 07:15:16,42.735912,-71.2101,1056.56,25.40,27.069099223477418111753371868978805,55
06/29/2010 07:16:20,42.735798,-71.21,1057.34,25.40,27.158705228805868725868725868725869,105
06/29/2010 07:17:25,42.735783,-71.21007,1057.34,25.08,27.248172654258143133462282398452611,58
06/29/2010 07:18:29,42.735767,-71.21004,1000.53,25.08,27.337501632667286821705426356589147,38
06/29/2010 07:19:33,42.735767,-71.21029,45.74,25.40,27.248172654258143133462282398452611,18
06/29/2010 07:20:37,42.735832,-71.21025,39.56,25.40,27.248172654258143133462282398452611,82
06/29/2010 07:21:42,42.735798,-71.210335,37.49,25.40,27.248172654258143133462282398452611,44
06/29/2010 07:22:46,42.735752,-71.210365,53.97,25.40,27.158705228805868725868725868725869,1
06/29/2010 07:23:50,42.73588,-71.21032,80.49,25.40,27.069099223477418111753371868978805,58
06/29/2010 07:24:54,42.735863,-71.21027,76.43,25.40,27.069099223477418111753371868978805,86
06/29/2010 07:25:58,42.735863,-71.21,1051.09,25.40,27.426692297898058252427184466019417,44
06/29/2010 07:27:03,42.735817,-71.209984,1064.23,25.72,29.783077089725901639344262295081967,38
06/29/2010 07:28:07,42.735085,-71.21011,1064.23,26.37,31.299510390765957446808510638297872,46
06/29/2010 07:29:11,42.728962,-71.20773,1065.74,27.01,31.959809028748398268398268398268398,47
06/29/2010 07:30:15,42.72832,-71.20472,1068.00,28.30,33.175666490648008948545861297539150,48
06/29/2010 07:31:19,42.727703,-71.20174,1068.00,28.62,33.015205500513541202672605790645880,44
06/29/2010 07:32:23,42.727703,-71.20174,1067.25,28.62,32.286850447674759825327510917030568,46
06/29/2010 07:33:28,42.727703,-71.20175,1064.23,28.62,32.205283188839172113289760348583878,46
06/29/2010 07:34:32,42.72797,-71.2033,657.71,28.62,31.795513821699310344827586206896552,43
06/29/2010 07:35:36,42.729298,-71.21233,1060.42,28.62,31.299510390765957446808510638297872,47
06/29/2010 07:36:40,42.727703,-71.22422,1061.95,28.62,30.966227303295527426160337552742616,53
06/29/2010 07:37:44,42.726585,-71.2455,1058.88,28.62,30.714883776515429769392033542976939,63
06/29/2010 07:38:49,42.722233,-71.24318,1051.09,28.62,30.462350751333333333333333333333333,73
06/29/2010 07:39:53,42.7202,-71.25633,1034.95,28.30,30.293332140494937759336099585062241,61
06/29/2010 07:40:57,42.71142,-71.25267,1050.30,28.30,30.038805773365979381443298969072165,33
06/29/2010 07:42:01,42.705364,-71.25312,1053.44,28.30,29.868453860791088295687885010266940,37
06/29/2010 07:43:06,42.703003,-71.25846,1050.30,28.30,29.697566216779100204498977505112474,48
06/29/2010 07:44:10,42.693115,-71.269005,1050.30,27.98,29.526141497413075356415478615071283,68
06/29/2010 07:45:14,42.685513,-71.275116,1051.87,27.98,29.354178380584056795131845841784990,65
06/29/2010 07:46:18,42.681633,-71.287186,1053.44,27.66,29.267994515816356275303643724696356,60
06/29/2010 07:47:23,42.675716,-71.294464,1055.01,27.66,29.181675565550505050505050505050505,55
06/29/2010 07:48:27,42.67058,-71.30666,1058.88,27.66,29.181675565550505050505050505050505,49
06/29/2010 07:49:31,42.67233,-71.30911,1058.88,27.66,29.267994515816356275303643724696356,50
06/29/2010 07:50:35,42.66503,-71.319145,1062.71,27.66,29.267994515816356275303643724696356,38
06/29/2010 07:51:40,42.662735,-71.32565,1061.95,27.66,29.354178380584056795131845841784990,45
06/29/2010 07:52:44,42.6549,-71.32602,1061.95,27.98,29.354178380584056795131845841784990,44
06/29/2010 07:53:48,42.653004,-71.327545,1062.71,27.98,29.354178380584056795131845841784990,46
06/29/2010 07:54:52,42.653004,-71.32756,1062.71,27.98,29.354178380584056795131845841784990,50
06/29/2010 07:55:57,42.65302,-71.32756,1061.95,27.98,29.354178380584056795131845841784990,51
06/29/2010 07:57:01,42.653034,-71.327545,1058.88,27.01,27.870575685137254901960784313725490,46
06/29/2010 07:58:05,42.65383,-71.327194,1058.11,26.04,27.158705228805868725868725868725869,35
06/29/2010 07:59:09,42.654453,-71.326546,730.85,25.72,26.528545702976190476190476190476190,40
06/29/2010 08:00:13,,,60.11,25.40,26.256387661764848484848484848484848, 
06/29/2010 08:01:18,,,0.00,25.40,26.165388771885406427221172022684310, 
06/29/2010 08:02:22,,,49.86,25.08,26.528545702976190476190476190476190, 
06/29/2010 08:03:26,42.655186,-71.32602,1045.52,25.08,26.709286782298546845124282982791587,100
06/29/2010 08:04:30,42.65587,-71.32525,1061.95,25.08,27.158705228805868725868725868725869,36
06/29/2010 08:05:34,42.65603,-71.32497,1043.92,25.40,27.248172654258143133462282398452611,33
06/29/2010 08:06:38,42.656063,-71.32527,1039.87,24.76,26.889470946958963531669865642994242,48
06/29/2010 08:07:43,42.655315,-71.325714,651.99,24.11,26.799448415172720306513409961685824,20
06/29/2010 08:08:47,42.654835,-71.32615,14.65,24.11,26.437966003798326996197718631178707,42
06/29/2010 08:09:51,,,27.13,24.11,25.708292276651086142322097378277154, 
06/29/2010 08:10:55,,,33.35,24.43,25.247681509050055658627087198515770, 
06/29/2010 08:11:59,,,27.13,24.43,25.062449967435896487985212569316081, 
06/29/2010 08:13:04,,,18.82,24.11,24.969622194843099630996309963099631, 
06/29/2010 08:14:08,,,16.73,24.11,24.969622194843099630996309963099631, 
06/29/2010 08:15:12,,,18.82,24.11,24.969622194843099630996309963099631, 
06/29/2010 08:16:16,,,31.28,24.11,24.969622194843099630996309963099631, 
06/29/2010 08:17:21,,,31.28,24.11,24.969622194843099630996309963099631, 
06/29/2010 08:18:25,,,35.42,24.11,24.969622194843099630996309963099631, 
06/29/2010 08:19:29,,,18.82,23.79,24.969622194843099630996309963099631, 
06/29/2010 08:20:33,,,14.65,23.79,24.876652939714438305709023941068140, 
