time,latitude,longitude,light,temperature,temperature probe,altitude
06/28/2010 16:03:54,,,1053.44,30.23,34.752914398175316159250585480093677, 
06/28/2010 16:04:59,42.65755,-71.32392,1061.19,32.17,36.582176299923920595533498759305211,26
06/28/2010 16:06:04,42.65862,-71.32536,1062.71,33.46,37.177247604550632911392405063291139,44
06/28/2010 16:07:08,42.664394,-71.32297,1062.71,34.42,37.177247604550632911392405063291139,33
06/28/2010 16:08:13,42.665096,-71.32683,1061.95,35.07,36.954930646544321608040201005025126,40
06/28/2010 16:09:18,42.675667,-71.308556,1062.71,35.71,36.656951523152636815920398009950249,52
06/28/2010 16:10:22,42.670338,-71.30404,1062.71,36.04,36.357171745839211822660098522167488,56
06/28/2010 16:11:27,42.679485,-71.3081,1061.95,36.36,36.206599422801568627450980392156863,54
06/28/2010 16:12:32,42.685196,-71.31064,1062.71,36.68,36.055568421512195121951219512195122,57
06/28/2010 16:13:36,42.694546,-71.31282,1063.47,37.00,35.828155954093801452784503631961259,49
06/28/2010 16:14:41,42.703564,-71.31489,1064.23,37.32,35.675966455584337349397590361445783,50
06/28/2010 16:15:45,42.71307,-71.329994,1065.74,37.32,35.599696372596923076923076923076923,57
06/28/2010 16:16:50,42.720417,-71.319786,1065.74,37.00,35.599696372596923076923076923076923,48
06/28/2010 16:17:54,42.730232,-71.324,1062.71,37.32,35.446803940902966507177033492822967,53
06/28/2010 16:18:59,42.7362,-71.3129,1065.74,37.65,35.293439726095238095238095238095238,57
06/28/2010 16:20:04,42.74292,-71.302,1064.99,37.65,35.216579925414774346793349168646081,53
06/28/2010 16:21:08,42.74455,-71.28603,1064.99,37.97,35.216579925414774346793349168646081,71
06/28/2010 16:22:13,42.74835,-71.273636,1061.95,37.97,35.139601255298957345971563981042654,75
06/28/2010 16:23:18,42.757534,-71.26538,1064.23,37.97,34.907949024264705882352941176470588,86
06/28/2010 16:24:22,42.762516,-71.252594,1064.23,37.97,34.907949024264705882352941176470588,53
06/28/2010 16:25:27,42.765347,-71.24,703.84,37.97,34.830491886436431924882629107981221,53
06/28/2010 16:26:32,42.766335,-71.2435,1064.23,37.65,34.597397221355198135198135198135198,50
06/28/2010 16:27:36,42.7715,-71.236946,1060.42,37.65,34.752914398175316159250585480093677,55
06/28/2010 16:28:41,42.780785,-71.239105,1064.23,37.97,34.907949024264705882352941176470588,59
06/28/2010 16:29:46,42.786003,-71.242966,1059.65,37.97,34.985286102297358490566037735849057,86
06/28/2010 16:30:51,42.788418,-71.24143,634.64,37.65,34.597397221355198135198135198135198,77
06/28/2010 16:31:55,42.78858,-71.24145,2.10,35.71,31.465366119037264957264957264957265,65
06/28/2010 16:33:00,42.788647,-71.24145,22.98,34.75,30.630838512803012552301255230125523,66
06/28/2010 16:34:04,42.788597,-71.24138,214.29,34.10,30.293332140494937759336099585062241,62
06/28/2010 16:35:09,42.788597,-71.24132,220.00,33.78,29.697566216779100204498977505112474,87
06/28/2010 16:36:14,42.788567,-71.24138,212.38,33.13,30.377907891632474012474012474012474,72
06/28/2010 16:37:18,42.788567,-71.24135,206.65,32.49,30.377907891632474012474012474012474,68
06/28/2010 16:38:23,42.788616,-71.24135,204.73,31.52,29.953696698649218106995884773662551,78
06/28/2010 16:39:27,42.78863,-71.2414,206.65,30.88,30.038805773365979381443298969072165,90
06/28/2010 16:40:32,42.788567,-71.24142,212.38,30.88,29.697566216779100204498977505112474,82
06/28/2010 16:41:37,42.788567,-71.2414,216.19,30.56,30.798796872709915966386554621848739,84
06/28/2010 16:42:41,42.788517,-71.24145,220.00,30.56,30.123781256412561983471074380165289,75
06/28/2010 16:43:46,42.788662,-71.24145,223.80,30.56,30.293332140494937759336099585062241,97
06/28/2010 16:44:51,42.788616,-71.24138,233.26,30.56,30.462350751333333333333333333333333,87
06/28/2010 16:45:55,42.788616,-71.24142,305.54,30.56,29.611921074653061224489795918367347,92
06/28/2010 16:47:00,42.78855,-71.2414,248.31,30.56,30.630838512803012552301255230125523,68
06/28/2010 16:48:04,42.788616,-71.24132,253.93,30.56,29.697566216779100204498977505112474,84
06/28/2010 16:49:09,42.78874,-71.24142,255.79,29.91,29.783077089725901639344262295081967,83
06/28/2010 16:50:14,42.78858,-71.24133,250.19,29.91,30.038805773365979381443298969072165,94
06/28/2010 16:51:18,42.7885,-71.24133,240.80,29.91,30.123781256412561983471074380165289,73
06/28/2010 16:52:23,42.7885,-71.24132,229.48,29.91,29.354178380584056795131845841784990,82
06/28/2010 16:53:28,42.788616,-71.24132,223.80,29.91,29.526141497413075356415478615071283,102
06/28/2010 16:54:32,42.78855,-71.24142,225.69,29.91,29.611921074653061224489795918367347,78
06/28/2010 16:55:37,42.788597,-71.24136,223.80,29.59,29.783077089725901639344262295081967,74
06/28/2010 16:56:41,42.788597,-71.24136,220.00,29.59,30.123781256412561983471074380165289,96
06/28/2010 16:57:46,42.78858,-71.24132,220.00,29.59,30.123781256412561983471074380165289,68
06/28/2010 16:58:51,42.78858,-71.24143,220.00,29.59,29.783077089725901639344262295081967,77
06/28/2010 16:59:55,42.78858,-71.24146,220.00,29.59,30.123781256412561983471074380165289,93
06/28/2010 17:01:00,42.78855,-71.2415,223.80,29.59,29.008631772508370221327967806841046,112
06/28/2010 17:02:04,42.788597,-71.24143,221.90,29.59,29.267994515816356275303643724696356,68
06/28/2010 17:03:09,42.78868,-71.24152,218.10,29.59,30.038805773365979381443298969072165,70
06/28/2010 17:04:14,42.78858,-71.24146,210.47,29.59,29.868453860791088295687885010266940,88
06/28/2010 17:05:18,42.788597,-71.24138,202.82,29.59,30.038805773365979381443298969072165,81
06/28/2010 17:06:23,42.788647,-71.24138,193.21,29.91,29.868453860791088295687885010266940,102
06/28/2010 17:07:28,42.78863,-71.24142,179.68,29.59,29.526141497413075356415478615071283,105
06/28/2010 17:08:32,42.788616,-71.24143,168.02,29.59,29.783077089725901639344262295081967,77
06/28/2010 17:09:37,42.788597,-71.24142,162.16,29.59,29.697566216779100204498977505112474,90
06/28/2010 17:10:42,42.788567,-71.24136,156.29,29.59,29.526141497413075356415478615071283,76
06/28/2010 17:11:46,42.788662,-71.24145,154.33,29.27,29.440227320473495934959349593495935,64
06/28/2010 17:12:51,42.7885,-71.2413,154.33,29.59,29.440227320473495934959349593495935,77
06/28/2010 17:13:56,42.78858,-71.24136,162.16,29.59,29.440227320473495934959349593495935,70
06/28/2010 17:15:00,42.78858,-71.24138,164.11,29.59,29.440227320473495934959349593495935,66
06/28/2010 17:16:05,42.78855,-71.24142,162.16,29.59,29.440227320473495934959349593495935,76
06/28/2010 17:17:10,,,162.16,29.27,29.354178380584056795131845841784990, 
06/28/2010 17:18:15,42.788567,-71.2413,162.16,29.27,29.526141497413075356415478615071283,81
06/28/2010 17:19:19,42.78874,-71.24146,158.25,29.27,29.526141497413075356415478615071283,86
06/28/2010 17:20:24,42.78874,-71.241554,152.36,28.95,29.526141497413075356415478615071283,31
06/28/2010 17:21:29,42.788467,-71.2414,148.43,28.95,29.440227320473495934959349593495935,67
06/28/2010 17:22:33,42.788296,-71.24122,144.49,28.95,29.267994515816356275303643724696356,76
06/28/2010 17:23:38,42.788452,-71.24129,140.55,28.62,29.697566216779100204498977505112474,80
06/28/2010 17:24:43,42.788437,-71.2414,132.63,28.62,29.440227320473495934959349593495935,86
06/28/2010 17:25:47,42.788467,-71.24135,126.68,28.62,29.440227320473495934959349593495935,98
06/28/2010 17:26:52,42.788486,-71.24136,122.70,28.95,29.440227320473495934959349593495935,103
06/28/2010 17:27:57,42.788597,-71.2415,120.71,28.95,29.440227320473495934959349593495935,84
06/28/2010 17:29:01,42.788452,-71.24129,118.71,28.95,29.181675565550505050505050505050505,88
06/28/2010 17:30:06,42.7885,-71.24145,112.72,28.95,29.440227320473495934959349593495935,93
06/28/2010 17:31:11,42.788517,-71.24146,106.71,28.95,28.921906614916947791164658634538153,89
06/28/2010 17:32:15,42.788486,-71.24148,102.70,28.95,28.835045742171503006012024048096192,81
06/28/2010 17:33:20,42.788532,-71.24148,98.68,28.95,28.311021933767326732673267326732673,83
06/28/2010 17:34:25,42.78855,-71.24145,94.65,28.95,29.095221370461935483870967741935484,77
06/28/2010 17:35:30,42.788567,-71.24143,94.65,28.95,28.921906614916947791164658634538153,81
06/28/2010 17:36:34,42.7885,-71.24143,96.66,28.95,29.181675565550505050505050505050505,98
06/28/2010 17:37:39,42.788532,-71.24138,98.68,29.27,29.181675565550505050505050505050505,78
06/28/2010 17:38:44,42.788517,-71.24132,104.71,29.27,28.835045742171503006012024048096192,80
06/28/2010 17:39:48,42.788567,-71.24148,108.72,28.95,28.135254757617475345167652859960552,78
06/28/2010 17:40:53,42.788696,-71.241585,116.72,28.95,29.181675565550505050505050505050505,79
06/28/2010 17:41:58,42.78855,-71.24154,126.68,28.95,29.267994515816356275303643724696356,76
06/28/2010 17:43:02,42.788597,-71.24152,136.59,29.27,28.398700294466031746031746031746032,64
06/28/2010 17:44:07,42.7885,-71.24143,150.40,29.27,29.181675565550505050505050505050505,90
06/28/2010 17:45:12,42.788662,-71.24143,160.20,29.27,30.038805773365979381443298969072165,102
06/28/2010 17:46:16,42.788532,-71.24146,229.48,29.27,28.74804900000,88
06/28/2010 17:47:21,42.788616,-71.2414,301.90,29.59,29.354178380584056795131845841784990,88
06/28/2010 17:48:26,42.78858,-71.24143,301.90,29.59,29.868453860791088295687885010266940,96
06/28/2010 17:49:30,42.788567,-71.24145,292.77,29.27,28.74804900000,82
06/28/2010 17:50:35,42.788532,-71.24138,301.90,29.27,29.440227320473495934959349593495935,97
06/28/2010 17:51:39,42.788567,-71.24138,173.86,29.27,29.267994515816356275303643724696356,94
06/28/2010 17:52:44,42.7885,-71.2415,169.97,28.95,29.354178380584056795131845841784990,98
06/28/2010 17:53:49,42.788517,-71.2415,169.97,28.95,29.354178380584056795131845841784990,93
06/28/2010 17:54:53,42.788647,-71.24145,173.86,28.95,29.354178380584056795131845841784990,64
06/28/2010 17:55:58,42.788517,-71.24138,177.74,28.95,28.921906614916947791164658634538153,95
06/28/2010 17:57:03,42.788567,-71.24143,179.68,28.95,28.398700294466031746031746031746032,81
06/28/2010 17:58:07,42.78855,-71.24145,177.74,28.95,29.868453860791088295687885010266940,82
06/28/2010 17:59:12,42.788597,-71.24142,175.80,28.95,29.181675565550505050505050505050505,88
06/28/2010 18:00:16,42.788597,-71.24142,173.86,29.27,29.095221370461935483870967741935484,83
06/28/2010 18:01:21,42.78858,-71.24142,171.91,29.59,30.123781256412561983471074380165289,78
06/28/2010 18:02:26,42.78855,-71.24142,168.02,29.59,29.354178380584056795131845841784990,65
06/28/2010 18:03:30,42.78855,-71.24142,164.11,29.59,29.526141497413075356415478615071283,77
06/28/2010 18:04:35,42.788517,-71.2414,160.20,29.59,29.267994515816356275303643724696356,84
06/28/2010 18:05:40,42.788597,-71.2415,152.36,29.91,29.267994515816356275303643724696356,75
06/28/2010 18:06:44,42.788597,-71.24145,140.55,29.59,29.181675565550505050505050505050505,78
06/28/2010 18:07:49,42.78855,-71.24145,130.65,29.59,29.267994515816356275303643724696356,80
06/28/2010 18:08:54,42.788532,-71.24135,124.69,29.59,29.181675565550505050505050505050505,82
06/28/2010 18:09:58,42.78855,-71.24138,120.71,29.59,29.267994515816356275303643724696356,82
06/28/2010 18:11:03,42.78858,-71.24136,118.71,29.59,29.181675565550505050505050505050505,72
06/28/2010 18:12:07,42.78858,-71.2414,118.71,29.59,29.095221370461935483870967741935484,80
06/28/2010 18:13:12,42.78863,-71.24142,116.72,29.27,29.008631772508370221327967806841046,56
06/28/2010 18:14:17,42.788597,-71.2414,114.72,29.27,29.008631772508370221327967806841046,73
06/28/2010 18:15:21,42.78858,-71.24136,114.72,28.95,28.835045742171503006012024048096192,58
06/28/2010 18:16:26,42.788567,-71.24136,112.72,28.95,28.921906614916947791164658634538153,68
06/28/2010 18:17:31,42.788532,-71.24133,112.72,28.95,29.526141497413075356415478615071283,81
06/28/2010 18:18:35,42.788387,-71.241264,114.72,28.95,29.095221370461935483870967741935484,116
06/28/2010 18:19:40,42.788437,-71.2411,116.72,28.95,28.223206803452015810276679841897233,115
06/28/2010 18:20:45,42.788467,-71.241066,120.71,28.95,29.526141497413075356415478615071283,113
06/28/2010 18:21:50,42.78855,-71.2414,124.69,28.95,28.74804900000,88
06/28/2010 18:22:54,42.7885,-71.24136,124.69,28.95,28.135254757617475345167652859960552,110
06/28/2010 18:23:59,42.788567,-71.2414,120.71,28.62,28.835045742171503006012024048096192,99
06/28/2010 18:25:03,42.78855,-71.24142,112.72,28.95,28.835045742171503006012024048096192,97
06/28/2010 18:26:08,42.7885,-71.24132,110.72,28.62,28.74804900000,73
06/28/2010 18:27:13,42.788616,-71.24136,110.72,28.95,28.74804900000,64
06/28/2010 18:28:17,42.788486,-71.24133,110.72,28.95,29.611921074653061224489795918367347,129
06/28/2010 18:29:22,42.788467,-71.2412,106.71,28.62,28.398700294466031746031746031746032,111
06/28/2010 18:30:27,42.788467,-71.2412,102.70,28.95,28.486242032611013916500994035785288,96
06/28/2010 18:31:31,42.788387,-71.24113,100.69,28.95,28.74804900000,87
06/28/2010 18:32:36,42.788467,-71.24135,104.71,28.95,28.660916235362115768463073852295409,89
06/28/2010 18:33:41,42.788486,-71.2413,116.72,28.62,28.660916235362115768463073852295409,82
06/28/2010 18:34:45,42.788532,-71.241234,168.02,28.62,28.660916235362115768463073852295409,103
06/28/2010 18:35:50,42.788364,-71.24113,142.52,28.62,28.573647296436972111553784860557769,88
06/28/2010 18:36:55,42.788486,-71.24133,146.46,28.30,28.660916235362115768463073852295409,56
06/28/2010 18:37:59,42.788517,-71.24132,150.40,28.30,28.486242032611013916500994035785288,51
06/28/2010 18:39:04,42.78855,-71.241234,154.33,28.30,28.398700294466031746031746031746032,56
06/28/2010 18:40:09,42.788517,-71.24135,158.25,28.30,28.835045742171503006012024048096192,78
06/28/2010 18:41:14,42.78858,-71.24132,162.16,28.62,28.835045742171503006012024048096192,63
06/28/2010 18:42:18,42.78858,-71.24133,169.97,28.62,29.095221370461935483870967741935484,68
06/28/2010 18:43:23,42.78858,-71.24136,175.80,28.62,28.835045742171503006012024048096192,74
06/28/2010 18:44:28,42.788567,-71.24142,181.62,28.62,28.835045742171503006012024048096192,88
06/28/2010 18:45:32,42.788567,-71.24143,185.49,28.62,29.095221370461935483870967741935484,86
06/28/2010 18:46:37,42.78855,-71.24146,187.42,28.62,29.181675565550505050505050505050505,86
06/28/2010 18:47:42,42.788567,-71.24145,191.28,28.62,29.354178380584056795131845841784990,82
06/28/2010 18:48:47,42.788567,-71.24142,195.13,28.95,29.440227320473495934959349593495935,73
06/28/2010 18:49:51,42.788567,-71.24138,198.98,28.95,29.267994515816356275303643724696356,69
06/28/2010 18:50:56,42.788467,-71.24146,198.98,28.95,29.181675565550505050505050505050505,57
06/28/2010 18:52:01,42.788647,-71.24146,198.98,28.95,29.267994515816356275303643724696356,73
06/28/2010 18:53:05,42.788567,-71.24136,191.28,28.95,29.267994515816356275303643724696356,43
06/28/2010 18:54:10,42.788486,-71.24142,179.68,28.95,29.181675565550505050505050505050505,50
06/28/2010 18:55:15,42.788567,-71.24138,168.02,28.95,29.008631772508370221327967806841046,74
06/28/2010 18:56:19,42.78858,-71.24136,146.46,28.62,29.697566216779100204498977505112474,73
06/28/2010 18:57:24,42.78855,-71.24136,130.65,28.62,28.921906614916947791164658634538153,73
06/28/2010 18:58:29,42.78872,-71.24133,118.71,28.62,28.74804900000,107
06/28/2010 18:59:33,42.788647,-71.2414,112.72,28.62,28.835045742171503006012024048096192,90
06/28/2010 19:00:38,42.788567,-71.2414,104.71,28.62,28.835045742171503006012024048096192,67
06/28/2010 19:01:43,42.788517,-71.2414,92.63,28.30,28.660916235362115768463073852295409,43
06/28/2010 19:02:48,42.788486,-71.24132,78.46,28.30,28.74804900000,53
06/28/2010 19:03:52,42.788418,-71.24119,68.29,28.30,28.573647296436972111553784860557769,93
06/28/2010 19:04:57,42.788517,-71.24084,56.02,27.98,28.660916235362115768463073852295409,179
06/28/2010 19:06:02,42.78858,-71.24108,51.91,27.98,28.486242032611013916500994035785288,177
06/28/2010 19:07:06,42.78863,-71.24135,49.86,27.98,28.573647296436972111553784860557769,152
06/28/2010 19:08:11,42.7885,-71.2414,47.80,27.98,28.573647296436972111553784860557769,69
06/28/2010 19:09:16,42.788403,-71.241585,45.74,28.30,28.398700294466031746031746031746032,48
06/28/2010 19:10:20,42.788517,-71.24145,45.74,28.30,28.398700294466031746031746031746032,65
06/28/2010 19:11:25,42.788532,-71.241554,45.74,28.30,28.311021933767326732673267326732673,67
06/28/2010 19:12:30,42.7885,-71.241745,47.80,28.30,28.223206803452015810276679841897233,98
06/28/2010 19:13:35,42.78877,-71.24154,51.91,28.30,28.047165651509921259842519685039370,106
06/28/2010 19:14:39,42.788696,-71.24145,58.07,28.30,28.311021933767326732673267326732673,106
06/28/2010 19:15:44,42.788616,-71.241554,64.20,28.30,28.311021933767326732673267326732673,89
06/28/2010 19:16:49,42.788567,-71.241554,70.33,27.98,28.311021933767326732673267326732673,92
06/28/2010 19:17:53,42.788452,-71.24143,76.43,28.30,28.311021933767326732673267326732673,49
06/28/2010 19:18:58,42.7885,-71.24145,82.52,28.30,28.311021933767326732673267326732673,70
06/28/2010 19:20:02,42.78855,-71.24146,86.57,28.30,28.398700294466031746031746031746032,69
06/28/2010 19:21:07,42.78877,-71.24152,90.61,28.62,28.486242032611013916500994035785288,95
06/28/2010 19:22:12,42.788647,-71.24152,96.66,28.62,28.311021933767326732673267326732673,86
06/28/2010 19:23:16,42.78858,-71.24146,104.71,28.62,28.398700294466031746031746031746032,87
06/28/2010 19:24:21,42.788647,-71.24148,108.72,28.62,28.398700294466031746031746031746032,127
06/28/2010 19:25:26,42.788647,-71.24145,116.72,28.62,28.398700294466031746031746031746032,90
06/28/2010 19:26:30,42.788532,-71.2414,122.70,28.62,28.486242032611013916500994035785288,42
06/28/2010 19:27:35,42.78863,-71.24143,128.66,28.62,28.486242032611013916500994035785288,100
06/28/2010 19:28:40,42.788567,-71.24146,134.61,28.62,28.573647296436972111553784860557769,56
06/28/2010 19:29:44,42.78868,-71.24138,136.59,28.62,28.573647296436972111553784860557769,96
06/28/2010 19:30:49,42.788616,-71.24136,134.61,28.30,28.660916235362115768463073852295409,41
06/28/2010 19:31:54,42.78868,-71.24142,128.66,28.62,28.74804900000,69
06/28/2010 19:32:58,42.788616,-71.24148,122.70,28.62,28.486242032611013916500994035785288,76
06/28/2010 19:34:03,42.788597,-71.24145,114.72,28.62,28.573647296436972111553784860557769,75
06/28/2010 19:35:07,42.788647,-71.24136,104.71,28.62,28.486242032611013916500994035785288,54
06/28/2010 19:36:12,42.7885,-71.2415,96.66,28.62,28.486242032611013916500994035785288,85
06/28/2010 19:37:17,42.788597,-71.24135,90.61,28.62,28.486242032611013916500994035785288,77
06/28/2010 19:38:21,42.788532,-71.2414,84.55,28.30,28.398700294466031746031746031746032,111
06/28/2010 19:39:26,42.788452,-71.24133,76.43,28.30,28.223206803452015810276679841897233,91
06/28/2010 19:40:30,42.788467,-71.24129,70.33,27.98,28.135254757617475345167652859960552,84
06/28/2010 19:41:35,42.788616,-71.24143,64.20,27.98,28.047165651509921259842519685039370,118
06/28/2010 19:42:40,42.78858,-71.24148,60.11,27.98,27.958939341513123772102161100196464,90
06/28/2010 19:43:44,42.788532,-71.24143,58.07,27.98,28.135254757617475345167652859960552,74
06/28/2010 19:44:49,42.788597,-71.2414,51.91,27.66,28.311021933767326732673267326732673,114
06/28/2010 19:45:54,42.788647,-71.24136,47.80,27.66,28.223206803452015810276679841897233,108
06/28/2010 19:46:58,42.788597,-71.24132,45.74,27.66,28.223206803452015810276679841897233,71
06/28/2010 19:48:03,42.78858,-71.24136,45.74,27.66,28.223206803452015810276679841897233,75
06/28/2010 19:49:08,42.7885,-71.24145,47.80,27.66,28.223206803452015810276679841897233,79
06/28/2010 19:50:12,42.788486,-71.24143,47.80,27.66,28.135254757617475345167652859960552,52
06/28/2010 19:51:17,42.788486,-71.24138,47.80,27.66,27.958939341513123772102161100196464,69
06/28/2010 19:52:22,42.788517,-71.24136,47.80,27.66,28.047165651509921259842519685039370,72
06/28/2010 19:53:27,42.78855,-71.24136,47.80,27.66,27.870575685137254901960784313725490,73
06/28/2010 19:54:31,42.788532,-71.24136,47.80,27.66,27.604659229502417153996101364522417,75
06/28/2010 19:55:36,42.78855,-71.24138,45.74,27.66,27.693435768855,74
06/28/2010 19:56:41,42.78874,-71.24146,43.68,27.98,27.604659229502417153996101364522417,84
06/28/2010 19:57:45,42.78874,-71.24138,41.62,27.66,27.426692297898058252427184466019417,72
06/28/2010 19:58:50,42.788532,-71.24136,41.62,27.66,27.426692297898058252427184466019417,88
06/28/2010 19:59:55,42.78855,-71.24146,41.62,27.66,27.693435768855,90
06/28/2010 20:00:59,42.788486,-71.24125,37.49,27.66,27.693435768855,88
06/28/2010 20:02:04,42.788345,-71.2413,35.42,27.33,27.604659229502417153996101364522417,98
06/28/2010 20:03:09,42.78858,-71.2413,31.28,27.66,27.604659229502417153996101364522417,73
06/28/2010 20:04:13,42.78868,-71.2413,31.28,27.66,27.693435768855,101
06/28/2010 20:05:18,42.788597,-71.24138,29.21,27.66,27.426692297898058252427184466019417,101
06/28/2010 20:06:23,42.788567,-71.24138,27.13,27.66,27.604659229502417153996101364522417,99
06/28/2010 20:07:27,42.788532,-71.24122,25.06,27.66,28.047165651509921259842519685039370,142
06/28/2010 20:08:32,42.788532,-71.24143,22.98,27.66,28.135254757617475345167652859960552,64
06/28/2010 20:09:37,42.78863,-71.24135,18.82,27.66,27.604659229502417153996101364522417,90
06/28/2010 20:10:41,42.788597,-71.24136,16.73,27.66,27.693435768855,83
06/28/2010 20:11:46,42.78863,-71.2414,14.65,27.66,27.426692297898058252427184466019417,72
06/28/2010 20:12:51,42.78858,-71.24143,12.56,27.98,27.426692297898058252427184466019417,88
06/28/2010 20:13:55,42.788696,-71.24135,10.47,27.98,27.515744784856964980544747081712062,36
06/28/2010 20:15:00,42.78855,-71.24135,8.38,27.98,27.337501632667286821705426356589147,93
06/28/2010 20:16:05,42.788532,-71.24135,8.38,28.30,27.515744784856964980544747081712062,96
06/28/2010 20:17:09,42.78855,-71.24135,8.38,27.98,27.426692297898058252427184466019417,90
06/28/2010 20:18:14,42.788616,-71.2414,8.38,28.30,27.337501632667286821705426356589147,70
06/28/2010 20:19:19,42.788597,-71.24136,8.38,27.98,27.515744784856964980544747081712062,82
06/28/2010 20:20:23,42.788567,-71.24136,8.38,27.98,27.426692297898058252427184466019417,80
06/28/2010 20:21:28,42.788616,-71.24133,8.38,27.98,27.426692297898058252427184466019417,68
06/28/2010 20:22:33,42.788696,-71.241234,8.38,27.66,27.337501632667286821705426356589147,71
06/28/2010 20:23:37,42.788696,-71.241264,6.29,27.66,27.337501632667286821705426356589147,70
06/28/2010 20:24:42,42.78858,-71.2413,6.29,27.66,28.047165651509921259842519685039370,77
06/28/2010 20:25:47,42.788567,-71.24136,6.29,27.66,27.337501632667286821705426356589147,82
06/28/2010 20:26:51,42.788696,-71.24132,6.29,27.66,27.158705228805868725868725868725869,56
06/28/2010 20:27:56,42.78863,-71.2413,6.29,27.66,27.158705228805868725868725868725869,75
06/28/2010 20:29:01,42.78858,-71.24132,6.29,27.66,27.248172654258143133462282398452611,87
06/28/2010 20:30:06,42.788647,-71.24143,4.19,27.98,27.158705228805868725868725868725869,68
06/28/2010 20:31:10,42.788662,-71.24132,4.19,27.66,27.069099223477418111753371868978805,95
06/28/2010 20:32:15,42.788486,-71.24142,2.10,27.98,27.158705228805868725868725868725869,95
06/28/2010 20:33:20,42.788567,-71.2414,2.10,27.98,27.069099223477418111753371868978805,76
06/28/2010 20:34:24,42.788647,-71.24154,0.00,27.66,26.979354506461538461538461538461538,69
06/28/2010 20:35:29,42.788486,-71.24125,0.00,27.66,26.799448415172720306513409961685824,103
06/28/2010 20:36:34,42.78855,-71.24143,0.00,27.66,26.889470946958963531669865642994242,73
06/28/2010 20:37:38,42.788597,-71.2414,0.00,27.98,26.979354506461538461538461538461538,71
06/28/2010 20:38:43,42.788567,-71.24136,0.00,27.98,27.158705228805868725868725868725869,75
06/28/2010 20:39:48,42.78863,-71.24138,0.00,27.98,26.979354506461538461538461538461538,81
06/28/2010 20:40:52,42.788532,-71.24132,0.00,27.98,26.889470946958963531669865642994242,80
06/28/2010 20:41:57,42.788517,-71.24133,0.00,27.66,26.889470946958963531669865642994242,84
06/28/2010 20:43:02,42.788662,-71.24136,0.00,27.66,26.709286782298546845124282982791587,58
06/28/2010 20:44:06,42.788403,-71.24122,0.00,27.33,26.799448415172720306513409961685824,92
06/28/2010 20:45:11,42.78828,-71.24111,0.00,27.33,26.528545702976190476190476190476190,125
06/28/2010 20:46:16,42.788345,-71.24122,0.00,27.01,26.709286782298546845124282982791587,97
06/28/2010 20:47:21,42.788418,-71.24133,0.00,27.01,26.528545702976190476190476190476190,87
06/28/2010 20:48:25,42.788452,-71.24125,0.00,27.01,26.528545702976190476190476190476190,94
06/28/2010 20:49:30,42.788597,-71.24133,0.00,27.01,26.437966003798326996197718631178707,69
06/28/2010 20:50:35,42.788597,-71.24133,0.00,26.69,26.437966003798326996197718631178707,72
06/28/2010 20:51:39,42.788567,-71.24135,0.00,26.69,26.437966003798326996197718631178707,73
06/28/2010 20:52:44,42.788754,-71.24125,0.00,26.69,26.437966003798326996197718631178707,70
06/28/2010 20:53:49,42.788532,-71.24138,0.00,26.69,26.437966003798326996197718631178707,76
06/28/2010 20:54:53,42.788403,-71.2412,0.00,26.69,26.347246698054762808349146110056926,98
06/28/2010 20:55:58,42.788517,-71.24125,0.00,26.69,26.437966003798326996197718631178707,73
06/28/2010 20:57:03,42.788387,-71.24113,0.00,26.69,26.437966003798326996197718631178707,107
06/28/2010 20:58:07,42.788216,-71.24098,0.00,26.69,26.437966003798326996197718631178707,145
06/28/2010 20:59:12,42.788364,-71.24113,0.00,26.37,26.256387661764848484848484848484848,112
06/28/2010 21:00:17,42.788567,-71.24132,0.00,26.37,26.347246698054762808349146110056926,78
06/28/2010 21:01:21,42.78868,-71.24138,0.00,26.37,26.165388771885406427221172022684310,44
06/28/2010 21:02:26,42.788597,-71.24135,0.00,26.37,26.256387661764848484848484848484848,61
06/28/2010 21:03:31,42.788567,-71.24135,0.00,26.37,26.165388771885406427221172022684310,71
06/28/2010 21:04:35,42.78855,-71.2414,0.00,26.69,26.256387661764848484848484848484848,79
06/28/2010 21:05:40,42.78863,-71.24148,0.00,26.69,26.256387661764848484848484848484848,55
06/28/2010 21:06:44,42.788662,-71.24145,0.00,26.37,26.256387661764848484848484848484848,35
06/28/2010 21:07:49,42.788597,-71.24142,0.00,26.37,26.074249906301886792452830188679245,55
06/28/2010 21:08:54,42.788662,-71.24145,0.00,26.37,26.256387661764848484848484848484848,42
06/28/2010 21:09:58,42.788532,-71.24142,0.00,26.37,26.165388771885406427221172022684310,61
06/28/2010 21:11:03,42.788567,-71.24138,0.00,26.37,25.891551764155187969924812030075188,64
06/28/2010 21:12:08,42.7885,-71.24136,0.00,26.37,25.982970943819623352165725047080979,76
06/28/2010 21:13:12,42.788567,-71.24138,0.00,26.37,26.074249906301886792452830188679245,64
06/28/2010 21:14:17,42.78863,-71.2414,0.00,26.37,26.256387661764848484848484848484848,43
06/28/2010 21:15:21,42.788616,-71.24136,0.00,26.37,25.982970943819623352165725047080979,48
06/28/2010 21:16:26,42.78855,-71.24142,0.00,26.37,26.074249906301886792452830188679245,66
06/28/2010 21:17:31,42.788616,-71.24136,0.00,26.37,26.074249906301886792452830188679245,69
06/28/2010 21:18:35,42.78858,-71.24142,0.00,26.37,25.982970943819623352165725047080979,66
06/28/2010 21:19:40,42.78872,-71.24142,0.00,26.37,25.708292276651086142322097378277154,31
06/28/2010 21:20:45,42.788647,-71.2414,0.00,26.04,25.891551764155187969924812030075188,54
06/28/2010 21:21:49,42.788486,-71.24136,0.00,26.04,25.982970943819623352165725047080979,81
06/28/2010 21:22:54,42.7885,-71.24136,0.00,26.04,25.891551764155187969924812030075188,79
06/28/2010 21:23:59,42.788517,-71.24132,0.00,26.04,25.891551764155187969924812030075188,93
06/28/2010 21:25:03,42.788452,-71.24129,0.00,26.04,25.891551764155187969924812030075188,99
06/28/2010 21:26:08,42.788486,-71.24132,0.00,26.04,25.708292276651086142322097378277154,79
06/28/2010 21:27:13,42.788486,-71.2413,0.00,26.04,25.982970943819623352165725047080979,95
06/28/2010 21:28:17,42.788486,-71.24132,0.00,26.04,25.891551764155187969924812030075188,98
06/28/2010 21:29:22,42.788567,-71.24132,0.00,26.04,26.256387661764848484848484848484848,82
06/28/2010 21:30:27,42.788345,-71.24111,0.00,26.04,25.799992247927842401500938086303940,131
06/28/2010 21:31:31,42.788467,-71.2413,0.00,26.04,25.799992247927842401500938086303940,80
06/28/2010 21:32:36,42.78855,-71.24133,0.00,26.04,25.799992247927842401500938086303940,68
06/28/2010 21:33:41,42.788403,-71.241264,0.00,26.04,25.799992247927842401500938086303940,89
06/28/2010 21:34:45,42.788296,-71.24122,0.00,26.04,25.708292276651086142322097378277154,100
06/28/2010 21:35:50,42.788364,-71.24135,0.00,26.04,25.891551764155187969924812030075188,120
06/28/2010 21:36:55,42.788532,-71.24135,0.00,26.04,25.891551764155187969924812030075188,80
06/28/2010 21:37:59,42.78823,-71.24122,0.00,26.04,25.982970943819623352165725047080979,121
06/28/2010 21:39:04,42.7885,-71.24129,0.00,25.72,25.891551764155187969924812030075188,73
06/28/2010 21:40:09,42.788437,-71.24132,0.00,26.04,25.982970943819623352165725047080979,98
06/28/2010 21:41:13,42.788345,-71.24125,0.00,26.04,25.891551764155187969924812030075188,136
06/28/2010 21:42:18,42.788486,-71.24132,0.00,25.72,26.074249906301886792452830188679245,100
06/28/2010 21:43:22,42.788517,-71.24133,0.00,25.72,25.891551764155187969924812030075188,93
06/28/2010 21:44:27,42.7885,-71.2413,0.00,25.72,25.891551764155187969924812030075188,90
06/28/2010 21:45:31,42.788486,-71.24132,0.00,25.72,25.799992247927842401500938086303940,89
06/28/2010 21:46:36,42.7885,-71.24132,0.00,25.72,26.165388771885406427221172022684310,78
06/28/2010 21:47:41,42.788532,-71.2413,0.00,25.72,25.891551764155187969924812030075188,85
06/28/2010 21:48:45,42.788517,-71.24133,0.00,25.72,25.982970943819623352165725047080979,89
06/28/2010 21:49:50,42.7885,-71.24138,0.00,26.04,25.982970943819623352165725047080979,89
06/28/2010 21:50:55,42.7885,-71.24132,0.00,26.04,25.982970943819623352165725047080979,85
06/28/2010 21:51:59,42.788532,-71.24132,0.00,26.04,25.982970943819623352165725047080979,92
06/28/2010 21:53:04,42.788517,-71.24133,0.00,25.72,25.982970943819623352165725047080979,89
06/28/2010 21:54:09,42.788437,-71.2413,0.00,25.72,25.708292276651086142322097378277154,117
06/28/2010 21:55:13,42.788597,-71.24136,0.00,25.72,26.074249906301886792452830188679245,71
06/28/2010 21:56:18,42.788532,-71.24136,0.00,25.72,25.799992247927842401500938086303940,82
06/28/2010 21:57:23,42.78863,-71.24138,0.00,25.72,25.891551764155187969924812030075188,61
06/28/2010 21:58:27,42.788597,-71.24135,0.00,25.72,25.799992247927842401500938086303940,83
06/28/2010 21:59:32,42.788616,-71.24136,0.00,25.72,25.708292276651086142322097378277154,74
06/28/2010 22:00:36,42.78855,-71.24135,0.00,25.72,25.891551764155187969924812030075188,75
06/28/2010 22:01:41,42.788567,-71.24132,0.00,25.72,25.708292276651086142322097378277154,81
06/28/2010 22:02:46,42.78858,-71.24135,0.00,26.04,25.708292276651086142322097378277154,70
06/28/2010 22:03:51,42.788532,-71.24132,0.00,26.04,25.708292276651086142322097378277154,81
06/28/2010 22:04:55,42.788532,-71.24136,0.00,25.72,25.708292276651086142322097378277154,77
06/28/2010 22:06:00,42.788532,-71.24133,0.00,25.72,25.616451732724299065420560747663551,92
06/28/2010 22:07:04,42.788616,-71.24142,0.00,25.72,25.155136368296296296296296296296296,58
06/28/2010 22:08:09,42.7885,-71.24132,0.00,25.72,25.616451732724299065420560747663551,61
06/28/2010 22:09:14,42.788517,-71.241264,0.00,25.72,25.708292276651086142322097378277154,78
06/28/2010 22:10:18,42.78858,-71.24133,0.00,25.72,25.616451732724299065420560747663551,91
06/28/2010 22:11:23,42.788467,-71.24132,0.00,25.72,27.426692297898058252427184466019417,91
06/28/2010 22:12:27,42.78877,-71.24125,0.00,25.72,25.799992247927842401500938086303940,94
06/28/2010 22:13:32,42.78863,-71.24136,0.00,25.72,25.616451732724299065420560747663551,90
06/28/2010 22:14:36,42.788616,-71.241264,0.00,25.72,25.524470499424477611940298507462687,96
06/28/2010 22:15:41,42.78855,-71.24138,0.00,25.72,25.708292276651086142322097378277154,77
06/28/2010 22:16:46,42.788597,-71.24132,0.00,25.72,25.524470499424477611940298507462687,88
06/28/2010 22:17:50,42.78858,-71.24142,0.00,25.72,25.524470499424477611940298507462687,88
06/28/2010 22:18:55,42.78863,-71.24136,0.00,25.72,25.616451732724299065420560747663551,74
06/28/2010 22:19:59,42.788616,-71.24138,0.00,25.72,25.340085502152862453531598513011152,82
06/28/2010 22:21:04,42.788662,-71.24136,0.00,25.40,25.524470499424477611940298507462687,95
06/28/2010 22:22:09,42.78863,-71.24133,0.00,25.40,25.524470499424477611940298507462687,84
06/28/2010 22:23:13,42.78863,-71.24135,0.00,25.40,25.616451732724299065420560747663551,85
06/28/2010 22:24:18,42.788647,-71.24143,0.00,25.40,25.524470499424477611940298507462687,84
06/28/2010 22:25:22,42.78863,-71.24136,0.00,25.40,25.432348460898063314711359404096834,84
06/28/2010 22:26:27,42.78874,-71.2414,0.00,25.40,25.340085502152862453531598513011152,79
06/28/2010 22:27:31,42.78858,-71.24135,0.00,25.40,25.524470499424477611940298507462687,54
06/28/2010 22:28:36,42.788754,-71.24119,0.00,25.40,25.799992247927842401500938086303940,141
06/28/2010 22:29:41,42.788532,-71.24138,0.00,25.08,25.155136368296296296296296296296296,12
06/28/2010 22:30:45,42.7885,-71.24138,0.00,25.40,25.432348460898063314711359404096834,64
06/28/2010 22:31:50,42.78863,-71.24143,0.00,25.08,25.524470499424477611940298507462687,71
06/28/2010 22:32:54,42.78858,-71.24133,0.00,25.08,25.432348460898063314711359404096834,73
06/28/2010 22:33:59,42.78858,-71.2413,0.00,25.08,25.524470499424477611940298507462687,82
06/28/2010 22:35:04,42.788647,-71.24132,0.00,25.08,24.969622194843099630996309963099631,91
06/28/2010 22:36:08,42.788532,-71.24135,0.00,25.08,25.340085502152862453531598513011152,78
06/28/2010 22:37:13,42.788567,-71.2414,0.00,25.08,25.247681509050055658627087198515770,86
06/28/2010 22:38:18,42.7885,-71.24133,0.00,25.08,25.524470499424477611940298507462687,52
06/28/2010 22:39:22,42.788532,-71.24145,0.00,25.08,25.340085502152862453531598513011152,85
06/28/2010 22:40:27,42.788696,-71.24146,0.00,25.08,25.432348460898063314711359404096834,130
06/28/2010 22:41:32,42.78858,-71.2413,0.00,25.08,25.340085502152862453531598513011152,80
06/28/2010 22:42:36,42.788567,-71.24135,0.00,25.08,25.247681509050055658627087198515770,88
06/28/2010 22:43:41,42.78855,-71.24142,0.00,25.08,25.247681509050055658627087198515770,73
06/28/2010 22:44:45,42.788662,-71.24154,0.00,25.08,24.969622194843099630996309963099631,71
06/28/2010 22:45:50,42.788567,-71.24135,0.00,25.08,25.155136368296296296296296296296296,107
06/28/2010 22:46:55,42.788517,-71.24157,0.00,25.08,25.247681509050055658627087198515770,65531
06/28/2010 22:47:59,42.788517,-71.24136,0.00,25.08,24.783542092061176470588235294117647,72
06/28/2010 22:49:04,42.788437,-71.24152,0.00,25.08,25.062449967435896487985212569316081,100
06/28/2010 22:50:08,42.788467,-71.24133,0.00,25.08,24.969622194843099630996309963099631,154
06/28/2010 22:51:13,42.788467,-71.24133,0.00,25.08,24.969622194843099630996309963099631,121
06/28/2010 22:52:18,42.788647,-71.24143,0.00,25.08,25.062449967435896487985212569316081,118
06/28/2010 22:53:22,42.78863,-71.24138,0.00,25.08,24.969622194843099630996309963099631,113
06/28/2010 22:54:27,42.788532,-71.24143,0.00,25.40,25.062449967435896487985212569316081,77
06/28/2010 22:55:31,42.788532,-71.24148,0.00,25.40,25.340085502152862453531598513011152,83
06/28/2010 22:56:36,42.788532,-71.24146,0.00,25.72,24.876652939714438305709023941068140,95
06/28/2010 22:57:40,42.788486,-71.241264,0.00,25.72,24.876652939714438305709023941068140,119
06/28/2010 22:58:45,42.7885,-71.24133,0.00,25.72,24.876652939714438305709023941068140,93
06/28/2010 22:59:49,42.788517,-71.24142,0.00,25.72,24.783542092061176470588235294117647,74
06/28/2010 23:00:54,42.7885,-71.24143,0.00,25.72,24.783542092061176470588235294117647,74
06/28/2010 23:01:59,42.788517,-71.24143,0.00,25.40,24.783542092061176470588235294117647,81
06/28/2010 23:03:03,42.788532,-71.24138,0.00,25.72,24.783542092061176470588235294117647,83
06/28/2010 23:04:08,42.78855,-71.24136,0.00,25.72,24.503358906131005484460694698354662,76
06/28/2010 23:05:13,42.788662,-71.24145,0.00,25.40,24.783542092061176470588235294117647,69
06/28/2010 23:06:17,42.788597,-71.24148,0.00,25.40,24.690289542701834862385321100917431,81
06/28/2010 23:07:22,42.788597,-71.24142,0.00,25.40,24.690289542701834862385321100917431,76
06/28/2010 23:08:26,42.78858,-71.24136,0.00,25.40,24.690289542701834862385321100917431,64
06/28/2010 23:09:31,42.78858,-71.24133,0.00,25.08,24.690289542701834862385321100917431,61
06/28/2010 23:10:35,42.78855,-71.241234,0.00,25.08,24.783542092061176470588235294117647,28
06/28/2010 23:11:40,42.788597,-71.24132,0.00,25.08,24.596895183254798534798534798534799,72
06/28/2010 23:12:45,42.788597,-71.24133,0.00,25.08,24.596895183254798534798534798534799,62
06/28/2010 23:13:49,42.788616,-71.24133,0.00,25.08,24.596895183254798534798534798534799,60
06/28/2010 23:14:54,42.788452,-71.2414,0.00,24.76,24.690289542701834862385321100917431,103
06/28/2010 23:15:58,42.788532,-71.24133,0.00,24.76,24.783542092061176470588235294117647,64
06/28/2010 23:17:03,42.788467,-71.24132,0.00,24.76,24.690289542701834862385321100917431,101
06/28/2010 23:18:07,42.788517,-71.24143,0.00,24.76,24.690289542701834862385321100917431,101
06/28/2010 23:19:12,42.788486,-71.24145,0.00,24.76,24.596895183254798534798534798534799,105
06/28/2010 23:20:17,42.788486,-71.24148,0.00,24.76,24.690289542701834862385321100917431,80
06/28/2010 23:21:21,42.788647,-71.241554,0.00,24.76,24.596895183254798534798534798534799,81
06/28/2010 23:22:26,42.78863,-71.24145,0.00,24.76,24.596895183254798534798534798534799,76
06/28/2010 23:23:30,42.78855,-71.2414,0.00,24.76,24.503358906131005484460694698354662,55
06/28/2010 23:24:35,42.788597,-71.241264,0.00,24.76,24.503358906131005484460694698354662,65519
06/28/2010 23:25:39,42.788597,-71.24145,0.00,24.76,24.409680604526715328467153284671533,36
06/28/2010 23:26:44,42.788517,-71.24125,0.00,24.76,24.596895183254798534798534798534799,84
06/28/2010 23:27:49,42.788532,-71.24135,0.00,24.76,24.409680604526715328467153284671533,69
06/28/2010 23:28:53,42.788597,-71.24135,0.00,24.43,24.315860172416357012750455373406193,65
06/28/2010 23:29:58,42.788647,-71.24138,0.00,24.43,24.315860172416357012750455373406193,65
06/28/2010 23:31:02,42.788616,-71.24138,0.00,24.43,24.315860172416357012750455373406193,62
06/28/2010 23:32:07,42.78868,-71.241585,0.00,24.43,24.315860172416357012750455373406193,71
06/28/2010 23:33:11,42.78863,-71.2414,0.00,24.43,24.315860172416357012750455373406193,80
06/28/2010 23:34:16,42.788597,-71.2413,0.00,24.43,24.315860172416357012750455373406193,47
06/28/2010 23:35:21,42.78855,-71.24135,0.00,24.43,24.409680604526715328467153284671533,93
06/28/2010 23:36:25,42.788532,-71.24142,0.00,24.43,24.409680604526715328467153284671533,72
06/28/2010 23:37:30,42.788486,-71.2413,0.00,24.43,24.409680604526715328467153284671533,92
06/28/2010 23:38:34,42.788532,-71.2413,0.00,24.43,24.315860172416357012750455373406193,100
06/28/2010 23:39:39,42.788486,-71.24129,0.00,24.43,24.315860172416357012750455373406193,86
06/28/2010 23:40:44,42.788597,-71.24145,0.00,24.43,24.315860172416357012750455373406193,48
06/28/2010 23:41:49,42.78855,-71.2413,0.00,24.43,23.844622396965487364620938628158845,77
06/28/2010 23:42:53,42.788517,-71.241264,0.00,24.43,24.315860172416357012750455373406193,83
06/28/2010 23:43:58,42.7885,-71.24125,0.00,24.43,24.127792496423629764065335753176044,81
06/28/2010 23:45:03,42.788532,-71.24133,0.00,24.43,24.315860172416357012750455373406193,77
06/28/2010 23:46:07,42.78855,-71.24136,0.00,24.76,24.127792496423629764065335753176044,83
06/28/2010 23:47:12,42.78855,-71.24138,0.00,24.76,24.127792496423629764065335753176044,87
06/28/2010 23:48:16,42.78858,-71.24136,0.00,24.76,24.127792496423629764065335753176044,80
06/28/2010 23:49:21,42.788517,-71.24133,0.00,24.76,24.127792496423629764065335753176044,87
06/28/2010 23:50:26,42.7885,-71.24133,0.00,24.76,24.221897504545454545454545454545455,83
06/28/2010 23:51:30,42.788532,-71.24136,0.00,24.43,24.127792496423629764065335753176044,78
06/28/2010 23:52:35,42.788467,-71.24135,0.00,24.76,24.033545044317681159420289855072464,93
06/28/2010 23:53:40,42.7885,-71.24138,0.00,24.43,24.033545044317681159420289855072464,77
06/28/2010 23:54:44,42.788517,-71.2413,0.00,24.43,24.127792496423629764065335753176044,81
06/28/2010 23:55:49,42.788437,-71.24136,0.00,24.43,24.127792496423629764065335753176044,94
06/28/2010 23:56:54,42.788517,-71.24136,0.00,24.11,24.409680604526715328467153284671533,72
06/28/2010 23:57:58,42.78833,-71.24136,0.00,24.11,24.221897504545454545454545454545455,114
06/28/2010 23:59:03,42.788418,-71.24148,0.00,24.43,24.315860172416357012750455373406193,102
06/29/2010 00:00:08,42.788315,-71.24154,0.00,24.11,24.127792496423629764065335753176044,124
06/29/2010 00:01:12,42.78858,-71.2413,0.00,24.43,24.409680604526715328467153284671533,55
06/29/2010 00:02:17,42.78858,-71.24132,0.00,24.43,24.596895183254798534798534798534799,38
06/29/2010 00:03:22,42.788486,-71.24132,0.00,24.11,24.409680604526715328467153284671533,68
06/29/2010 00:04:26,42.788517,-71.24142,0.00,24.43,24.409680604526715328467153284671533,88
06/29/2010 00:05:31,42.788567,-71.2414,0.00,24.43,24.409680604526715328467153284671533,72
06/29/2010 00:06:36,42.78855,-71.24135,0.00,24.43,24.315860172416357012750455373406193,63
06/29/2010 00:07:40,42.788567,-71.24132,0.00,24.43,24.315860172416357012750455373406193,80
06/29/2010 00:08:45,42.788597,-71.24133,0.00,24.43,24.315860172416357012750455373406193,60
06/29/2010 00:09:50,42.788486,-71.24148,0.00,24.76,24.221897504545454545454545454545455,75
06/29/2010 00:10:54,42.78863,-71.24135,0.00,24.76,24.221897504545454545454545454545455,52
06/29/2010 00:11:59,42.78858,-71.2414,0.00,25.08,24.503358906131005484460694698354662,60
06/29/2010 00:13:04,42.788532,-71.2415,0.00,24.76,24.221897504545454545454545454545455,67
06/29/2010 00:14:08,42.788567,-71.24145,0.00,24.76,24.315860172416357012750455373406193,44
06/29/2010 00:15:13,42.78855,-71.24152,0.00,24.76,24.221897504545454545454545454545455,64
06/29/2010 00:16:17,42.788532,-71.24154,0.00,24.76,24.221897504545454545454545454545455,86
06/29/2010 00:17:22,42.78858,-71.24136,0.00,24.76,24.033545044317681159420289855072464,40
06/29/2010 00:18:27,42.78855,-71.24148,0.00,24.76,24.127792496423629764065335753176044,84
06/29/2010 00:19:31,42.788597,-71.24145,0.00,24.76,24.221897504545454545454545454545455,99
06/29/2010 00:20:36,42.78858,-71.24138,0.00,24.76,24.221897504545454545454545454545455,69
06/29/2010 00:21:41,42.788567,-71.24143,0.00,24.76,24.127792496423629764065335753176044,57
06/29/2010 00:22:45,42.788532,-71.24142,0.00,24.76,24.221897504545454545454545454545455,41
06/29/2010 00:23:50,42.788567,-71.2415,0.00,25.08,24.315860172416357012750455373406193,60
06/29/2010 00:24:55,42.788597,-71.24138,0.00,25.08,24.409680604526715328467153284671533,67
06/29/2010 00:25:59,42.78855,-71.24143,0.00,25.08,24.409680604526715328467153284671533,82
06/29/2010 00:27:04,42.788486,-71.24138,0.00,25.08,24.315860172416357012750455373406193,97
06/29/2010 00:28:08,42.788532,-71.24154,0.00,25.08,24.315860172416357012750455373406193,87
06/29/2010 00:29:13,42.788567,-71.24142,0.00,24.76,24.409680604526715328467153284671533,84
06/29/2010 00:30:18,42.788567,-71.24138,0.00,24.76,24.409680604526715328467153284671533,82
06/29/2010 00:31:22,42.788616,-71.24138,0.00,24.76,24.409680604526715328467153284671533,65
06/29/2010 00:32:27,42.78855,-71.24143,0.00,24.76,24.315860172416357012750455373406193,81
06/29/2010 00:33:32,42.788662,-71.24133,0.00,24.76,24.503358906131005484460694698354662,82
06/29/2010 00:34:36,42.788597,-71.24138,0.00,24.76,24.409680604526715328467153284671533,79
06/29/2010 00:35:41,42.788597,-71.24136,0.00,24.76,24.409680604526715328467153284671533,81
06/29/2010 00:36:46,42.788754,-71.241264,0.00,24.76,24.409680604526715328467153284671533,100
06/29/2010 00:37:50,42.78874,-71.241234,0.00,24.76,24.409680604526715328467153284671533,80
06/29/2010 00:38:55,42.788647,-71.24133,0.00,24.76,24.503358906131005484460694698354662,59
06/29/2010 00:40:00,42.788597,-71.24132,0.00,24.76,24.409680604526715328467153284671533,68
06/29/2010 00:41:05,42.788616,-71.24136,0.00,24.76,24.503358906131005484460694698354662,84
06/29/2010 00:42:09,42.78863,-71.24138,0.00,25.08,24.596895183254798534798534798534799,76
06/29/2010 00:43:14,42.78863,-71.24138,0.00,25.08,24.221897504545454545454545454545455,75
06/29/2010 00:44:19,42.788517,-71.24138,0.00,25.08,24.503358906131005484460694698354662,85
06/29/2010 00:45:23,42.788662,-71.24135,0.00,25.08,24.409680604526715328467153284671533,63
06/29/2010 00:46:28,42.78874,-71.24135,0.00,25.08,24.690289542701834862385321100917431,66
06/29/2010 00:47:33,42.788532,-71.24136,0.00,25.08,24.690289542701834862385321100917431,96
06/29/2010 00:48:37,42.788597,-71.24143,0.00,25.40,24.783542092061176470588235294117647,76
06/29/2010 00:49:42,42.788567,-71.24142,0.00,25.40,24.690289542701834862385321100917431,89
06/29/2010 00:50:47,42.78855,-71.24138,0.00,25.08,24.503358906131005484460694698354662,77
06/29/2010 00:51:51,42.7885,-71.24143,0.00,25.40,24.409680604526715328467153284671533,74
06/29/2010 00:52:56,42.788532,-71.24138,0.00,25.72,24.409680604526715328467153284671533,71
06/29/2010 00:54:01,42.788597,-71.24132,0.00,25.72,24.503358906131005484460694698354662,73
06/29/2010 00:55:05,42.78863,-71.24135,0.00,25.72,24.690289542701834862385321100917431,54
06/29/2010 00:56:10,42.78868,-71.24135,0.00,25.72,24.596895183254798534798534798534799,45
06/29/2010 00:57:14,42.788532,-71.24138,0.00,25.72,24.596895183254798534798534798534799,88
06/29/2010 00:58:19,42.78863,-71.24136,0.00,25.72,24.596895183254798534798534798534799,64
06/29/2010 00:59:24,42.788616,-71.24136,0.00,25.72,24.596895183254798534798534798534799,80
06/29/2010 01:00:28,42.78855,-71.24152,0.00,25.72,24.690289542701834862385321100917431,69
06/29/2010 01:01:33,42.788532,-71.24145,0.00,25.72,24.690289542701834862385321100917431,84
06/29/2010 01:02:38,42.78863,-71.2413,0.00,25.72,24.690289542701834862385321100917431,86
06/29/2010 01:03:42,42.78858,-71.24125,0.00,26.04,24.783542092061176470588235294117647,82
06/29/2010 01:04:47,42.78858,-71.24138,0.00,26.04,24.783542092061176470588235294117647,91
06/29/2010 01:05:52,42.788532,-71.24125,0.00,26.04,24.969622194843099630996309963099631,91
06/29/2010 01:06:56,42.788517,-71.24133,0.00,26.04,24.783542092061176470588235294117647,66
06/29/2010 01:08:01,42.788597,-71.24132,0.00,25.72,24.596895183254798534798534798534799,69
06/29/2010 01:09:06,42.788597,-71.241264,0.00,25.72,24.876652939714438305709023941068140,55
06/29/2010 01:10:10,42.788616,-71.24129,0.00,25.72,24.876652939714438305709023941068140,49
06/29/2010 01:11:15,42.788532,-71.24117,0.00,25.72,24.690289542701834862385321100917431,81
06/29/2010 01:12:20,42.78855,-71.24125,0.00,25.40,24.876652939714438305709023941068140,80
06/29/2010 01:13:24,42.78858,-71.24129,0.00,25.72,24.876652939714438305709023941068140,84
06/29/2010 01:14:29,42.788647,-71.241264,0.00,25.72,24.876652939714438305709023941068140,49
06/29/2010 01:15:34,42.78855,-71.24135,0.00,25.40,24.783542092061176470588235294117647,84
06/29/2010 01:16:38,42.788567,-71.2414,0.00,25.08,24.969622194843099630996309963099631,69
06/29/2010 01:17:43,42.788616,-71.24135,0.00,25.08,24.876652939714438305709023941068140,76
06/29/2010 01:18:48,42.788647,-71.24133,0.00,25.08,24.783542092061176470588235294117647,60
06/29/2010 01:19:52,42.78863,-71.24136,0.00,25.08,24.876652939714438305709023941068140,67
06/29/2010 01:20:57,42.78855,-71.24142,0.00,25.08,24.876652939714438305709023941068140,88
06/29/2010 01:22:02,42.788532,-71.2414,0.00,25.08,24.969622194843099630996309963099631,94
06/29/2010 01:23:06,42.788437,-71.24142,0.00,25.08,24.969622194843099630996309963099631,96
06/29/2010 01:24:11,42.788486,-71.24138,0.00,24.76,24.783542092061176470588235294117647,89
06/29/2010 01:25:16,42.788403,-71.24135,0.00,24.76,25.062449967435896487985212569316081,115
06/29/2010 01:26:20,42.788532,-71.24133,0.00,24.76,25.155136368296296296296296296296296,84
06/29/2010 01:27:25,42.7885,-71.2413,0.00,24.76,25.062449967435896487985212569316081,89
06/29/2010 01:28:30,42.788467,-71.2414,0.00,25.08,25.062449967435896487985212569316081,43
06/29/2010 01:29:35,42.788532,-71.24132,0.00,25.08,25.062449967435896487985212569316081,66
06/29/2010 01:30:39,42.788532,-71.24133,0.00,24.76,24.969622194843099630996309963099631,76
06/29/2010 01:31:44,42.7885,-71.24136,0.00,24.76,25.062449967435896487985212569316081,75
06/29/2010 01:32:49,42.788467,-71.2414,0.00,24.76,25.247681509050055658627087198515770,68
06/29/2010 01:33:53,42.78858,-71.24148,0.00,24.76,25.062449967435896487985212569316081,85
06/29/2010 01:34:58,42.78855,-71.24136,0.00,24.76,25.155136368296296296296296296296296,68
06/29/2010 01:36:03,42.78858,-71.24135,0.00,25.08,25.432348460898063314711359404096834,72
06/29/2010 01:37:07,42.78858,-71.24143,0.00,25.08,25.524470499424477611940298507462687,65
06/29/2010 01:38:12,42.78855,-71.24142,0.00,25.08,25.432348460898063314711359404096834,62
06/29/2010 01:39:16,42.78858,-71.24135,0.00,25.08,25.340085502152862453531598513011152,79
06/29/2010 01:40:21,42.78855,-71.24142,0.00,25.08,25.062449967435896487985212569316081,71
06/29/2010 01:41:26,42.788567,-71.24136,0.00,25.08,25.340085502152862453531598513011152,69
06/29/2010 01:42:30,42.788517,-71.24132,0.00,25.08,25.247681509050055658627087198515770,89
06/29/2010 01:43:35,42.78858,-71.24132,0.00,24.76,25.340085502152862453531598513011152,80
06/29/2010 01:44:40,42.78855,-71.24135,0.00,24.76,25.340085502152862453531598513011152,75
06/29/2010 01:45:44,42.78855,-71.24132,0.00,24.76,25.340085502152862453531598513011152,72
06/29/2010 01:46:49,42.7885,-71.24138,0.00,24.76,25.340085502152862453531598513011152,63
06/29/2010 01:47:53,42.788532,-71.24135,0.00,24.76,25.616451732724299065420560747663551,65
06/29/2010 01:48:58,42.788532,-71.24132,0.00,24.76,25.432348460898063314711359404096834,58
06/29/2010 01:50:03,42.78855,-71.24135,0.00,25.08,25.247681509050055658627087198515770,75
06/29/2010 01:51:08,42.7885,-71.241264,0.00,25.08,25.340085502152862453531598513011152,92
06/29/2010 01:52:12,42.78858,-71.24125,0.00,25.08,25.340085502152862453531598513011152,80
06/29/2010 01:53:17,42.788597,-71.24133,0.00,25.08,25.340085502152862453531598513011152,80
06/29/2010 01:54:21,42.788647,-71.24135,0.00,25.08,24.969622194843099630996309963099631,87
06/29/2010 01:55:26,42.788467,-71.24132,0.00,25.08,25.155136368296296296296296296296296,89
06/29/2010 01:56:31,42.78855,-71.24146,0.00,25.08,25.799992247927842401500938086303940,64
06/29/2010 01:57:36,42.78858,-71.24146,0.00,24.76,25.062449967435896487985212569316081,41
06/29/2010 01:58:40,42.788532,-71.24148,0.00,24.76,25.062449967435896487985212569316081,74
06/29/2010 01:59:45,42.788597,-71.2415,0.00,24.76,24.783542092061176470588235294117647,18
06/29/2010 02:00:49,42.78858,-71.24142,0.00,25.08,24.969622194843099630996309963099631,52
06/29/2010 02:01:54,42.788597,-71.24142,0.00,25.08,24.876652939714438305709023941068140,48
06/29/2010 02:02:59,42.78855,-71.24145,0.00,24.76,24.876652939714438305709023941068140,72
06/29/2010 02:04:03,42.788567,-71.2414,0.00,24.76,24.876652939714438305709023941068140,74
06/29/2010 02:05:08,42.788532,-71.24145,0.00,24.76,24.783542092061176470588235294117647,72
06/29/2010 02:06:13,42.78855,-71.2414,0.00,24.76,24.783542092061176470588235294117647,79
06/29/2010 02:07:17,42.788486,-71.2414,0.00,24.76,25.062449967435896487985212569316081,55
06/29/2010 02:08:22,42.78855,-71.2414,0.00,24.76,24.876652939714438305709023941068140,64
06/29/2010 02:09:26,42.788517,-71.2414,0.00,24.76,24.783542092061176470588235294117647,65
06/29/2010 02:10:31,42.788662,-71.24145,0.00,24.76,24.783542092061176470588235294117647,87
06/29/2010 02:11:36,42.788662,-71.24145,0.00,25.08,24.783542092061176470588235294117647,60
06/29/2010 02:12:40,42.78868,-71.24143,0.00,25.08,24.783542092061176470588235294117647,82
06/29/2010 02:13:45,42.7885,-71.24143,0.00,24.76,24.690289542701834862385321100917431,64
06/29/2010 02:14:50,42.788467,-71.24143,0.00,24.76,24.596895183254798534798534798534799,55
06/29/2010 02:15:54,42.788315,-71.24132,0.00,25.08,24.596895183254798534798534798534799,76
06/29/2010 02:16:59,42.788418,-71.2414,0.00,25.08,24.503358906131005484460694698354662,70
06/29/2010 02:18:04,42.788918,-71.24142,0.00,25.08,24.596895183254798534798534798534799,93
06/29/2010 02:19:08,42.788467,-71.2414,0.00,25.08,24.409680604526715328467153284671533,86
06/29/2010 02:20:13,42.78855,-71.24135,0.00,24.76,24.409680604526715328467153284671533,76
06/29/2010 02:21:18,42.788517,-71.24142,0.00,24.76,24.503358906131005484460694698354662,85
06/29/2010 02:22:22,42.788364,-71.24132,0.00,24.76,24.690289542701834862385321100917431,40
06/29/2010 02:23:27,42.788532,-71.24129,0.00,24.76,24.503358906131005484460694698354662,63
06/29/2010 02:24:32,42.7885,-71.24133,0.00,24.76,24.503358906131005484460694698354662,77
06/29/2010 02:25:36,42.7885,-71.2413,0.00,24.76,24.409680604526715328467153284671533,74
06/29/2010 02:26:41,42.7885,-71.24132,0.00,24.76,24.596895183254798534798534798534799,70
06/29/2010 02:27:46,42.78858,-71.24136,0.00,24.76,24.315860172416357012750455373406193,73
06/29/2010 02:28:50,42.788403,-71.241234,0.00,24.76,24.221897504545454545454545454545455,64
06/29/2010 02:29:55,42.78833,-71.24129,0.00,24.76,24.409680604526715328467153284671533,71
06/29/2010 02:31:00,42.788418,-71.24132,0.00,24.76,24.221897504545454545454545454545455,68
06/29/2010 02:32:04,42.788418,-71.2413,0.00,24.76,24.409680604526715328467153284671533,71
06/29/2010 02:33:09,42.7881,-71.24125,0.00,24.76,24.503358906131005484460694698354662,92
06/29/2010 02:34:14,42.7885,-71.24132,0.00,24.76,24.409680604526715328467153284671533,77
06/29/2010 02:35:18,42.788517,-71.24148,0.00,24.76,24.315860172416357012750455373406193,100
06/29/2010 02:36:23,42.788418,-71.2412,0.00,24.76,24.315860172416357012750455373406193,60
06/29/2010 02:37:28,42.788387,-71.241234,0.00,24.43,24.503358906131005484460694698354662,50
06/29/2010 02:38:32,42.788403,-71.24136,0.00,24.43,24.221897504545454545454545454545455,77
06/29/2010 02:39:37,42.788387,-71.24143,0.00,24.76,23.844622396965487364620938628158845,70
06/29/2010 02:40:42,42.788387,-71.241585,0.00,24.76,24.127792496423629764065335753176044,98
06/29/2010 02:41:46,42.788185,-71.2412,0.00,24.43,24.127792496423629764065335753176044,70
06/29/2010 02:42:51,42.788452,-71.24142,0.00,24.43,24.033545044317681159420289855072464,68
06/29/2010 02:43:56,42.78858,-71.24143,0.00,24.43,24.033545044317681159420289855072464,72
06/29/2010 02:45:00,42.788418,-71.24135,0.00,24.43,24.033545044317681159420289855072464,78
06/29/2010 02:46:05,42.78863,-71.24145,0.00,24.43,23.844622396965487364620938628158845,70
06/29/2010 02:47:10,42.78855,-71.24143,0.00,24.43,24.033545044317681159420289855072464,77
06/29/2010 02:48:14,42.78855,-71.24142,0.00,24.43,24.127792496423629764065335753176044,77
06/29/2010 02:49:19,42.78855,-71.24142,0.00,24.43,23.939155045244737793851717902350814,75
06/29/2010 02:50:24,42.78858,-71.24142,0.00,24.43,23.939155045244737793851717902350814,73
06/29/2010 02:51:28,42.78858,-71.24136,0.00,24.11,24.033545044317681159420289855072464,67
06/29/2010 02:52:33,42.788567,-71.24136,0.00,24.11,23.939155045244737793851717902350814,71
06/29/2010 02:53:38,42.78858,-71.24133,0.00,24.11,24.409680604526715328467153284671533,57
06/29/2010 02:54:42,42.78858,-71.24136,0.00,24.11,24.221897504545454545454545454545455,63
06/29/2010 02:55:47,42.78863,-71.24142,0.00,24.11,24.033545044317681159420289855072464,64
06/29/2010 02:56:52,42.788467,-71.24138,0.00,24.11,24.127792496423629764065335753176044,69
06/29/2010 02:57:56,42.78855,-71.2414,0.00,24.11,24.221897504545454545454545454545455,77
06/29/2010 02:59:01,42.78858,-71.2413,0.00,24.11,24.690289542701834862385321100917431,57
06/29/2010 03:00:05,42.78855,-71.24138,0.00,24.11,24.503358906131005484460694698354662,77
06/29/2010 03:01:10,42.788597,-71.24119,0.00,24.11,24.127792496423629764065335753176044,58
06/29/2010 03:02:15,42.788616,-71.2414,0.00,24.11,24.876652939714438305709023941068140,68
06/29/2010 03:03:19,42.788597,-71.2414,0.00,24.11,24.127792496423629764065335753176044,70
06/29/2010 03:04:24,42.788418,-71.2415,0.00,23.79,24.127792496423629764065335753176044,78
06/29/2010 03:05:29,42.78855,-71.24142,0.00,24.11,24.221897504545454545454545454545455,64
06/29/2010 03:06:33,42.788662,-71.24133,0.00,23.79,24.315860172416357012750455373406193,61
06/29/2010 03:07:38,42.78855,-71.2414,0.00,24.11,24.221897504545454545454545454545455,79
06/29/2010 03:08:42,42.788364,-71.24152,0.00,24.11,24.127792496423629764065335753176044,71
06/29/2010 03:09:47,42.78855,-71.24142,0.00,24.11,24.033545044317681159420289855072464,72
06/29/2010 03:10:51,42.78858,-71.2414,0.00,23.79,24.221897504545454545454545454545455,79
06/29/2010 03:11:56,42.788647,-71.24133,0.00,24.11,24.221897504545454545454545454545455,81
06/29/2010 03:13:01,42.788532,-71.241264,0.00,24.11,24.127792496423629764065335753176044,82
06/29/2010 03:14:05,42.788486,-71.24125,0.00,24.11,24.409680604526715328467153284671533,97
06/29/2010 03:15:10,42.788452,-71.24136,0.00,24.11,24.221897504545454545454545454545455,80
06/29/2010 03:16:14,42.788532,-71.24136,0.00,24.11,24.690289542701834862385321100917431,75
06/29/2010 03:17:19,42.788315,-71.241684,0.00,24.11,24.127792496423629764065335753176044,44
06/29/2010 03:18:24,42.78855,-71.24143,0.00,24.11,24.221897504545454545454545454545455,78
06/29/2010 03:19:28,42.788567,-71.24136,0.00,24.11,24.221897504545454545454545454545455,70
06/29/2010 03:20:33,42.788567,-71.24138,0.00,24.11,24.315860172416357012750455373406193,73
06/29/2010 03:21:37,42.788567,-71.24138,0.00,24.11,24.221897504545454545454545454545455,71
06/29/2010 03:22:42,42.78855,-71.24138,0.00,24.11,24.409680604526715328467153284671533,72
06/29/2010 03:23:47,42.788616,-71.24135,0.00,24.11,24.315860172416357012750455373406193,69
06/29/2010 03:24:51,42.788597,-71.24136,0.00,24.43,24.315860172416357012750455373406193,70
06/29/2010 03:25:56,42.78855,-71.24143,0.00,24.43,24.315860172416357012750455373406193,69
06/29/2010 03:27:01,42.788532,-71.24145,0.00,24.43,24.315860172416357012750455373406193,70
06/29/2010 03:28:05,42.788517,-71.24143,0.00,24.43,24.221897504545454545454545454545455,76
06/29/2010 03:29:10,42.788647,-71.24142,0.00,24.43,24.127792496423629764065335753176044,38
06/29/2010 03:30:14,42.78863,-71.2413,0.00,24.43,24.033545044317681159420289855072464,54
06/29/2010 03:31:19,42.78863,-71.24138,0.00,24.43,23.939155045244737793851717902350814,53
06/29/2010 03:32:24,42.788616,-71.24142,0.00,24.11,24.033545044317681159420289855072464,58
06/29/2010 03:33:28,42.788616,-71.24142,0.00,24.11,24.127792496423629764065335753176044,59
06/29/2010 03:34:33,42.78863,-71.24143,0.00,24.43,23.844622396965487364620938628158845,58
06/29/2010 03:35:38,42.788597,-71.2416,0.00,24.43,24.033545044317681159420289855072464,62
06/29/2010 03:36:42,42.788452,-71.241554,0.00,24.43,23.939155045244737793851717902350814,89
06/29/2010 03:37:47,42.7885,-71.24146,0.00,24.43,24.127792496423629764065335753176044,79
06/29/2010 03:38:52,42.788216,-71.2417,0.00,24.43,24.033545044317681159420289855072464,183
06/29/2010 03:39:56,42.788616,-71.24138,0.00,24.43,24.127792496423629764065335753176044,57
06/29/2010 03:41:01,42.788662,-71.24135,0.00,24.76,24.127792496423629764065335753176044,42
06/29/2010 03:42:06,42.788597,-71.24145,0.00,24.76,24.033545044317681159420289855072464,70
06/29/2010 03:43:10,42.78858,-71.24145,0.00,24.76,24.033545044317681159420289855072464,63
06/29/2010 03:44:15,42.788532,-71.24148,0.00,24.76,24.033545044317681159420289855072464,83
06/29/2010 03:45:20,42.788403,-71.2415,0.00,24.76,23.939155045244737793851717902350814,108
06/29/2010 03:46:24,42.788418,-71.24145,0.00,24.76,23.939155045244737793851717902350814,102
06/29/2010 03:47:29,42.788532,-71.24143,0.00,24.43,24.033545044317681159420289855072464,67
06/29/2010 03:48:34,42.78863,-71.24148,0.00,24.76,23.844622396965487364620938628158845,41
06/29/2010 03:49:38,42.788597,-71.24143,0.00,24.76,23.844622396965487364620938628158845,70
06/29/2010 03:50:43,42.788647,-71.24148,0.00,24.43,23.749946997977477477477477477477477,55
06/29/2010 03:51:48,42.78858,-71.24142,0.00,24.43,23.844622396965487364620938628158845,69
06/29/2010 03:52:52,42.788616,-71.24145,0.00,24.43,23.465063292650609318996415770609319,63
06/29/2010 03:53:57,42.788616,-71.24146,0.00,24.11,23.655128747508489208633093525179856,58
06/29/2010 03:55:02,42.78872,-71.24152,0.00,24.11,23.844622396965487364620938628158845,2
06/29/2010 03:56:06,42.78872,-71.24152,0.00,24.11,23.749946997977477477477477477477477,65514
06/29/2010 03:57:11,42.788616,-71.24142,0.00,24.11,23.655128747508489208633093525179856,49
06/29/2010 03:58:16,42.788597,-71.2414,0.00,24.11,23.655128747508489208633093525179856,60
06/29/2010 03:59:20,42.788616,-71.24148,0.00,24.11,23.655128747508489208633093525179856,66
06/29/2010 04:00:25,42.78858,-71.24148,0.00,24.11,23.939155045244737793851717902350814,73
06/29/2010 04:01:30,42.788616,-71.2415,0.00,24.11,23.939155045244737793851717902350814,68
06/29/2010 04:02:34,42.788567,-71.24146,0.00,24.43,23.749946997977477477477477477477477,75
06/29/2010 04:03:39,42.788616,-71.24148,0.00,24.43,23.844622396965487364620938628158845,72
06/29/2010 04:04:44,42.788616,-71.24148,0.00,24.76,23.655128747508489208633093525179856,70
06/29/2010 04:05:48,42.788662,-71.24146,0.00,24.76,23.749946997977477477477477477477477,74
06/29/2010 04:06:53,42.78858,-71.24143,0.00,24.76,23.655128747508489208633093525179856,86
06/29/2010 04:07:58,42.7885,-71.24132,0.00,24.76,23.749946997977477477477477477477477,104
06/29/2010 04:09:02,42.78855,-71.2413,0.00,24.76,23.749946997977477477477477477477477,109
06/29/2010 04:10:07,42.788467,-71.24138,0.00,25.08,23.844622396965487364620938628158845,114
06/29/2010 04:11:12,42.7885,-71.24138,0.00,25.08,23.749946997977477477477477477477477,105
06/29/2010 04:12:16,42.788517,-71.2414,0.00,24.76,23.655128747508489208633093525179856,98
06/29/2010 04:13:21,42.788532,-71.24135,0.00,24.76,23.749946997977477477477477477477477,124
06/29/2010 04:14:26,42.78858,-71.24132,0.00,24.43,23.844622396965487364620938628158845,137
06/29/2010 04:15:30,42.788616,-71.24143,0.00,24.76,23.749946997977477477477477477477477,84
06/29/2010 04:16:35,42.788532,-71.24136,0.00,24.43,23.178891246217504456327985739750446,92
06/29/2010 04:17:40,42.788532,-71.24132,0.00,24.43,23.844622396965487364620938628158845,82
06/29/2010 04:18:44,42.788517,-71.24145,0.00,24.76,23.844622396965487364620938628158845,30
06/29/2010 04:19:49,42.78858,-71.24148,0.00,24.43,23.939155045244737793851717902350814,18
06/29/2010 04:20:54,42.788647,-71.2413,0.00,24.76,23.939155045244737793851717902350814,123
06/29/2010 04:21:58,42.788517,-71.24113,0.00,24.76,23.939155045244737793851717902350814,94
06/29/2010 04:23:03,42.788486,-71.2413,0.00,24.43,23.844622396965487364620938628158845,108
06/29/2010 04:24:08,42.788486,-71.24133,0.00,24.76,23.939155045244737793851717902350814,97
06/29/2010 04:25:13,42.7885,-71.241264,0.00,24.43,24.033545044317681159420289855072464,102
06/29/2010 04:26:17,42.788486,-71.24125,0.00,24.43,23.939155045244737793851717902350814,117
06/29/2010 04:27:22,42.78855,-71.241234,0.00,24.43,24.033545044317681159420289855072464,82
06/29/2010 04:28:27,42.788532,-71.241264,0.00,24.43,24.221897504545454545454545454545455,88
06/29/2010 04:29:31,42.7885,-71.241234,0.00,24.43,24.033545044317681159420289855072464,104
06/29/2010 04:30:36,42.788597,-71.24135,0.00,24.43,23.939155045244737793851717902350814,72
06/29/2010 04:31:41,42.7885,-71.24138,0.00,24.43,23.939155045244737793851717902350814,84
06/29/2010 04:32:45,42.78855,-71.2414,0.00,24.43,24.033545044317681159420289855072464,87
06/29/2010 04:33:50,42.788517,-71.24145,0.00,24.76,24.033545044317681159420289855072464,50
06/29/2010 04:34:55,42.788662,-71.24145,0.00,24.76,23.939155045244737793851717902350814,23
06/29/2010 04:35:59,42.78874,-71.24146,0.00,25.08,24.127792496423629764065335753176044,14
06/29/2010 04:37:04,42.78868,-71.24143,0.00,25.08,24.033545044317681159420289855072464,36
06/29/2010 04:38:09,42.78855,-71.2414,0.00,25.08,24.127792496423629764065335753176044,57
06/29/2010 04:39:13,42.788532,-71.241554,0.00,25.08,24.033545044317681159420289855072464,14
06/29/2010 04:40:18,42.788597,-71.24136,0.00,25.08,24.033545044317681159420289855072464,78
06/29/2010 04:41:23,42.78858,-71.24135,0.00,25.08,23.939155045244737793851717902350814,66
06/29/2010 04:42:27,42.78858,-71.24129,0.00,25.08,24.033545044317681159420289855072464,60
06/29/2010 04:43:32,42.788567,-71.24135,0.00,25.08,24.033545044317681159420289855072464,78
06/29/2010 04:44:37,42.788696,-71.24119,0.00,25.08,24.127792496423629764065335753176044,52
06/29/2010 04:45:41,42.7885,-71.24138,0.00,25.08,23.844622396965487364620938628158845,87
06/29/2010 04:46:46,42.78855,-71.24132,0.00,25.08,24.033545044317681159420289855072464,66
06/29/2010 04:47:51,42.788403,-71.24146,0.00,25.08,24.033545044317681159420289855072464,35
06/29/2010 04:48:55,42.78858,-71.2413,0.00,25.40,24.127792496423629764065335753176044,62
06/29/2010 04:50:00,42.788517,-71.24138,0.00,25.72,24.033545044317681159420289855072464,44
06/29/2010 04:51:05,42.788597,-71.24138,0.00,25.40,24.033545044317681159420289855072464,42
06/29/2010 04:52:09,42.78863,-71.24142,0.00,25.40,24.033545044317681159420289855072464,44
06/29/2010 04:53:14,42.788616,-71.24142,0.00,25.40,23.844622396965487364620938628158845,47
06/29/2010 04:54:19,42.788517,-71.24129,0.00,25.08,23.844622396965487364620938628158845,61
06/29/2010 04:55:23,42.788467,-71.24132,0.00,25.08,23.844622396965487364620938628158845,49
06/29/2010 04:56:28,42.788532,-71.241264,0.00,25.08,24.033545044317681159420289855072464,74
06/29/2010 04:57:33,42.7885,-71.24136,0.00,25.08,23.844622396965487364620938628158845,57
06/29/2010 04:58:37,42.78855,-71.24142,0.00,25.08,23.939155045244737793851717902350814,52
06/29/2010 04:59:42,42.788532,-71.24138,0.00,25.08,23.844622396965487364620938628158845,63
06/29/2010 05:00:47,42.788486,-71.2414,0.00,25.08,23.939155045244737793851717902350814,69
06/29/2010 05:01:51,42.788517,-71.24136,0.00,25.08,24.033545044317681159420289855072464,80
06/29/2010 05:02:56,42.788364,-71.241554,0.00,25.08,23.749946997977477477477477477477477,50
06/29/2010 05:04:01,42.788532,-71.2414,0.00,25.08,23.939155045244737793851717902350814,60
06/29/2010 05:05:05,42.78855,-71.24145,0.00,25.08,23.655128747508489208633093525179856,42
06/29/2010 05:06:10,42.788597,-71.24133,0.00,25.08,24.033545044317681159420289855072464,57
06/29/2010 05:07:15,42.78858,-71.24135,0.00,25.08,23.939155045244737793851717902350814,62
06/29/2010 05:08:19,42.788597,-71.24135,0.00,25.40,23.939155045244737793851717902350814,52
06/29/2010 05:09:24,42.788517,-71.24136,0.00,25.08,23.939155045244737793851717902350814,45
06/29/2010 05:10:29,42.78855,-71.2414,0.00,25.08,23.844622396965487364620938628158845,60
06/29/2010 05:11:33,42.788467,-71.24152,2.10,25.40,23.844622396965487364620938628158845,62
06/29/2010 05:12:38,42.78858,-71.24146,2.10,25.40,23.749946997977477477477477477477477,61
06/29/2010 05:13:42,42.788616,-71.24125,2.10,25.72,23.844622396965487364620938628158845,81
06/29/2010 05:14:47,42.78855,-71.2412,2.10,25.40,23.749946997977477477477477477477477,102
06/29/2010 05:15:52,42.788486,-71.24135,4.19,25.40,23.749946997977477477477477477477477,91
06/29/2010 05:16:56,42.788532,-71.24129,4.19,25.40,23.465063292650609318996415770609319,77
06/29/2010 05:18:01,42.7885,-71.24138,6.29,25.08,23.844622396965487364620938628158845,70
06/29/2010 05:19:06,42.788486,-71.24142,8.38,25.08,23.844622396965487364620938628158845,75
06/29/2010 05:20:10,42.788532,-71.24138,10.47,24.76,23.749946997977477477477477477477477,83
06/29/2010 05:21:15,42.788467,-71.24152,10.47,24.76,23.560167545509982046678635547576302,79
06/29/2010 05:22:19,42.788467,-71.2415,10.47,24.76,23.939155045244737793851717902350814,79
06/29/2010 05:23:24,42.7885,-71.24142,12.56,24.76,23.844622396965487364620938628158845,85
06/29/2010 05:24:29,42.788532,-71.24138,12.56,24.76,23.844622396965487364620938628158845,79
06/29/2010 05:25:33,42.788486,-71.24142,16.73,24.76,23.844622396965487364620938628158845,77
06/29/2010 05:26:38,42.78858,-71.24125,18.82,24.76,23.844622396965487364620938628158845,92
06/29/2010 05:27:43,42.788532,-71.24136,25.06,25.08,23.844622396965487364620938628158845,86
06/29/2010 05:28:47,42.788616,-71.24135,29.21,25.08,23.844622396965487364620938628158845,73
06/29/2010 05:29:52,42.788387,-71.2412,35.42,25.08,23.844622396965487364620938628158845,109
06/29/2010 05:30:57,42.78863,-71.24135,41.62,24.76,24.033545044317681159420289855072464,72
06/29/2010 05:32:01,42.788696,-71.24129,47.80,24.76,23.749946997977477477477477477477477,70
06/29/2010 05:33:06,42.788616,-71.24133,53.97,24.76,23.844622396965487364620938628158845,77
06/29/2010 05:34:11,42.788532,-71.24136,58.07,24.76,23.939155045244737793851717902350814,86
06/29/2010 05:35:15,42.788486,-71.24135,62.16,24.76,23.749946997977477477477477477477477,90
06/29/2010 05:36:20,42.788437,-71.24132,66.25,24.43,23.844622396965487364620938628158845,97
06/29/2010 05:37:25,42.788532,-71.241264,70.33,24.43,23.844622396965487364620938628158845,85
06/29/2010 05:38:29,42.78855,-71.2414,76.43,24.11,23.749946997977477477477477477477477,77
06/29/2010 05:39:34,42.788616,-71.24142,82.52,24.11,23.749946997977477477477477477477477,83
06/29/2010 05:40:38,42.78863,-71.2414,88.59,24.11,23.844622396965487364620938628158845,85
06/29/2010 05:41:43,42.788597,-71.2414,90.61,24.11,23.844622396965487364620938628158845,75
06/29/2010 05:42:48,42.788597,-71.24138,92.63,24.11,23.749946997977477477477477477477477,62
06/29/2010 05:43:52,42.788662,-71.24138,94.65,24.11,23.844622396965487364620938628158845,50
06/29/2010 05:44:57,42.788662,-71.24138,96.66,24.11,23.844622396965487364620938628158845,48
06/29/2010 05:46:01,42.78868,-71.24135,96.66,24.11,23.749946997977477477477477477477477,45
06/29/2010 05:47:06,42.78855,-71.24143,100.69,24.11,23.844622396965487364620938628158845,83
06/29/2010 05:48:11,42.78858,-71.24138,108.72,24.43,23.749946997977477477477477477477477,68
06/29/2010 05:49:15,42.78863,-71.24138,116.72,24.43,23.749946997977477477477477477477477,67
06/29/2010 05:50:20,42.78863,-71.2414,126.68,24.43,23.939155045244737793851717902350814,71
06/29/2010 05:51:24,42.788616,-71.24138,132.63,24.11,23.844622396965487364620938628158845,72
06/29/2010 05:52:29,42.78858,-71.24138,136.59,24.11,23.844622396965487364620938628158845,74
06/29/2010 05:53:34,42.78858,-71.24136,138.57,24.11,23.749946997977477477477477477477477,72
06/29/2010 05:54:38,42.7885,-71.24136,146.46,24.11,23.939155045244737793851717902350814,77
06/29/2010 05:55:43,42.788517,-71.241234,152.36,24.11,24.033545044317681159420289855072464,85
06/29/2010 05:56:47,42.788597,-71.241264,152.36,24.11,24.033545044317681159420289855072464,72
06/29/2010 05:57:52,42.7885,-71.24133,144.49,24.11,24.127792496423629764065335753176044,75
06/29/2010 05:58:57,42.78855,-71.2413,138.57,24.11,24.127792496423629764065335753176044,84
06/29/2010 06:00:01,42.7885,-71.24138,140.55,23.79,24.127792496423629764065335753176044,87
06/29/2010 06:01:06,42.788452,-71.24145,150.40,24.11,24.127792496423629764065335753176044,95
06/29/2010 06:02:11,42.788467,-71.24143,158.25,24.11,24.127792496423629764065335753176044,91
06/29/2010 06:03:15,42.788486,-71.24143,158.25,24.11,24.033545044317681159420289855072464,88
06/29/2010 06:04:20,42.788517,-71.24142,154.33,24.11,24.127792496423629764065335753176044,89
06/29/2010 06:05:25,42.78855,-71.2414,152.36,24.43,24.127792496423629764065335753176044,86
06/29/2010 06:06:29,42.788532,-71.24142,152.36,24.43,24.221897504545454545454545454545455,91
06/29/2010 06:07:34,42.788567,-71.2414,156.29,24.43,24.221897504545454545454545454545455,74
06/29/2010 06:08:39,42.788567,-71.24138,160.20,24.43,24.315860172416357012750455373406193,79
06/29/2010 06:09:43,42.788532,-71.2414,164.11,24.43,24.221897504545454545454545454545455,81
06/29/2010 06:10:48,42.78855,-71.24138,166.07,24.43,24.315860172416357012750455373406193,88
06/29/2010 06:11:52,42.788662,-71.24135,156.29,24.11,24.315860172416357012750455373406193,76
06/29/2010 06:12:57,42.78855,-71.24142,156.29,24.11,24.127792496423629764065335753176044,76
06/29/2010 06:14:02,42.788597,-71.24142,152.36,24.11,24.315860172416357012750455373406193,57
06/29/2010 06:15:06,42.78858,-71.24138,138.57,24.11,24.315860172416357012750455373406193,77
06/29/2010 06:16:11,42.788486,-71.24157,134.61,24.11,24.409680604526715328467153284671533,105
06/29/2010 06:17:15,42.788567,-71.24154,132.63,24.43,24.503358906131005484460694698354662,89
06/29/2010 06:18:20,42.7885,-71.24148,134.61,24.43,24.409680604526715328467153284671533,101
06/29/2010 06:19:25,42.788452,-71.24146,136.59,24.76,24.503358906131005484460694698354662,111
06/29/2010 06:20:29,42.78868,-71.24132,136.59,24.43,24.503358906131005484460694698354662,65
06/29/2010 06:21:34,42.78863,-71.24142,142.52,24.43,24.409680604526715328467153284671533,82
06/29/2010 06:22:39,42.78858,-71.24143,150.40,24.43,24.409680604526715328467153284671533,85
06/29/2010 06:23:43,42.788616,-71.24136,144.49,24.43,24.409680604526715328467153284671533,69
06/29/2010 06:24:48,42.788486,-71.24148,128.66,24.43,23.083213810721992882562277580071174,92
06/29/2010 06:25:53,42.788597,-71.24135,120.71,24.11,25.062449967435896487985212569316081,76
06/29/2010 06:26:57,42.788532,-71.24143,124.69,24.11,24.315860172416357012750455373406193,85
06/29/2010 06:28:02,42.788597,-71.24135,136.59,24.11,24.783542092061176470588235294117647,91
06/29/2010 06:29:06,42.78855,-71.24138,152.36,24.11,24.503358906131005484460694698354662,98
06/29/2010 06:30:11,42.788517,-71.24142,171.91,24.43,23.274425240571428571428571428571429,66
06/29/2010 06:31:16,42.788517,-71.24143,181.62,24.43,24.221897504545454545454545454545455,57
06/29/2010 06:32:20,42.788567,-71.24138,173.86,24.43,24.409680604526715328467153284671533,70
06/29/2010 06:33:25,42.78858,-71.2414,168.02,24.43,25.432348460898063314711359404096834,76
06/29/2010 06:34:30,42.78855,-71.24138,175.80,24.43,23.939155045244737793851717902350814,92
06/29/2010 06:35:34,42.788597,-71.24136,197.06,24.76,24.503358906131005484460694698354662,70
06/29/2010 06:36:39,42.788567,-71.24132,221.90,24.43,24.315860172416357012750455373406193,85
06/29/2010 06:37:44,42.788597,-71.24136,246.44,24.43,24.503358906131005484460694698354662,72
06/29/2010 06:38:48,42.788662,-71.2413,221.90,24.43,23.939155045244737793851717902350814,74
06/29/2010 06:39:53,42.788567,-71.24136,225.69,24.43,23.369815890309803220035778175313059,85
06/29/2010 06:40:58,42.78858,-71.24136,235.15,24.43,24.596895183254798534798534798534799,58
06/29/2010 06:42:03,42.788662,-71.24135,305.54,24.43,24.783542092061176470588235294117647,72
06/29/2010 06:43:07,42.78858,-71.24132,419.92,24.76,23.749946997977477477477477477477477,72
06/29/2010 06:44:12,42.78858,-71.24132,431.79,24.76,23.083213810721992882562277580071174,68
06/29/2010 06:45:16,42.78855,-71.24111,446.91,24.76,22.699067750679010600706713780918728,90
06/29/2010 06:46:21,42.788597,-71.241264,339.76,24.76,24.503358906131005484460694698354662,106
06/29/2010 06:47:26,42.788616,-71.24135,407.97,24.76,24.969622194843099630996309963099631,81
06/29/2010 06:48:30,42.788647,-71.2413,483.27,24.76,24.315860172416357012750455373406193,85
06/29/2010 06:49:35,42.788467,-71.24143,460.23,24.43,24.503358906131005484460694698354662,56
06/29/2010 06:50:40,42.788532,-71.24122,512.37,24.43,25.062449967435896487985212569316081,100
06/29/2010 06:51:44,42.7885,-71.241234,523.53,24.43,25.247681509050055658627087198515770,114
06/29/2010 06:52:49,42.788597,-71.24133,534.60,24.43,26.256387661764848484848484848484848,86
06/29/2010 06:53:54,42.788616,-71.24136,505.95,24.76,24.969622194843099630996309963099631,67
06/29/2010 06:54:58,42.788616,-71.24132,574.94,24.76,24.969622194843099630996309963099631,46
06/29/2010 06:56:03,42.788647,-71.24133,621.46,24.76,25.062449967435896487985212569316081,54
06/29/2010 06:57:08,42.78855,-71.24142,649.11,24.76,25.340085502152862453531598513011152,45
06/29/2010 06:58:12,42.788803,-71.24125,669.07,24.76,25.708292276651086142322097378277154,46
06/29/2010 06:59:17,42.78863,-71.24133,657.71,24.76,25.982970943819623352165725047080979,70
06/29/2010 07:00:21,42.78858,-71.2414,698.35,25.08,25.432348460898063314711359404096834,64
06/29/2010 07:01:26,42.788532,-71.24143,669.07,25.08,24.876652939714438305709023941068140,59
06/29/2010 07:02:31,42.788532,-71.24148,568.81,25.08,25.524470499424477611940298507462687,84
06/29/2010 07:03:35,42.788647,-71.24133,537.74,25.08,25.799992247927842401500938086303940,69
06/29/2010 07:04:40,42.788517,-71.241554,578.00,25.08,25.524470499424477611940298507462687,83
06/29/2010 07:05:44,42.788567,-71.24143,531.44,25.08,25.432348460898063314711359404096834,65
06/29/2010 07:06:49,42.78855,-71.24146,491.41,25.08,25.432348460898063314711359404096834,61
06/29/2010 07:07:53,42.788467,-71.24148,404.54,25.08,25.432348460898063314711359404096834,68
06/29/2010 07:08:58,42.78858,-71.24138,382.06,25.08,25.799992247927842401500938086303940,57
06/29/2010 07:10:03,42.788387,-71.2417,357.51,25.08,25.340085502152862453531598513011152,72
06/29/2010 07:11:07,42.788597,-71.24148,385.54,25.08,25.247681509050055658627087198515770,90
06/29/2010 07:12:12,42.788616,-71.24143,456.91,25.08,25.247681509050055658627087198515770,85
06/29/2010 07:13:16,42.788567,-71.24142,596.16,25.08,25.340085502152862453531598513011152,74
06/29/2010 07:14:21,42.788532,-71.24145,661.99,24.76,25.340085502152862453531598513011152,82
06/29/2010 07:15:26,42.788486,-71.2415,692.84,24.76,25.524470499424477611940298507462687,64
06/29/2010 07:16:30,42.788403,-71.24145,676.12,25.08,25.891551764155187969924812030075188,5
06/29/2010 07:17:35,42.788517,-71.24142,713.37,25.08,25.982970943819623352165725047080979,72
06/29/2010 07:18:39,42.788567,-71.24136,661.99,25.08,26.074249906301886792452830188679245,74
06/29/2010 07:19:44,42.78855,-71.24135,518.75,25.40,26.165388771885406427221172022684310,87
06/29/2010 07:20:49,42.788567,-71.24138,556.47,25.40,25.982970943819623352165725047080979,86
06/29/2010 07:21:53,42.788567,-71.24138,785.21,25.40,25.891551764155187969924812030075188,78
06/29/2010 07:22:58,42.788597,-71.24136,813.64,25.72,26.074249906301886792452830188679245,88
06/29/2010 07:24:02,42.788532,-71.24133,730.85,25.72,26.256387661764848484848484848484848,61
06/29/2010 07:25:07,42.788517,-71.24136,728.18,25.72,26.437966003798326996197718631178707,69
06/29/2010 07:26:12,42.78855,-71.24135,579.52,25.72,26.528545702976190476190476190476190,68
06/29/2010 07:27:16,42.7885,-71.24136,507.56,25.72,26.347246698054762808349146110056926,60
06/29/2010 07:28:21,42.788532,-71.2414,491.41,25.72,26.437966003798326996197718631178707,66
06/29/2010 07:29:26,42.78858,-71.24138,611.11,26.04,26.528545702976190476190476190476190,64
06/29/2010 07:30:30,42.788597,-71.24145,558.02,26.04,26.165388771885406427221172022684310,100
06/29/2010 07:31:35,42.78863,-71.24143,502.73,25.72,26.256387661764848484848484848484848,93
06/29/2010 07:32:39,42.788567,-71.24142,470.15,25.72,26.165388771885406427221172022684310,92
06/29/2010 07:33:44,42.788597,-71.2414,392.47,25.40,26.074249906301886792452830188679245,86
06/29/2010 07:34:48,42.788517,-71.24138,329.03,25.40,26.074249906301886792452830188679245,50
06/29/2010 07:35:53,42.78855,-71.2414,300.08,25.08,25.891551764155187969924812030075188,62
06/29/2010 07:36:57,42.78858,-71.24143,298.25,25.08,25.891551764155187969924812030075188,66
06/29/2010 07:38:02,42.788517,-71.24145,298.25,25.08,25.891551764155187969924812030075188,64
06/29/2010 07:39:07,42.7885,-71.24143,285.43,25.40,26.165388771885406427221172022684310,65
06/29/2010 07:40:11,42.788486,-71.24142,281.75,25.08,25.982970943819623352165725047080979,65
06/29/2010 07:41:16,42.788597,-71.24142,283.59,25.40,25.982970943819623352165725047080979,80
06/29/2010 07:42:20,42.788662,-71.24138,144.49,25.40,26.165388771885406427221172022684310,83
06/29/2010 07:43:25,42.788662,-71.2414,0.00,25.40,26.256387661764848484848484848484848,79
06/29/2010 07:44:30,42.788567,-71.24133,1056.56,25.72,26.889470946958963531669865642994242,77
06/29/2010 07:45:34,42.788486,-71.244316,1047.12,26.04,27.337501632667286821705426356589147,84
06/29/2010 07:46:39,42.793003,-71.241585,1058.11,26.37,27.693435768855,72
06/29/2010 07:47:44,42.77937,-71.24218,1059.65,26.37,27.870575685137254901960784313725490,56
06/29/2010 07:48:48,42.77815,-71.248,1059.65,26.69,27.958939341513123772102161100196464,56
06/29/2010 07:49:53,42.778336,-71.239395,1057.34,26.69,27.958939341513123772102161100196464,49
06/29/2010 07:50:58,42.755405,-71.225266,1056.56,26.69,28.047165651509921259842519685039370,45
06/29/2010 07:52:02,42.742905,-71.20956,1055.79,26.69,28.047165651509921259842519685039370,46
06/29/2010 07:53:07,42.727337,-71.20571,1056.56,27.01,28.135254757617475345167652859960552,44
06/29/2010 07:54:12,42.710766,-71.21123,1058.11,27.01,28.311021933767326732673267326732673,56
06/29/2010 07:55:17,42.70477,-71.21263,1059.65,27.33,28.486242032611013916500994035785288,29
06/29/2010 07:56:21,42.69975,-71.22312,1058.88,27.33,28.486242032611013916500994035785288,28
06/29/2010 07:57:26,42.689713,-71.229034,1058.88,27.33,28.486242032611013916500994035785288,28
06/29/2010 07:58:31,42.67772,-71.2315,1055.79,27.66,28.486242032611013916500994035785288,25
06/29/2010 07:59:35,42.6695,-71.24181,1055.01,27.66,28.398700294466031746031746031746032,25
06/29/2010 08:00:40,42.660767,-71.2539,1055.01,27.66,28.398700294466031746031746031746032,27
06/29/2010 08:01:44,42.658413,-71.27783,1055.79,27.66,28.398700294466031746031746031746032,27
06/29/2010 08:02:49,42.65402,-71.2828,1055.79,27.66,28.398700294466031746031746031746032,28
06/29/2010 08:03:54,42.646248,-71.291336,1036.60,27.66,28.398700294466031746031746031746032,29
06/29/2010 08:04:58,42.64895,-71.304054,1057.34,27.66,28.573647296436972111553784860557769,28
06/29/2010 08:06:03,42.6494,-71.30558,1061.95,27.98,28.921906614916947791164658634538153,26
06/29/2010 08:07:08,42.65582,-71.313866,1063.47,28.30,29.267994515816356275303643724696356,34
06/29/2010 08:08:12,42.65905,-71.31972,1063.47,28.30,29.354178380584056795131845841784990,38
06/29/2010 08:09:17,42.65372,-71.32683,1065.74,28.62,29.526141497413075356415478615071283,49
06/29/2010 08:10:21,42.658348,-71.32415,1066.50,28.95,29.697566216779100204498977505112474,34
