time,latitude,longitude,light,temperature,temperature probe,altitude
06/28/2010 17:48:04,41.896282,-71.37441,0.00,31.52,30.208623320680207039337474120082816,28
06/28/2010 17:49:09,41.895466,-71.37525,0.00,31.52,30.462350751333333333333333333333333,28
06/28/2010 17:50:13,41.891888,-71.37852,0.00,31.52,30.462350751333333333333333333333333,42
06/28/2010 17:51:18,41.878067,-71.37896,0.00,31.52,30.377907891632474012474012474012474,26
06/28/2010 17:52:22,41.872803,-71.392784,0.00,31.52,30.293332140494937759336099585062241,31
06/28/2010 17:53:27,41.87093,-71.39952,0.00,31.52,30.293332140494937759336099585062241,24
06/28/2010 17:54:32,41.865566,-71.40323,0.00,31.52,30.293332140494937759336099585062241,26
06/28/2010 17:55:36,41.859604,-71.40452,0.00,31.52,30.293332140494937759336099585062241,23
06/28/2010 17:56:41,41.85687,-71.4107,0.00,31.85,30.293332140494937759336099585062241,28
06/28/2010 17:57:46,41.863247,-71.412,0.00,31.52,30.293332140494937759336099585062241,23
06/28/2010 17:58:50,41.87075,-71.41363,0.00,31.85,30.293332140494937759336099585062241,27
06/28/2010 17:59:55,41.87077,-71.41336,0.00,31.85,30.293332140494937759336099585062241,29
06/28/2010 18:00:59,41.870785,-71.41341,0.00,31.85,30.377907891632474012474012474012474,32
06/28/2010 18:02:04,41.870598,-71.41398,0.00,31.85,30.462350751333333333333333333333333,30
06/28/2010 18:03:09,41.870598,-71.41398,0.00,31.85,30.462350751333333333333333333333333,45
06/28/2010 18:04:13,41.870583,-71.41395,0.00,31.85,30.462350751333333333333333333333333,42
06/28/2010 18:05:18,41.870564,-71.413994,0.00,31.85,30.462350751333333333333333333333333,32
06/28/2010 18:06:22,41.870533,-71.41382,0.00,31.85,30.462350751333333333333333333333333,34
06/28/2010 18:07:27,41.864395,-71.4123,0.00,32.17,30.462350751333333333333333333333333,29
06/28/2010 18:08:31,41.857903,-71.41088,0.00,32.17,30.546660898318121085594989561586639,29
06/28/2010 18:09:36,41.851894,-71.41298,0.00,32.17,30.462350751333333333333333333333333,27
06/28/2010 18:10:41,41.84808,-71.41452,0.00,32.17,30.462350751333333333333333333333333,35
06/28/2010 18:11:45,41.847153,-71.41326,0.00,32.17,30.462350751333333333333333333333333,28
06/28/2010 18:12:50,41.844704,-71.4098,0.00,32.49,30.462350751333333333333333333333333,22
06/28/2010 18:13:54,41.843784,-71.40902,0.00,32.49,30.462350751333333333333333333333333,17
06/28/2010 18:14:59,41.84375,-71.40902,0.00,32.49,30.462350751333333333333333333333333,13
06/28/2010 18:16:03,41.84397,-71.40908,0.00,32.49,30.546660898318121085594989561586639,23
06/28/2010 18:17:08,41.844,-71.409065,0.00,32.81,30.546660898318121085594989561586639,27
06/28/2010 18:18:12,41.843735,-71.40898,0.00,32.81,30.546660898318121085594989561586639,19
06/28/2010 18:19:17,41.843636,-71.40898,0.00,32.81,30.546660898318121085594989561586639,15
06/28/2010 18:20:21,41.843563,-71.40895,0.00,32.81,30.630838512803012552301255230125523,3
06/28/2010 18:21:25,41.84365,-71.408966,0.00,32.81,30.630838512803012552301255230125523,10
06/28/2010 18:22:29,41.843716,-71.40898,0.00,33.13,30.714883776515429769392033542976939,18
06/28/2010 18:23:33,41.8437,-71.409004,0.00,33.13,30.714883776515429769392033542976939,13
06/28/2010 18:24:37,41.843735,-71.409004,0.00,33.13,30.798796872709915966386554621848739,13
06/28/2010 18:25:41,41.843815,-71.409035,0.00,33.13,30.798796872709915966386554621848739,16
06/28/2010 18:26:46,41.84375,-71.409035,0.00,33.13,30.882577986184210526315789473684211,8
06/28/2010 18:27:51,41.84367,-71.40902,0.00,33.46,30.882577986184210526315789473684211,0
06/28/2010 18:28:55,41.842083,-71.40808,0.00,33.46,30.966227303295527426160337552742616,18
06/28/2010 18:30:00,41.84415,-71.4066,0.00,33.46,30.966227303295527426160337552742616,15
06/28/2010 18:31:04,41.847404,-71.40383,0.00,33.46,30.966227303295527426160337552742616,34
06/28/2010 18:32:09,41.84742,-71.40382,0.00,33.78,30.966227303295527426160337552742616,35
06/28/2010 18:33:13,41.84742,-71.40386,0.00,33.78,31.049745011977040169133192389006342,46
06/28/2010 18:34:17,41.84742,-71.403885,0.00,33.78,31.049745011977040169133192389006342,57
06/28/2010 18:35:21,41.847485,-71.4039,0.00,33.78,31.049745011977040169133192389006342,48
06/28/2010 18:36:25,41.84742,-71.4039,0.00,34.10,31.133131301754576271186440677966102,40
06/28/2010 18:37:30,41.847454,-71.40385,0.00,34.10,31.133131301754576271186440677966102,38
06/28/2010 18:38:34,41.847454,-71.40386,0.00,34.10,31.216386363763524416135881104033970,38
06/28/2010 18:39:38,41.847404,-71.40382,0.00,34.10,31.382503577167974413646055437100213,35
06/28/2010 18:40:42,41.847454,-71.40361,0.00,34.10,31.382503577167974413646055437100213,39
06/28/2010 18:41:47,41.847404,-71.403496,0.00,34.10,31.382503577167974413646055437100213,39
06/28/2010 18:42:51,41.847435,-71.40369,0.00,34.10,31.299510390765957446808510638297872,22
06/28/2010 18:43:56,41.847454,-71.403564,0.00,33.78,31.299510390765957446808510638297872,7
06/28/2010 18:45:00,41.847435,-71.403564,0.00,33.78,31.299510390765957446808510638297872,52
06/28/2010 18:46:05,41.847435,-71.40367,0.00,33.78,31.299510390765957446808510638297872,43
06/28/2010 18:47:09,41.847378,-71.40367,0.00,33.46,31.299510390765957446808510638297872,42
06/28/2010 18:48:13,41.84742,-71.4037,0.00,33.46,31.216386363763524416135881104033970,19
06/28/2010 18:49:17,41.84742,-71.403656,0.00,33.46,31.216386363763524416135881104033970,34
06/28/2010 18:50:21,41.847454,-71.403595,0.00,33.13,31.216386363763524416135881104033970,38
06/28/2010 18:51:26,41.847435,-71.403534,0.00,33.13,31.216386363763524416135881104033970,45
06/28/2010 18:52:30,41.84747,-71.40373,0.00,33.13,31.216386363763524416135881104033970,30
06/28/2010 18:53:34,41.84742,-71.40352,0.00,32.81,31.216386363763524416135881104033970,63
06/28/2010 18:54:39,41.847485,-71.403564,0.00,32.81,31.216386363763524416135881104033970,46
06/28/2010 18:55:44,41.84747,-71.40396,0.00,32.81,31.133131301754576271186440677966102,10
06/28/2010 18:56:49,41.8475,-71.40372,0.00,32.81,31.133131301754576271186440677966102,49
06/28/2010 18:57:53,41.8476,-71.40404,0.00,32.81,31.133131301754576271186440677966102,65514
06/28/2010 18:58:58,41.847404,-71.403595,0.00,32.49,31.133131301754576271186440677966102,38
06/28/2010 19:00:03,41.847454,-71.40369,0.00,32.49,31.133131301754576271186440677966102,43
06/28/2010 19:01:08,41.847404,-71.40372,0.00,32.49,31.049745011977040169133192389006342,19
06/28/2010 19:02:13,41.847363,-71.403564,0.00,32.49,31.049745011977040169133192389006342,34
06/28/2010 19:03:17,41.847454,-71.40361,0.00,32.49,31.049745011977040169133192389006342,47
06/28/2010 19:04:22,,,0.00,32.49,31.049745011977040169133192389006342, 
06/28/2010 19:05:27,41.847404,-71.4037,0.00,32.49,31.049745011977040169133192389006342,50
06/28/2010 19:06:32,41.84742,-71.40355,0.00,32.17,31.049745011977040169133192389006342,66
06/28/2010 19:07:36,41.847435,-71.403595,0.00,32.17,30.966227303295527426160337552742616,59
06/28/2010 19:08:41,41.84747,-71.40361,0.00,32.17,30.966227303295527426160337552742616,66
06/28/2010 19:09:46,41.847404,-71.40367,0.00,32.17,30.966227303295527426160337552742616,37
06/28/2010 19:10:51,41.847435,-71.40386,0.00,32.17,30.966227303295527426160337552742616,21
06/28/2010 19:11:56,41.84755,-71.403755,0.00,32.17,30.966227303295527426160337552742616,41
06/28/2010 19:13:00,41.84742,-71.403564,2.10,31.85,30.714883776515429769392033542976939,34
06/28/2010 19:14:05,41.84752,-71.403595,20.90,31.52,29.697566216779100204498977505112474,59
06/28/2010 19:15:10,41.847485,-71.40377,12.56,31.20,29.008631772508370221327967806841046,44
06/28/2010 19:16:15,41.847363,-71.40382,12.56,31.20,28.573647296436972111553784860557769,13
06/28/2010 19:17:19,41.847363,-71.40352,12.56,30.88,28.311021933767326732673267326732673,40
06/28/2010 19:18:24,41.847454,-71.4038,14.65,30.88,28.223206803452015810276679841897233,24
06/28/2010 19:19:28,41.84742,-71.403786,14.65,30.56,28.135254757617475345167652859960552,2
06/28/2010 19:20:33,41.847454,-71.403656,12.56,30.56,28.135254757617475345167652859960552,70
06/28/2010 19:21:38,41.847404,-71.40372,10.47,30.23,28.047165651509921259842519685039370,96
06/28/2010 19:22:42,41.8475,-71.40358,12.56,30.23,28.047165651509921259842519685039370,154
06/28/2010 19:23:47,41.847584,-71.403534,10.47,30.23,28.047165651509921259842519685039370,141
06/28/2010 19:24:52,41.84742,-71.4037,16.73,30.23,27.958939341513123772102161100196464,58
06/28/2010 19:25:56,41.84752,-71.403656,8.38,30.23,28.486242032611013916500994035785288,76
06/28/2010 19:27:01,41.847332,-71.4038,8.38,29.91,28.135254757617475345167652859960552,68
06/28/2010 19:28:06,41.84757,-71.403366,8.38,29.91,29.526141497413075356415478615071283,174
06/28/2010 19:29:11,41.847584,-71.40342,8.38,29.91,28.047165651509921259842519685039370,133
06/28/2010 19:30:15,41.847485,-71.403564,10.47,29.59,28.223206803452015810276679841897233,75
06/28/2010 19:31:20,41.84742,-71.40361,10.47,29.59,27.958939341513123772102161100196464,64
06/28/2010 19:32:25,41.8475,-71.40373,6.29,29.59,28.047165651509921259842519685039370,78
06/28/2010 19:33:29,41.847332,-71.40355,8.38,29.59,28.135254757617475345167652859960552,27
06/28/2010 19:34:34,41.847435,-71.40363,8.38,29.59,28.223206803452015810276679841897233,65
06/28/2010 19:35:39,41.847404,-71.40372,6.29,29.59,28.311021933767326732673267326732673,65529
06/28/2010 19:36:43,,,6.29,29.59,27.958939341513123772102161100196464, 
06/28/2010 19:37:48,41.84747,-71.40363,6.29,29.59,28.047165651509921259842519685039370,51
06/28/2010 19:38:53,41.84742,-71.40372,6.29,29.59,28.223206803452015810276679841897233,35
06/28/2010 19:39:57,41.84742,-71.40404,8.38,29.59,27.958939341513123772102161100196464,6
06/28/2010 19:41:02,41.847404,-71.4037,2.10,29.27,26.889470946958963531669865642994242,63
06/28/2010 19:42:07,41.84747,-71.40373,0.00,29.27,28.047165651509921259842519685039370,52
06/28/2010 19:43:11,41.847404,-71.40363,0.00,29.27,27.958939341513123772102161100196464,34
06/28/2010 19:44:16,41.847534,-71.4037,0.00,29.27,28.047165651509921259842519685039370,31
06/28/2010 19:45:21,41.847347,-71.403564,0.00,29.27,28.223206803452015810276679841897233,5
06/28/2010 19:46:25,41.847485,-71.4037,0.00,29.27,27.958939341513123772102161100196464,35
06/28/2010 19:47:30,41.847534,-71.4037,0.00,29.27,28.398700294466031746031746031746032,26
06/28/2010 19:48:35,41.84755,-71.40377,0.00,29.27,27.958939341513123772102161100196464,31
06/28/2010 19:49:39,41.847485,-71.40377,0.00,29.27,27.693435768855,36
06/28/2010 19:50:44,41.8475,-71.40373,0.00,29.27,28.047165651509921259842519685039370,39
06/28/2010 19:51:48,41.847534,-71.403656,0.00,29.27,27.958939341513123772102161100196464,30
06/28/2010 19:52:53,41.847218,-71.4037,0.00,29.27,27.693435768855,123
06/28/2010 19:53:58,41.847168,-71.40393,0.00,29.27,27.069099223477418111753371868978805,106
06/28/2010 19:55:02,41.847347,-71.403786,0.00,29.27,27.870575685137254901960784313725490,42
06/28/2010 19:56:07,41.847267,-71.4037,4.19,29.27,27.870575685137254901960784313725490,11
06/28/2010 19:57:12,41.847347,-71.40372,14.65,29.27,27.958939341513123772102161100196464,37
06/28/2010 19:58:16,41.84742,-71.40372,12.56,29.27,27.958939341513123772102161100196464,42
06/28/2010 19:59:21,41.84742,-71.40372,12.56,29.27,27.958939341513123772102161100196464,53
06/28/2010 20:00:25,41.847298,-71.4037,12.56,29.27,27.069099223477418111753371868978805,68
06/28/2010 20:01:30,41.847404,-71.4037,10.47,29.27,27.870575685137254901960784313725490,26
06/28/2010 20:02:35,41.847282,-71.40348,10.47,29.27,27.870575685137254901960784313725490,34
06/28/2010 20:03:39,,,12.56,29.27,27.693435768855, 
06/28/2010 20:04:44,41.847378,-71.40372,12.56,29.27,28.047165651509921259842519685039370,26
06/28/2010 20:05:48,41.847378,-71.4037,12.56,29.27,28.223206803452015810276679841897233,28
06/28/2010 20:06:53,41.847404,-71.4037,10.47,29.27,30.377907891632474012474012474012474,18
06/28/2010 20:07:58,41.84742,-71.40372,12.56,29.27,27.870575685137254901960784313725490,28
06/28/2010 20:09:02,41.847347,-71.40363,10.47,29.27,28.223206803452015810276679841897233,17
06/28/2010 20:10:07,41.847363,-71.4038,10.47,29.27,27.958939341513123772102161100196464,24
06/28/2010 20:11:12,41.847378,-71.40372,10.47,29.27,29.181675565550505050505050505050505,16
06/28/2010 20:12:16,41.847435,-71.403755,10.47,29.27,27.782074541007866927592954990215264,24
06/28/2010 20:13:21,41.84742,-71.40372,10.47,29.27,27.515744784856964980544747081712062,25
06/28/2010 20:14:26,41.84742,-71.40369,10.47,29.27,28.135254757617475345167652859960552,29
06/28/2010 20:15:30,41.84742,-71.40369,12.56,29.27,27.782074541007866927592954990215264,48
06/28/2010 20:16:35,41.847454,-71.40377,10.47,29.27,27.337501632667286821705426356589147,21
06/28/2010 20:17:40,41.84747,-71.40373,12.56,29.27,28.047165651509921259842519685039370,44
06/28/2010 20:18:45,41.847404,-71.40369,10.47,29.27,25.247681509050055658627087198515770,34
06/28/2010 20:19:49,41.847347,-71.403656,10.47,29.27,27.693435768855,37
06/28/2010 20:20:54,41.847347,-71.40361,10.47,29.27,27.604659229502417153996101364522417,47
06/28/2010 20:21:59,41.84742,-71.4037,10.47,29.27,27.958939341513123772102161100196464,34
06/28/2010 20:23:04,41.847378,-71.40363,10.47,29.27,28.223206803452015810276679841897233,39
06/28/2010 20:24:08,41.847404,-71.403656,10.47,29.27,27.782074541007866927592954990215264,30
06/28/2010 20:25:13,41.847363,-71.40363,10.47,29.27,28.135254757617475345167652859960552,30
06/28/2010 20:26:18,41.847313,-71.403534,10.47,29.27,28.398700294466031746031746031746032,51
06/28/2010 20:27:23,41.847363,-71.40369,10.47,29.27,28.398700294466031746031746031746032,41
06/28/2010 20:28:27,41.847282,-71.403564,10.47,29.27,28.135254757617475345167652859960552,55
06/28/2010 20:29:32,41.847404,-71.40369,10.47,29.27,27.958939341513123772102161100196464,38
06/28/2010 20:30:36,41.847435,-71.403656,12.56,29.27,28.223206803452015810276679841897233,29
06/28/2010 20:31:41,41.84742,-71.403755,10.47,29.27,28.223206803452015810276679841897233,41
06/28/2010 20:32:46,41.847363,-71.40355,12.56,29.27,28.311021933767326732673267326732673,31
06/28/2010 20:33:50,41.847298,-71.403595,10.47,29.27,28.398700294466031746031746031746032,40
06/28/2010 20:34:55,41.847347,-71.40372,12.56,29.27,27.069099223477418111753371868978805,47
06/28/2010 20:35:59,41.847378,-71.40377,14.65,29.27,27.958939341513123772102161100196464,37
06/28/2010 20:37:04,41.847298,-71.403595,14.65,29.27,28.398700294466031746031746031746032,56
06/28/2010 20:38:09,41.847332,-71.40373,14.65,29.27,28.047165651509921259842519685039370,26
06/28/2010 20:39:13,41.847332,-71.40373,14.65,29.27,28.135254757617475345167652859960552,33
06/28/2010 20:40:18,41.847347,-71.40372,12.56,29.27,28.135254757617475345167652859960552,37
06/28/2010 20:41:23,41.847454,-71.40386,12.56,29.27,28.223206803452015810276679841897233,14
06/28/2010 20:42:27,41.847404,-71.4038,14.65,28.95,28.047165651509921259842519685039370,21
06/28/2010 20:43:32,41.847332,-71.40363,12.56,29.27,28.398700294466031746031746031746032,50
06/28/2010 20:44:36,41.847404,-71.403755,12.56,28.95,27.958939341513123772102161100196464,38
06/28/2010 20:45:41,41.847347,-71.403656,14.65,29.27,28.223206803452015810276679841897233,38
06/28/2010 20:46:46,41.847267,-71.40382,12.56,29.27,28.311021933767326732673267326732673,39
06/28/2010 20:47:50,41.84752,-71.403786,12.56,29.27,27.870575685137254901960784313725490,21
06/28/2010 20:48:55,41.84757,-71.40398,12.56,29.27,27.782074541007866927592954990215264,65504
06/28/2010 20:49:59,41.847153,-71.403496,12.56,29.27,27.958939341513123772102161100196464,63
06/28/2010 20:51:04,41.84742,-71.403755,12.56,28.95,27.693435768855,42
06/28/2010 20:52:09,41.847378,-71.40372,12.56,29.27,27.782074541007866927592954990215264,36
06/28/2010 20:53:13,41.84742,-71.403755,12.56,29.27,28.311021933767326732673267326732673,35
06/28/2010 20:54:18,41.847534,-71.40377,12.56,29.27,27.870575685137254901960784313725490,13
06/28/2010 20:55:22,41.847454,-71.40377,14.65,29.27,27.958939341513123772102161100196464,46
06/28/2010 20:56:27,41.847435,-71.40372,12.56,29.27,27.426692297898058252427184466019417,39
06/28/2010 20:57:32,41.847363,-71.40367,14.65,29.27,28.135254757617475345167652859960552,54
06/28/2010 20:58:36,41.847363,-71.40369,12.56,29.27,27.870575685137254901960784313725490,48
06/28/2010 20:59:41,41.847282,-71.403656,12.56,29.27,28.047165651509921259842519685039370,61
06/28/2010 21:00:46,41.847378,-71.40372,12.56,28.95,27.958939341513123772102161100196464,39
06/28/2010 21:01:50,41.847313,-71.40369,14.65,29.27,27.693435768855,39
06/28/2010 21:02:55,41.847267,-71.40372,14.65,28.95,27.870575685137254901960784313725490,43
06/28/2010 21:04:00,41.847183,-71.403534,12.56,28.95,27.693435768855,65
06/28/2010 21:05:04,41.847313,-71.403755,12.56,28.95,27.958939341513123772102161100196464,64
06/28/2010 21:06:09,41.847233,-71.403534,12.56,28.95,27.782074541007866927592954990215264,85
06/28/2010 21:07:13,41.847267,-71.403496,12.56,28.95,28.047165651509921259842519685039370,74
06/28/2010 21:08:18,41.847282,-71.40345,12.56,28.95,28.223206803452015810276679841897233,73
06/28/2010 21:09:23,41.847454,-71.40367,12.56,28.95,27.958939341513123772102161100196464,42
06/28/2010 21:10:27,41.847267,-71.40361,12.56,28.95,27.958939341513123772102161100196464,57
06/28/2010 21:11:32,41.847134,-71.40355,12.56,29.27,28.135254757617475345167652859960552,87
06/28/2010 21:12:37,41.84742,-71.40373,12.56,29.27,28.047165651509921259842519685039370,25
06/28/2010 21:13:41,41.847347,-71.40369,14.65,28.95,27.958939341513123772102161100196464,44
06/28/2010 21:14:46,41.847313,-71.40367,12.56,28.95,28.135254757617475345167652859960552,58
06/28/2010 21:15:51,41.847378,-71.40373,14.65,29.27,27.870575685137254901960784313725490,27
06/28/2010 21:16:55,41.847363,-71.40367,12.56,28.95,27.782074541007866927592954990215264,40
06/28/2010 21:18:00,41.8475,-71.40382,14.65,28.95,27.958939341513123772102161100196464,6
06/28/2010 21:19:04,41.84742,-71.40382,12.56,28.95,27.870575685137254901960784313725490,45
06/28/2010 21:20:09,41.847347,-71.40363,12.56,28.95,27.870575685137254901960784313725490,37
06/28/2010 21:21:14,41.847233,-71.403564,12.56,28.95,28.311021933767326732673267326732673,58
06/28/2010 21:22:18,41.847248,-71.40369,12.56,28.95,27.693435768855,56
06/28/2010 21:23:23,41.847435,-71.40372,14.65,29.27,27.604659229502417153996101364522417,31
06/28/2010 21:24:28,41.847233,-71.403595,14.65,28.95,27.693435768855,55
06/28/2010 21:25:32,41.847363,-71.40369,12.56,28.95,27.782074541007866927592954990215264,46
06/28/2010 21:26:37,41.847378,-71.40372,14.65,28.95,27.426692297898058252427184466019417,41
06/28/2010 21:27:42,41.847332,-71.40369,12.56,28.95,27.870575685137254901960784313725490,50
06/28/2010 21:28:46,41.847435,-71.40372,14.65,28.95,27.693435768855,36
06/28/2010 21:29:51,41.847248,-71.40361,14.65,28.95,27.693435768855,60
06/28/2010 21:30:56,41.84742,-71.40372,12.56,28.95,28.835045742171503006012024048096192,38
06/28/2010 21:32:00,41.847298,-71.40361,12.56,28.95,27.870575685137254901960784313725490,55
06/28/2010 21:33:05,41.847347,-71.40367,12.56,28.95,27.782074541007866927592954990215264,47
06/28/2010 21:34:10,41.84742,-71.403656,12.56,28.95,27.515744784856964980544747081712062,36
06/28/2010 21:35:14,41.847313,-71.403564,14.65,28.95,27.693435768855,45
06/28/2010 21:36:19,41.84752,-71.4038,14.65,28.95,27.693435768855,31
06/28/2010 21:37:24,41.847282,-71.40355,14.65,28.95,27.693435768855,49
06/28/2010 21:38:29,41.847313,-71.403534,12.56,28.95,27.604659229502417153996101364522417,41
06/28/2010 21:39:33,41.847404,-71.403656,14.65,28.95,26.889470946958963531669865642994242,32
06/28/2010 21:40:38,41.84747,-71.4038,12.56,28.95,27.604659229502417153996101364522417,29
06/28/2010 21:41:43,41.8475,-71.403755,12.56,28.95,27.958939341513123772102161100196464,2
06/28/2010 21:42:47,41.8475,-71.4038,14.65,28.62,27.693435768855,31
06/28/2010 21:43:52,41.84752,-71.40372,12.56,28.62,27.782074541007866927592954990215264,16
06/28/2010 21:44:57,41.847298,-71.40363,12.56,28.95,28.047165651509921259842519685039370,34
06/28/2010 21:46:01,41.84757,-71.403786,12.56,28.62,27.782074541007866927592954990215264,22
06/28/2010 21:47:06,41.847313,-71.403595,14.65,28.95,27.870575685137254901960784313725490,36
06/28/2010 21:48:11,41.84742,-71.40377,12.56,28.62,27.604659229502417153996101364522417,48
06/28/2010 21:49:15,41.84752,-71.40382,12.56,28.95,27.693435768855,24
06/28/2010 21:50:20,41.847404,-71.40373,12.56,28.95,27.693435768855,46
06/28/2010 21:51:25,41.847363,-71.4037,14.65,28.95,27.870575685137254901960784313725490,37
06/28/2010 21:52:29,41.847534,-71.40386,14.65,28.95,27.782074541007866927592954990215264,34
06/28/2010 21:53:34,41.847614,-71.40393,12.56,28.95,27.426692297898058252427184466019417,32
06/28/2010 21:54:38,41.8476,-71.403915,14.65,28.95,27.515744784856964980544747081712062,31
06/28/2010 21:55:43,41.847363,-71.40369,12.56,28.95,27.604659229502417153996101364522417,36
06/28/2010 21:56:48,41.847378,-71.4037,12.56,28.62,27.604659229502417153996101364522417,33
06/28/2010 21:57:52,41.847435,-71.403755,14.65,28.62,27.604659229502417153996101364522417,28
06/28/2010 21:58:57,41.847534,-71.403786,14.65,28.95,27.782074541007866927592954990215264,5
06/28/2010 22:00:02,41.847298,-71.40367,14.65,28.62,27.604659229502417153996101364522417,25
06/28/2010 22:01:06,41.84757,-71.40385,12.56,28.62,28.135254757617475345167652859960552,26
06/28/2010 22:02:11,41.84742,-71.40372,14.65,28.62,27.604659229502417153996101364522417,25
06/28/2010 22:03:16,41.847485,-71.40372,12.56,28.62,28.135254757617475345167652859960552,65518
06/28/2010 22:04:21,41.847313,-71.40367,12.56,28.62,27.870575685137254901960784313725490,23
06/28/2010 22:05:25,41.847267,-71.40369,12.56,28.95,28.135254757617475345167652859960552,30
06/28/2010 22:06:30,41.847485,-71.4038,14.65,28.95,27.958939341513123772102161100196464,7
06/28/2010 22:07:35,41.847534,-71.40385,12.56,28.95,27.782074541007866927592954990215264,27
06/28/2010 22:08:39,41.847435,-71.403786,14.65,28.95,27.604659229502417153996101364522417,57
06/28/2010 22:09:44,41.8475,-71.4038,14.65,28.62,27.693435768855,27
06/28/2010 22:10:49,41.847485,-71.403786,14.65,28.62,27.693435768855,15
06/28/2010 22:11:53,41.84747,-71.40382,12.56,28.62,28.047165651509921259842519685039370,30
06/28/2010 22:12:58,41.847298,-71.40369,14.65,28.62,27.693435768855,22
06/28/2010 22:14:03,41.847248,-71.403595,12.56,28.62,27.693435768855,3
06/28/2010 22:15:07,41.847332,-71.403656,12.56,28.62,27.693435768855,27
06/28/2010 22:16:12,41.847485,-71.403755,14.65,28.62,27.604659229502417153996101364522417,38
06/28/2010 22:17:17,41.847435,-71.40373,14.65,28.62,27.604659229502417153996101364522417,39
06/28/2010 22:18:21,41.847378,-71.40367,12.56,28.62,28.74804900000,25
06/28/2010 22:19:26,41.847363,-71.40369,12.56,28.62,27.604659229502417153996101364522417,27
06/28/2010 22:20:31,41.847485,-71.40373,14.65,28.62,27.693435768855,32
06/28/2010 22:21:35,41.847404,-71.40369,16.73,28.62,28.573647296436972111553784860557769,30
06/28/2010 22:22:40,41.84765,-71.403946,14.65,28.62,28.398700294466031746031746031746032,66
06/28/2010 22:23:45,41.847485,-71.403656,14.65,28.62,27.693435768855,45
06/28/2010 22:24:49,41.847614,-71.40385,12.56,28.62,27.782074541007866927592954990215264,31
06/28/2010 22:25:54,41.847534,-71.4037,14.65,28.62,28.135254757617475345167652859960552,45
06/28/2010 22:26:59,41.847534,-71.403786,12.56,28.62,27.693435768855,39
06/28/2010 22:28:03,41.84752,-71.403786,12.56,28.95,27.693435768855,37
06/28/2010 22:29:08,41.84757,-71.4038,14.65,28.95,27.782074541007866927592954990215264,53
06/28/2010 22:30:12,41.847404,-71.4037,14.65,28.95,27.870575685137254901960784313725490,17
06/28/2010 22:31:17,41.84752,-71.40382,12.56,28.95,27.870575685137254901960784313725490,38
06/28/2010 22:32:22,41.84742,-71.40377,14.65,28.95,27.782074541007866927592954990215264,0
06/28/2010 22:33:26,41.84752,-71.403786,12.56,28.95,27.693435768855,58
06/28/2010 22:34:31,41.847248,-71.40367,12.56,28.95,27.604659229502417153996101364522417,65535
06/28/2010 22:35:36,41.847202,-71.40363,14.65,28.62,27.693435768855,65527
06/28/2010 22:36:40,41.847378,-71.4037,14.65,28.95,27.693435768855,26
06/28/2010 22:37:45,41.847435,-71.40369,14.65,28.95,27.693435768855,34
06/28/2010 22:38:49,41.847378,-71.403564,12.56,28.95,27.870575685137254901960784313725490,34
06/28/2010 22:39:54,41.847378,-71.40363,12.56,28.95,27.870575685137254901960784313725490,35
06/28/2010 22:40:59,41.847347,-71.403656,14.65,28.62,27.870575685137254901960784313725490,19
06/28/2010 22:42:03,41.847332,-71.403595,12.56,28.62,28.047165651509921259842519685039370,20
06/28/2010 22:43:08,41.847267,-71.403564,12.56,28.95,27.069099223477418111753371868978805,3
06/28/2010 22:44:12,41.847378,-71.40369,14.65,28.62,27.782074541007866927592954990215264,33
06/28/2010 22:45:17,41.847332,-71.40358,14.65,28.62,27.693435768855,15
06/28/2010 22:46:22,41.847363,-71.40367,14.65,28.62,27.693435768855,23
06/28/2010 22:47:26,41.847454,-71.40369,14.65,28.95,27.604659229502417153996101364522417,22
06/28/2010 22:48:31,41.847183,-71.40345,14.65,28.62,27.782074541007866927592954990215264,65528
06/28/2010 22:49:36,41.84747,-71.403656,14.65,28.62,27.870575685137254901960784313725490,41
06/28/2010 22:50:40,41.847454,-71.40372,12.56,28.62,27.693435768855,18
06/28/2010 22:51:45,41.847435,-71.4037,14.65,28.62,27.604659229502417153996101364522417,32
06/28/2010 22:52:50,41.84752,-71.40383,12.56,28.62,27.604659229502417153996101364522417,44
06/28/2010 22:53:54,41.8475,-71.403786,12.56,28.62,28.74804900000,48
06/28/2010 22:54:59,41.847534,-71.40382,14.65,28.62,27.693435768855,49
06/28/2010 22:56:04,41.84752,-71.403755,14.65,28.62,27.515744784856964980544747081712062,48
06/28/2010 22:57:08,41.8475,-71.403656,14.65,28.62,27.782074541007866927592954990215264,32
06/28/2010 22:58:13,41.847404,-71.40372,12.56,28.62,27.693435768855,36
06/28/2010 22:59:17,41.847378,-71.40367,12.56,28.62,27.782074541007866927592954990215264,13
06/28/2010 23:00:22,41.84742,-71.40367,12.56,28.62,27.693435768855,18
06/28/2010 23:01:27,41.84747,-71.4038,14.65,28.62,27.782074541007866927592954990215264,39
06/28/2010 23:02:31,41.847454,-71.40377,14.65,28.62,27.870575685137254901960784313725490,35
06/28/2010 23:03:36,41.847454,-71.40373,14.65,28.62,27.958939341513123772102161100196464,39
06/28/2010 23:04:40,41.847435,-71.40377,14.65,28.62,27.870575685137254901960784313725490,23
06/28/2010 23:05:45,41.847378,-71.40377,14.65,28.62,27.604659229502417153996101364522417,47
06/28/2010 23:06:50,41.847404,-71.40373,12.56,28.62,27.069099223477418111753371868978805,40
06/28/2010 23:07:54,41.847378,-71.4038,12.56,28.62,27.693435768855,30
06/28/2010 23:08:59,41.847435,-71.40377,14.65,28.62,27.604659229502417153996101364522417,16
06/28/2010 23:10:04,41.847435,-71.40372,6.29,28.62,27.515744784856964980544747081712062,27
06/28/2010 23:11:08,41.84742,-71.403755,0.00,28.62,27.693435768855,27
06/28/2010 23:12:13,41.84742,-71.40372,0.00,28.62,27.693435768855,36
06/28/2010 23:13:18,41.847404,-71.40373,0.00,28.62,27.604659229502417153996101364522417,32
06/28/2010 23:14:22,41.847404,-71.40367,0.00,28.62,27.693435768855,13
06/28/2010 23:15:27,41.847332,-71.40373,0.00,28.62,27.604659229502417153996101364522417,37
06/28/2010 23:16:32,41.847363,-71.403755,0.00,28.62,27.693435768855,30
06/28/2010 23:17:36,41.847347,-71.40372,0.00,28.62,28.398700294466031746031746031746032,62
06/28/2010 23:18:41,41.847378,-71.40373,0.00,28.62,27.515744784856964980544747081712062,40
06/28/2010 23:19:46,41.84742,-71.40377,0.00,28.62,27.426692297898058252427184466019417,31
06/28/2010 23:20:50,41.847454,-71.40367,0.00,28.62,27.604659229502417153996101364522417,46
06/28/2010 23:21:55,41.847435,-71.4037,0.00,28.62,27.604659229502417153996101364522417,42
06/28/2010 23:23:00,41.847378,-71.40367,0.00,28.30,27.426692297898058252427184466019417,37
06/28/2010 23:24:04,41.84742,-71.4037,0.00,28.62,27.604659229502417153996101364522417,45
06/28/2010 23:25:09,41.847378,-71.40363,0.00,28.62,27.426692297898058252427184466019417,57
06/28/2010 23:26:13,41.84742,-71.40367,0.00,28.62,27.604659229502417153996101364522417,40
06/28/2010 23:27:18,41.847435,-71.4037,0.00,28.62,27.426692297898058252427184466019417,40
06/28/2010 23:28:23,41.847435,-71.40369,0.00,28.62,27.515744784856964980544747081712062,33
06/28/2010 23:29:27,41.847435,-71.4037,0.00,28.62,27.782074541007866927592954990215264,38
06/28/2010 23:30:32,41.847378,-71.40373,0.00,28.62,28.573647296436972111553784860557769,16
06/28/2010 23:31:37,41.84747,-71.40372,0.00,28.62,27.337501632667286821705426356589147,47
06/28/2010 23:32:42,41.84747,-71.4037,0.00,28.62,27.515744784856964980544747081712062,35
06/28/2010 23:33:46,41.847485,-71.40377,0.00,28.62,27.515744784856964980544747081712062,37
06/28/2010 23:34:51,41.847454,-71.403656,0.00,28.62,27.515744784856964980544747081712062,53
06/28/2010 23:35:56,41.847435,-71.40372,0.00,28.62,27.515744784856964980544747081712062,36
06/28/2010 23:37:01,41.8475,-71.40367,0.00,28.62,28.223206803452015810276679841897233,46
06/28/2010 23:38:05,41.84742,-71.403656,0.00,28.62,27.515744784856964980544747081712062,46
06/28/2010 23:39:10,41.847435,-71.40358,0.00,28.62,27.337501632667286821705426356589147,39
06/28/2010 23:40:15,41.847378,-71.4037,0.00,28.62,27.515744784856964980544747081712062,43
06/28/2010 23:41:19,41.84742,-71.40373,0.00,28.62,27.515744784856964980544747081712062,50
06/28/2010 23:42:24,41.847454,-71.40372,0.00,28.62,27.604659229502417153996101364522417,34
06/28/2010 23:43:29,41.847454,-71.4037,0.00,28.62,27.426692297898058252427184466019417,33
06/28/2010 23:44:34,41.847454,-71.40369,0.00,28.30,27.426692297898058252427184466019417,31
06/28/2010 23:45:38,41.847363,-71.403656,0.00,28.30,27.693435768855,41
06/28/2010 23:46:43,41.84742,-71.4037,0.00,28.62,27.426692297898058252427184466019417,38
06/28/2010 23:47:48,41.847435,-71.40373,0.00,28.30,27.426692297898058252427184466019417,42
06/28/2010 23:48:53,41.8475,-71.403595,0.00,28.30,27.604659229502417153996101364522417,16
06/28/2010 23:49:57,41.847435,-71.4038,0.00,28.30,27.515744784856964980544747081712062,33
06/28/2010 23:51:02,41.84747,-71.40377,0.00,28.30,27.337501632667286821705426356589147,44
06/28/2010 23:52:07,41.847404,-71.403656,0.00,28.30,27.337501632667286821705426356589147,51
06/28/2010 23:53:11,41.84742,-71.403786,0.00,28.30,27.337501632667286821705426356589147,42
06/28/2010 23:54:16,41.847347,-71.40372,0.00,28.30,27.337501632667286821705426356589147,45
06/28/2010 23:55:21,41.847404,-71.40385,0.00,28.30,27.337501632667286821705426356589147,52
06/28/2010 23:56:26,41.847313,-71.40385,0.00,28.30,27.426692297898058252427184466019417,61
06/28/2010 23:57:30,41.847248,-71.4039,0.00,28.30,28.311021933767326732673267326732673,69
06/28/2010 23:58:35,41.847485,-71.40363,0.00,28.30,27.337501632667286821705426356589147,32
06/28/2010 23:59:40,41.84742,-71.40377,0.00,28.30,27.337501632667286821705426356589147,40
06/29/2010 00:00:44,41.847282,-71.40377,0.00,28.30,27.337501632667286821705426356589147,60
06/29/2010 00:01:49,41.847332,-71.40367,0.00,28.30,27.248172654258143133462282398452611,36
06/29/2010 00:02:54,41.847363,-71.40361,0.00,28.30,27.426692297898058252427184466019417,23
06/29/2010 00:03:59,41.847378,-71.403564,0.00,28.30,27.782074541007866927592954990215264,18
06/29/2010 00:05:03,41.847435,-71.40369,0.00,28.30,27.248172654258143133462282398452611,32
06/29/2010 00:06:08,41.847404,-71.40373,0.00,28.30,27.248172654258143133462282398452611,42
06/29/2010 00:07:13,41.847404,-71.40372,0.00,28.30,27.248172654258143133462282398452611,47
06/29/2010 00:08:18,41.847378,-71.403656,0.00,28.30,27.337501632667286821705426356589147,52
06/29/2010 00:09:22,41.84752,-71.403656,0.00,28.30,27.515744784856964980544747081712062,13
06/29/2010 00:10:27,41.847378,-71.40363,0.00,28.30,27.426692297898058252427184466019417,31
06/29/2010 00:11:32,41.847378,-71.40361,0.00,28.30,27.515744784856964980544747081712062,23
06/29/2010 00:12:36,41.847347,-71.403564,0.00,28.30,27.426692297898058252427184466019417,32
06/29/2010 00:13:41,41.847363,-71.40369,0.00,28.30,27.515744784856964980544747081712062,32
06/29/2010 00:14:46,41.847347,-71.40367,0.00,28.30,27.426692297898058252427184466019417,24
06/29/2010 00:15:50,41.84742,-71.40363,0.00,28.30,27.158705228805868725868725868725869,17
06/29/2010 00:16:55,41.8475,-71.40377,0.00,28.30,27.337501632667286821705426356589147,35
06/29/2010 00:18:00,41.847485,-71.40377,0.00,28.30,27.248172654258143133462282398452611,25
06/29/2010 00:19:04,41.847454,-71.40372,0.00,28.30,27.248172654258143133462282398452611,30
06/29/2010 00:20:09,41.847435,-71.4037,0.00,28.30,26.889470946958963531669865642994242,30
06/29/2010 00:21:14,41.84742,-71.40372,0.00,27.98,27.426692297898058252427184466019417,24
06/29/2010 00:22:19,41.847454,-71.4037,0.00,27.98,28.223206803452015810276679841897233,25
06/29/2010 00:23:24,41.847378,-71.40358,0.00,28.30,27.337501632667286821705426356589147,39
06/29/2010 00:24:28,41.847454,-71.40372,0.00,27.98,27.426692297898058252427184466019417,28
06/29/2010 00:25:33,41.84747,-71.40377,0.00,28.30,26.347246698054762808349146110056926,33
06/29/2010 00:26:38,41.84747,-71.40377,0.00,28.30,27.426692297898058252427184466019417,25
06/29/2010 00:27:42,41.847435,-71.40382,0.00,28.30,27.426692297898058252427184466019417,6
06/29/2010 00:28:47,41.84747,-71.40369,0.00,28.30,27.426692297898058252427184466019417,44
06/29/2010 00:29:52,41.847435,-71.40369,0.00,28.30,27.337501632667286821705426356589147,49
06/29/2010 00:30:57,41.847378,-71.4039,0.00,28.30,27.515744784856964980544747081712062,4
06/29/2010 00:32:01,41.847404,-71.403755,0.00,27.98,27.248172654258143133462282398452611,29
06/29/2010 00:33:06,41.847298,-71.40361,0.00,27.98,27.426692297898058252427184466019417,22
06/29/2010 00:34:11,41.847363,-71.40369,0.00,28.30,27.958939341513123772102161100196464,28
06/29/2010 00:35:15,41.847313,-71.403656,0.00,27.98,27.248172654258143133462282398452611,56
06/29/2010 00:36:20,41.847298,-71.403786,0.00,27.98,27.158705228805868725868725868725869,78
06/29/2010 00:37:25,41.847298,-71.403656,0.00,28.30,27.782074541007866927592954990215264,73
06/29/2010 00:38:30,41.847298,-71.40367,0.00,27.98,27.158705228805868725868725868725869,39
06/29/2010 00:39:34,41.847103,-71.403595,0.00,28.30,27.069099223477418111753371868978805,1
06/29/2010 00:40:39,41.847282,-71.403656,0.00,28.30,27.337501632667286821705426356589147,24
06/29/2010 00:41:44,41.847267,-71.40363,0.00,27.98,27.337501632667286821705426356589147,44
06/29/2010 00:42:48,41.847313,-71.40363,0.00,28.30,27.248172654258143133462282398452611,37
06/29/2010 00:43:53,41.847347,-71.4037,0.00,28.30,27.248172654258143133462282398452611,40
06/29/2010 00:44:58,41.847347,-71.403786,0.00,28.30,27.426692297898058252427184466019417,24
06/29/2010 00:46:03,41.847378,-71.4037,0.00,27.98,27.248172654258143133462282398452611,42
06/29/2010 00:47:07,41.847378,-71.40367,0.00,27.98,27.158705228805868725868725868725869,30
06/29/2010 00:48:12,41.847363,-71.40367,0.00,27.98,27.248172654258143133462282398452611,27
06/29/2010 00:49:17,41.847404,-71.403656,0.00,27.98,27.337501632667286821705426356589147,41
06/29/2010 00:50:22,41.847313,-71.40369,0.00,27.98,27.248172654258143133462282398452611,40
06/29/2010 00:51:26,41.847363,-71.40363,0.00,27.98,27.158705228805868725868725868725869,14
06/29/2010 00:52:31,41.847404,-71.40363,0.00,28.30,27.248172654258143133462282398452611,26
06/29/2010 00:53:36,41.847435,-71.403786,0.00,27.98,27.158705228805868725868725868725869,19
06/29/2010 00:54:41,41.847313,-71.40369,0.00,27.98,27.248172654258143133462282398452611,24
06/29/2010 00:55:45,41.847313,-71.4037,0.00,27.98,27.158705228805868725868725868725869,15
06/29/2010 00:56:50,41.847363,-71.4037,0.00,28.30,27.069099223477418111753371868978805,18
06/29/2010 00:57:55,41.84742,-71.40373,0.00,28.30,27.248172654258143133462282398452611,16
06/29/2010 00:59:00,41.847404,-71.40369,0.00,28.30,27.158705228805868725868725868725869,16
06/29/2010 01:00:04,41.847435,-71.40373,0.00,27.98,27.158705228805868725868725868725869,29
06/29/2010 01:01:09,41.847347,-71.40383,0.00,27.98,27.248172654258143133462282398452611,70
06/29/2010 01:02:14,41.847485,-71.40372,0.00,28.30,27.426692297898058252427184466019417,19
06/29/2010 01:03:19,41.847454,-71.403755,0.00,27.98,27.158705228805868725868725868725869,30
06/29/2010 01:04:23,41.847485,-71.403656,0.00,27.98,27.248172654258143133462282398452611,39
06/29/2010 01:05:28,41.847454,-71.403786,0.00,28.30,26.979354506461538461538461538461538,65535
06/29/2010 01:06:33,41.84742,-71.40373,0.00,27.98,27.158705228805868725868725868725869,22
06/29/2010 01:07:37,41.847454,-71.40377,0.00,27.98,27.248172654258143133462282398452611,26
06/29/2010 01:08:42,41.847378,-71.40369,0.00,27.98,27.069099223477418111753371868978805,37
06/29/2010 01:09:47,41.847363,-71.40367,0.00,27.98,27.604659229502417153996101364522417,46
06/29/2010 01:10:52,41.847454,-71.40367,0.00,27.98,27.248172654258143133462282398452611,42
06/29/2010 01:11:56,41.847435,-71.403656,0.00,27.98,27.782074541007866927592954990215264,40
06/29/2010 01:13:01,41.84742,-71.40367,0.00,27.98,27.069099223477418111753371868978805,45
06/29/2010 01:14:06,41.84742,-71.40367,0.00,27.98,27.248172654258143133462282398452611,32
06/29/2010 01:15:11,41.847404,-71.40367,0.00,27.98,27.158705228805868725868725868725869,28
06/29/2010 01:16:15,41.847485,-71.403755,0.00,27.98,27.248172654258143133462282398452611,27
06/29/2010 01:17:20,41.847435,-71.4037,0.00,27.98,27.069099223477418111753371868978805,18
06/29/2010 01:18:25,41.847313,-71.403595,0.00,27.98,27.158705228805868725868725868725869,17
06/29/2010 01:19:29,41.847332,-71.403564,0.00,27.98,27.069099223477418111753371868978805,21
06/29/2010 01:20:34,41.847454,-71.40369,0.00,27.98,27.069099223477418111753371868978805,28
06/29/2010 01:21:39,41.847454,-71.40372,0.00,27.98,27.158705228805868725868725868725869,23
06/29/2010 01:22:43,41.847435,-71.4037,0.00,27.98,27.069099223477418111753371868978805,27
06/29/2010 01:23:48,41.84742,-71.4037,0.00,27.98,27.069099223477418111753371868978805,18
06/29/2010 01:24:53,41.84742,-71.40372,0.00,27.98,27.158705228805868725868725868725869,22
06/29/2010 01:25:57,41.84747,-71.403786,0.00,27.98,27.337501632667286821705426356589147,65531
06/29/2010 01:27:02,41.84742,-71.40369,0.00,27.98,27.069099223477418111753371868978805,22
06/29/2010 01:28:07,41.847435,-71.40372,0.00,27.98,26.979354506461538461538461538461538,19
06/29/2010 01:29:11,41.84752,-71.403786,0.00,27.98,27.158705228805868725868725868725869,6
06/29/2010 01:30:16,41.847435,-71.40373,0.00,27.98,27.158705228805868725868725868725869,54
06/29/2010 01:31:21,41.847485,-71.40377,0.00,27.98,26.979354506461538461538461538461538,26
06/29/2010 01:32:25,41.8475,-71.40377,0.00,27.98,26.889470946958963531669865642994242,18
06/29/2010 01:33:30,41.847454,-71.40377,0.00,27.98,27.069099223477418111753371868978805,32
06/29/2010 01:34:35,41.847454,-71.4037,0.00,27.98,27.158705228805868725868725868725869,47
06/29/2010 01:35:39,41.847363,-71.4038,0.00,27.98,26.979354506461538461538461538461538,17
06/29/2010 01:36:44,41.84742,-71.403755,0.00,27.98,27.069099223477418111753371868978805,28
06/29/2010 01:37:49,41.84742,-71.40373,0.00,27.98,27.158705228805868725868725868725869,16
06/29/2010 01:38:53,41.84742,-71.40372,0.00,27.98,27.069099223477418111753371868978805,24
06/29/2010 01:39:58,41.847454,-71.403755,0.00,27.98,27.069099223477418111753371868978805,8
06/29/2010 01:41:03,41.847404,-71.4037,0.00,27.98,27.069099223477418111753371868978805,17
06/29/2010 01:42:08,41.847347,-71.40367,0.00,27.98,26.979354506461538461538461538461538,18
06/29/2010 01:43:12,41.847435,-71.40377,0.00,27.98,27.069099223477418111753371868978805,17
06/29/2010 01:44:17,41.84747,-71.403786,0.00,27.98,27.158705228805868725868725868725869,17
06/29/2010 01:45:22,41.84747,-71.40372,0.00,27.98,27.069099223477418111753371868978805,36
06/29/2010 01:46:27,41.847282,-71.40352,0.00,27.98,26.709286782298546845124282982791587,24
06/29/2010 01:47:31,41.847282,-71.40361,0.00,27.98,27.069099223477418111753371868978805,20
06/29/2010 01:48:36,41.847332,-71.403656,0.00,27.98,27.069099223477418111753371868978805,34
06/29/2010 01:49:41,41.847404,-71.40373,0.00,27.98,27.069099223477418111753371868978805,34
06/29/2010 01:50:45,41.847332,-71.403595,0.00,27.98,27.158705228805868725868725868725869,21
06/29/2010 01:51:50,41.847332,-71.40363,0.00,27.98,27.069099223477418111753371868978805,27
06/29/2010 01:52:55,41.847332,-71.40363,0.00,27.98,27.158705228805868725868725868725869,24
06/29/2010 01:54:00,41.847267,-71.40361,0.00,27.98,27.069099223477418111753371868978805,19
06/29/2010 01:55:05,41.847332,-71.40363,0.00,27.98,26.799448415172720306513409961685824,30
06/29/2010 01:56:09,41.847282,-71.40361,0.00,27.98,26.528545702976190476190476190476190,15
06/29/2010 01:57:14,41.847435,-71.40372,0.00,27.98,27.158705228805868725868725868725869,36
06/29/2010 01:58:19,41.847363,-71.4037,0.00,27.98,26.437966003798326996197718631178707,34
06/29/2010 01:59:24,41.847435,-71.40369,0.00,27.98,26.709286782298546845124282982791587,37
06/29/2010 02:00:28,41.847282,-71.40355,0.00,27.98,26.979354506461538461538461538461538,11
06/29/2010 02:01:33,41.847404,-71.403564,0.00,27.66,26.979354506461538461538461538461538,34
06/29/2010 02:02:38,41.847332,-71.40367,0.00,27.98,27.069099223477418111753371868978805,65535
06/29/2010 02:03:43,41.847183,-71.403534,0.00,27.98,27.069099223477418111753371868978805,6
06/29/2010 02:04:48,41.847378,-71.4037,0.00,27.98,26.347246698054762808349146110056926,27
06/29/2010 02:05:52,41.847233,-71.40363,0.00,27.98,27.604659229502417153996101364522417,1
06/29/2010 02:06:57,41.847282,-71.403656,0.00,27.98,26.618985920515419847328244274809160,20
06/29/2010 02:08:02,41.847298,-71.4037,0.00,27.98,27.337501632667286821705426356589147,30
06/29/2010 02:09:07,41.847233,-71.403564,0.00,27.98,26.979354506461538461538461538461538,33
06/29/2010 02:10:11,41.847378,-71.4037,0.00,27.66,26.528545702976190476190476190476190,46
06/29/2010 02:11:16,41.847298,-71.403564,0.00,27.66,27.069099223477418111753371868978805,36
06/29/2010 02:12:21,41.847454,-71.40363,0.00,27.66,26.979354506461538461538461538461538,51
06/29/2010 02:13:26,41.84742,-71.40358,0.00,27.66,26.979354506461538461538461538461538,42
06/29/2010 02:14:31,41.847233,-71.40352,0.00,27.66,27.069099223477418111753371868978805,27
06/29/2010 02:15:35,41.847347,-71.40358,0.00,27.98,26.979354506461538461538461538461538,32
06/29/2010 02:16:40,41.847363,-71.403755,0.00,27.66,27.069099223477418111753371868978805,39
06/29/2010 02:17:45,41.847282,-71.403786,0.00,27.66,26.889470946958963531669865642994242,42
06/29/2010 02:18:49,41.847363,-71.40372,0.00,27.66,27.069099223477418111753371868978805,45
06/29/2010 02:19:54,41.84747,-71.40372,0.00,27.66,27.069099223477418111753371868978805,45
06/29/2010 02:20:59,41.847248,-71.40355,0.00,27.66,27.069099223477418111753371868978805,29
06/29/2010 02:22:04,41.847267,-71.40367,0.00,27.66,26.979354506461538461538461538461538,35
06/29/2010 02:23:09,41.847404,-71.40372,0.00,27.66,26.979354506461538461538461538461538,47
06/29/2010 02:24:13,41.847378,-71.40369,0.00,27.98,26.979354506461538461538461538461538,26
06/29/2010 02:25:18,41.847454,-71.4037,0.00,27.66,26.979354506461538461538461538461538,43
06/29/2010 02:26:23,41.847485,-71.40372,0.00,27.66,26.889470946958963531669865642994242,45
06/29/2010 02:27:28,41.847347,-71.403755,0.00,27.66,26.889470946958963531669865642994242,41
06/29/2010 02:28:32,41.84742,-71.40372,0.00,27.66,26.889470946958963531669865642994242,21
06/29/2010 02:29:37,41.847363,-71.40377,0.00,27.66,26.889470946958963531669865642994242,65530
06/29/2010 02:30:42,41.847378,-71.403656,0.00,27.66,26.889470946958963531669865642994242,2
06/29/2010 02:31:46,41.847435,-71.40373,0.00,27.66,26.889470946958963531669865642994242,13
06/29/2010 02:32:51,41.847404,-71.40373,0.00,27.98,26.799448415172720306513409961685824,15
06/29/2010 02:33:56,41.847363,-71.40372,0.00,27.66,26.889470946958963531669865642994242,35
06/29/2010 02:35:01,41.84742,-71.40372,0.00,27.66,26.889470946958963531669865642994242,32
06/29/2010 02:36:05,41.847378,-71.40372,0.00,27.66,26.618985920515419847328244274809160,21
06/29/2010 02:37:10,41.847404,-71.4037,0.00,27.66,26.979354506461538461538461538461538,29
06/29/2010 02:38:15,41.847435,-71.40369,0.00,27.66,26.889470946958963531669865642994242,25
06/29/2010 02:39:19,41.847332,-71.40367,0.00,27.66,26.889470946958963531669865642994242,30
06/29/2010 02:40:24,41.847233,-71.40377,0.00,27.66,26.979354506461538461538461538461538,57
06/29/2010 02:41:29,41.847347,-71.4037,0.00,27.66,25.982970943819623352165725047080979,32
06/29/2010 02:42:33,41.847534,-71.40385,0.00,27.66,26.889470946958963531669865642994242,45
06/29/2010 02:43:38,41.847454,-71.40383,0.00,27.66,26.799448415172720306513409961685824,30
06/29/2010 02:44:43,41.847435,-71.40383,0.00,27.66,26.889470946958963531669865642994242,36
06/29/2010 02:45:47,41.84747,-71.403755,0.00,27.66,26.889470946958963531669865642994242,31
06/29/2010 02:46:52,41.847363,-71.40373,0.00,27.66,26.979354506461538461538461538461538,21
06/29/2010 02:47:57,41.847363,-71.4037,0.00,27.66,26.889470946958963531669865642994242,27
06/29/2010 02:49:01,41.8475,-71.40373,0.00,27.66,26.979354506461538461538461538461538,35
06/29/2010 02:50:06,41.84742,-71.40373,0.00,27.66,26.889470946958963531669865642994242,29
06/29/2010 02:51:11,41.847378,-71.403755,0.00,27.66,26.799448415172720306513409961685824,19
06/29/2010 02:52:15,41.847233,-71.40369,0.00,27.66,26.799448415172720306513409961685824,35
06/29/2010 02:53:20,41.847347,-71.40373,0.00,27.66,26.709286782298546845124282982791587,16
06/29/2010 02:54:25,41.847454,-71.40372,0.00,27.66,26.979354506461538461538461538461538,21
06/29/2010 02:55:29,41.847435,-71.403786,0.00,27.66,26.347246698054762808349146110056926,26
06/29/2010 02:56:34,41.847454,-71.40369,0.00,27.66,26.979354506461538461538461538461538,31
06/29/2010 02:57:38,41.84752,-71.4037,0.00,27.66,26.979354506461538461538461538461538,27
06/29/2010 02:58:43,41.847435,-71.403656,0.00,27.66,26.799448415172720306513409961685824,15
06/29/2010 02:59:48,41.847347,-71.40355,0.00,27.66,26.799448415172720306513409961685824,7
06/29/2010 03:00:52,41.847534,-71.40377,0.00,27.66,26.256387661764848484848484848484848,22
06/29/2010 03:01:57,41.84747,-71.40363,0.00,27.66,26.165388771885406427221172022684310,30
06/29/2010 03:03:02,41.847485,-71.40363,0.00,27.66,26.799448415172720306513409961685824,30
06/29/2010 03:04:06,41.84742,-71.4037,0.00,27.66,26.618985920515419847328244274809160,27
06/29/2010 03:05:11,41.847298,-71.40355,0.00,27.66,26.709286782298546845124282982791587,37
06/29/2010 03:06:16,41.847313,-71.40355,0.00,27.66,26.709286782298546845124282982791587,42
06/29/2010 03:07:20,41.847435,-71.40377,0.00,27.66,26.979354506461538461538461538461538,27
06/29/2010 03:08:25,41.847282,-71.40369,0.00,27.66,26.709286782298546845124282982791587,29
06/29/2010 03:09:30,41.847404,-71.40369,0.00,27.66,26.889470946958963531669865642994242,36
06/29/2010 03:10:34,41.847332,-71.40361,0.00,27.66,27.158705228805868725868725868725869,37
06/29/2010 03:11:39,41.847363,-71.403755,0.00,27.66,26.799448415172720306513409961685824,35
06/29/2010 03:12:43,41.847332,-71.40369,0.00,27.66,26.799448415172720306513409961685824,41
06/29/2010 03:13:48,41.84742,-71.4037,0.00,27.66,27.069099223477418111753371868978805,33
06/29/2010 03:14:53,41.84742,-71.40369,0.00,27.66,26.618985920515419847328244274809160,31
06/29/2010 03:15:57,41.84742,-71.40373,0.00,27.66,26.799448415172720306513409961685824,26
06/29/2010 03:17:02,41.84742,-71.40369,0.00,27.66,26.799448415172720306513409961685824,30
06/29/2010 03:18:07,41.847378,-71.40369,0.00,27.66,26.709286782298546845124282982791587,37
06/29/2010 03:19:11,41.847347,-71.40363,0.00,27.66,26.618985920515419847328244274809160,42
06/29/2010 03:20:16,41.847404,-71.403786,0.00,27.66,26.618985920515419847328244274809160,45
06/29/2010 03:21:21,41.847363,-71.403755,0.00,27.66,26.709286782298546845124282982791587,53
06/29/2010 03:22:25,41.847088,-71.403564,0.00,27.66,26.709286782298546845124282982791587,80
06/29/2010 03:23:30,41.847332,-71.40361,0.00,27.33,26.165388771885406427221172022684310,26
06/29/2010 03:24:35,41.847347,-71.403595,0.00,27.66,26.709286782298546845124282982791587,30
06/29/2010 03:25:39,41.847435,-71.4037,0.00,27.33,26.709286782298546845124282982791587,28
06/29/2010 03:26:44,41.847267,-71.40373,0.00,27.66,26.799448415172720306513409961685824,52
06/29/2010 03:27:49,41.84742,-71.4037,0.00,27.66,26.889470946958963531669865642994242,38
06/29/2010 03:28:53,41.847378,-71.40372,0.00,27.66,26.889470946958963531669865642994242,27
06/29/2010 03:29:58,41.847378,-71.40369,0.00,27.66,26.799448415172720306513409961685824,42
06/29/2010 03:31:03,41.847332,-71.40369,0.00,27.66,26.889470946958963531669865642994242,44
06/29/2010 03:32:07,41.847435,-71.403755,0.00,27.66,26.709286782298546845124282982791587,34
06/29/2010 03:33:12,41.847347,-71.403755,0.00,27.66,26.799448415172720306513409961685824,37
06/29/2010 03:34:17,41.847153,-71.403496,0.00,27.66,26.709286782298546845124282982791587,71
06/29/2010 03:35:21,41.847435,-71.4037,0.00,27.66,26.709286782298546845124282982791587,39
06/29/2010 03:36:26,41.847363,-71.40367,0.00,27.33,26.709286782298546845124282982791587,34
06/29/2010 03:37:31,41.847404,-71.40367,0.00,27.66,27.248172654258143133462282398452611,30
06/29/2010 03:38:35,41.847363,-71.4037,0.00,27.33,26.799448415172720306513409961685824,40
06/29/2010 03:39:40,41.847435,-71.4037,0.00,27.66,26.889470946958963531669865642994242,33
06/29/2010 03:40:45,41.847378,-71.403656,0.00,27.66,26.437966003798326996197718631178707,31
06/29/2010 03:41:49,41.847378,-71.40369,0.00,27.33,26.799448415172720306513409961685824,25
06/29/2010 03:42:54,41.847404,-71.40369,0.00,27.66,26.528545702976190476190476190476190,33
06/29/2010 03:43:59,41.847435,-71.40369,0.00,27.66,26.799448415172720306513409961685824,19
06/29/2010 03:45:03,41.847332,-71.403786,0.00,27.33,26.709286782298546845124282982791587,50
06/29/2010 03:46:08,41.847332,-71.403755,0.00,27.66,26.979354506461538461538461538461538,30
06/29/2010 03:47:13,41.847282,-71.40361,0.00,27.66,26.618985920515419847328244274809160,48
06/29/2010 03:48:17,41.847454,-71.403755,0.00,27.66,26.709286782298546845124282982791587,14
06/29/2010 03:49:22,41.847404,-71.4037,0.00,27.66,26.618985920515419847328244274809160,14
06/29/2010 03:50:27,41.847454,-71.403786,0.00,27.66,26.618985920515419847328244274809160,0
06/29/2010 03:51:31,41.847248,-71.403755,0.00,27.66,26.074249906301886792452830188679245,42
06/29/2010 03:52:36,41.847183,-71.40377,0.00,27.33,26.709286782298546845124282982791587,73
06/29/2010 03:53:41,41.847103,-71.40373,0.00,27.66,26.709286782298546845124282982791587,119
06/29/2010 03:54:45,41.847233,-71.4039,0.00,27.66,26.437966003798326996197718631178707,91
06/29/2010 03:55:50,41.8475,-71.40367,0.00,27.33,26.618985920515419847328244274809160,6
06/29/2010 03:56:55,41.847363,-71.403534,0.00,27.66,26.618985920515419847328244274809160,6
06/29/2010 03:57:59,41.847404,-71.40363,0.00,27.66,26.528545702976190476190476190476190,4
06/29/2010 03:59:04,41.847435,-71.40377,0.00,27.33,27.426692297898058252427184466019417,7
06/29/2010 04:00:09,41.847404,-71.40367,0.00,27.33,26.618985920515419847328244274809160,16
06/29/2010 04:01:13,41.847332,-71.40372,0.00,27.33,26.437966003798326996197718631178707,32
06/29/2010 04:02:18,41.847248,-71.403496,0.00,27.33,26.618985920515419847328244274809160,76
06/29/2010 04:03:23,41.847404,-71.403564,0.00,27.33,26.709286782298546845124282982791587,24
06/29/2010 04:04:28,41.847435,-71.40383,0.00,27.33,26.709286782298546845124282982791587,33
06/29/2010 04:05:32,41.8475,-71.4039,0.00,27.66,26.347246698054762808349146110056926,65515
06/29/2010 04:06:37,41.8475,-71.4038,0.00,27.33,26.618985920515419847328244274809160,65511
06/29/2010 04:07:42,41.847298,-71.40363,0.00,27.33,26.709286782298546845124282982791587,51
06/29/2010 04:08:46,41.847267,-71.40355,0.00,27.66,26.528545702976190476190476190476190,27
06/29/2010 04:09:51,41.847435,-71.40377,0.00,27.33,26.709286782298546845124282982791587,10
06/29/2010 04:10:55,41.847363,-71.403656,0.00,27.33,26.799448415172720306513409961685824,1
06/29/2010 04:12:00,41.847435,-71.40373,0.00,27.33,26.618985920515419847328244274809160,65500
06/29/2010 04:13:05,41.84742,-71.4037,0.00,27.33,26.618985920515419847328244274809160,65514
06/29/2010 04:14:09,41.847454,-71.40377,0.00,27.66,26.618985920515419847328244274809160,10
06/29/2010 04:15:14,41.847347,-71.4037,0.00,27.66,26.618985920515419847328244274809160,81
06/29/2010 04:16:19,41.84712,-71.403496,0.00,27.66,26.618985920515419847328244274809160,215
06/29/2010 04:17:23,41.847378,-71.40367,0.00,27.33,26.618985920515419847328244274809160,71
06/29/2010 04:18:28,41.847404,-71.403656,0.00,27.33,26.618985920515419847328244274809160,64
06/29/2010 04:19:33,41.847313,-71.403595,0.00,27.33,26.799448415172720306513409961685824,81
06/29/2010 04:20:38,41.847332,-71.403564,0.00,27.66,26.618985920515419847328244274809160,80
06/29/2010 04:21:42,41.847534,-71.40393,0.00,27.66,26.618985920515419847328244274809160,18
06/29/2010 04:22:47,41.847298,-71.403656,0.00,27.66,27.337501632667286821705426356589147,93
06/29/2010 04:23:52,41.847534,-71.40385,0.00,27.33,26.528545702976190476190476190476190,3
06/29/2010 04:24:56,41.847363,-71.403496,0.00,27.66,26.618985920515419847328244274809160,58
06/29/2010 04:26:01,41.847313,-71.403534,0.00,27.33,26.618985920515419847328244274809160,66
06/29/2010 04:27:06,41.847404,-71.4037,0.00,27.33,26.437966003798326996197718631178707,65520
06/29/2010 04:28:11,41.847347,-71.403786,0.00,27.66,26.437966003798326996197718631178707,65528
06/29/2010 04:29:15,41.847485,-71.40363,0.00,27.33,26.618985920515419847328244274809160,53
06/29/2010 04:30:20,41.84755,-71.403786,0.00,27.66,26.528545702976190476190476190476190,56
06/29/2010 04:31:25,41.847404,-71.403786,0.00,27.33,26.528545702976190476190476190476190,57
06/29/2010 04:32:29,41.847378,-71.403755,0.00,27.33,26.618985920515419847328244274809160,65530
06/29/2010 04:33:34,41.847313,-71.40363,0.00,27.33,26.618985920515419847328244274809160,41
06/29/2010 04:34:39,41.84747,-71.403946,0.00,27.33,26.528545702976190476190476190476190,65529
06/29/2010 04:35:43,41.847363,-71.40372,0.00,27.33,27.515744784856964980544747081712062,72
06/29/2010 04:36:48,41.847404,-71.4039,0.00,27.33,26.889470946958963531669865642994242,65534
06/29/2010 04:37:53,41.847347,-71.40385,0.00,27.33,26.528545702976190476190476190476190,65522
06/29/2010 04:38:57,41.847332,-71.403656,0.00,27.33,26.618985920515419847328244274809160,30
06/29/2010 04:40:02,41.84742,-71.40367,0.00,27.33,26.528545702976190476190476190476190,54
06/29/2010 04:41:07,41.847454,-71.40377,0.00,27.33,26.618985920515419847328244274809160,28
06/29/2010 04:42:11,41.847347,-71.40373,0.00,27.33,26.709286782298546845124282982791587,14
06/29/2010 04:43:16,41.847313,-71.403885,0.00,27.33,26.528545702976190476190476190476190,65533
06/29/2010 04:44:21,41.847347,-71.40361,0.00,27.33,26.618985920515419847328244274809160,48
06/29/2010 04:45:25,41.84742,-71.4037,0.00,27.33,26.528545702976190476190476190476190,29
06/29/2010 04:46:30,41.847378,-71.403755,0.00,27.33,26.618985920515419847328244274809160,30
06/29/2010 04:47:35,41.847404,-71.40372,0.00,27.33,26.528545702976190476190476190476190,29
06/29/2010 04:48:39,41.847404,-71.40361,0.00,27.33,26.709286782298546845124282982791587,39
06/29/2010 04:49:44,41.847313,-71.40361,0.00,27.33,26.528545702976190476190476190476190,67
06/29/2010 04:50:49,41.847435,-71.403564,0.00,27.33,26.347246698054762808349146110056926,57
06/29/2010 04:51:53,41.847282,-71.403564,0.00,27.33,26.618985920515419847328244274809160,51
06/29/2010 04:52:58,41.847218,-71.403336,0.00,27.33,26.709286782298546845124282982791587,99
06/29/2010 04:54:02,41.847332,-71.40383,0.00,27.33,26.618985920515419847328244274809160,24
06/29/2010 04:55:07,41.847363,-71.403656,0.00,27.33,26.618985920515419847328244274809160,49
06/29/2010 04:56:12,41.84742,-71.403755,0.00,27.33,26.618985920515419847328244274809160,51
06/29/2010 04:57:16,41.847485,-71.40372,0.00,27.33,26.437966003798326996197718631178707,87
06/29/2010 04:58:21,41.84752,-71.4038,0.00,27.01,26.437966003798326996197718631178707,50
06/29/2010 04:59:26,41.847363,-71.40393,0.00,27.33,26.437966003798326996197718631178707,14
06/29/2010 05:00:30,41.847363,-71.40385,0.00,27.01,26.528545702976190476190476190476190,27
06/29/2010 05:01:35,41.84742,-71.403755,0.00,27.33,26.618985920515419847328244274809160,43
06/29/2010 05:02:40,41.84755,-71.4038,0.00,27.33,26.528545702976190476190476190476190,20
06/29/2010 05:03:44,41.84747,-71.4037,0.00,27.33,26.528545702976190476190476190476190,47
06/29/2010 05:04:49,41.847454,-71.40377,0.00,27.33,26.709286782298546845124282982791587,62
06/29/2010 05:05:54,41.847363,-71.403755,0.00,27.33,26.528545702976190476190476190476190,46
06/29/2010 05:06:58,41.8476,-71.40373,0.00,27.33,26.709286782298546845124282982791587,32
06/29/2010 05:08:03,41.847836,-71.40398,0.00,27.33,26.437966003798326996197718631178707,68
06/29/2010 05:09:08,41.847435,-71.403755,0.00,27.33,27.958939341513123772102161100196464,32
06/29/2010 05:10:12,41.847168,-71.4037,0.00,27.33,26.528545702976190476190476190476190,41
06/29/2010 05:11:17,41.847363,-71.40372,0.00,27.33,26.437966003798326996197718631178707,37
06/29/2010 05:12:22,41.84752,-71.403786,0.00,27.33,26.618985920515419847328244274809160,46
06/29/2010 05:13:26,41.847713,-71.403915,0.00,27.33,26.618985920515419847328244274809160,66
06/29/2010 05:14:31,41.84752,-71.40382,0.00,27.33,26.528545702976190476190476190476190,40
06/29/2010 05:15:36,41.847454,-71.403786,0.00,27.33,26.709286782298546845124282982791587,44
06/29/2010 05:16:40,41.847584,-71.403915,0.00,27.33,27.069099223477418111753371868978805,42
06/29/2010 05:17:45,41.84742,-71.403786,0.00,27.33,27.158705228805868725868725868725869,45
06/29/2010 05:18:50,41.847485,-71.40382,0.00,27.66,27.515744784856964980544747081712062,35
06/29/2010 05:19:54,41.847454,-71.40385,0.00,27.66,27.515744784856964980544747081712062,35
06/29/2010 05:20:59,41.847534,-71.403755,0.00,27.66,27.604659229502417153996101364522417,41
06/29/2010 05:22:04,41.84757,-71.40386,0.00,27.98,27.693435768855,27
06/29/2010 05:23:09,41.847454,-71.40373,0.00,27.98,27.337501632667286821705426356589147,42
06/29/2010 05:24:13,41.84747,-71.4037,0.00,27.98,27.782074541007866927592954990215264,28
06/29/2010 05:25:18,41.847298,-71.403656,0.00,27.98,27.693435768855,35
06/29/2010 05:26:23,41.847378,-71.40369,0.00,27.98,27.693435768855,59
06/29/2010 05:27:27,41.847347,-71.40372,0.00,27.98,27.782074541007866927592954990215264,33
06/29/2010 05:28:32,41.847363,-71.40372,0.00,28.30,27.693435768855,34
06/29/2010 05:29:37,41.847282,-71.40363,0.00,28.30,27.782074541007866927592954990215264,39
06/29/2010 05:30:41,41.847404,-71.40369,0.00,28.30,27.604659229502417153996101364522417,36
06/29/2010 05:31:46,41.847363,-71.40369,0.00,27.98,28.135254757617475345167652859960552,42
06/29/2010 05:32:51,41.847363,-71.403755,0.00,28.30,27.870575685137254901960784313725490,44
06/29/2010 05:33:55,41.84742,-71.40377,0.00,28.30,27.782074541007866927592954990215264,39
06/29/2010 05:35:00,41.847153,-71.40367,0.00,28.30,27.958939341513123772102161100196464,60
06/29/2010 05:36:04,41.847134,-71.403786,0.00,28.30,27.958939341513123772102161100196464,61
06/29/2010 05:37:09,41.847332,-71.403755,0.00,28.30,27.958939341513123772102161100196464,45
06/29/2010 05:38:13,41.847454,-71.403755,0.00,28.30,28.135254757617475345167652859960552,33
06/29/2010 05:39:18,41.847298,-71.403595,0.00,28.30,27.958939341513123772102161100196464,44
06/29/2010 05:40:23,41.847404,-71.4037,0.00,28.30,28.047165651509921259842519685039370,32
06/29/2010 05:41:27,41.847435,-71.40372,0.00,28.62,28.047165651509921259842519685039370,30
06/29/2010 05:42:32,41.847435,-71.403755,0.00,28.62,27.870575685137254901960784313725490,24
06/29/2010 05:43:37,41.847435,-71.40373,0.00,28.62,27.870575685137254901960784313725490,29
06/29/2010 05:44:41,41.84747,-71.403755,0.00,28.62,28.047165651509921259842519685039370,27
06/29/2010 05:45:46,41.847404,-71.40369,0.00,28.62,27.870575685137254901960784313725490,37
06/29/2010 05:46:51,41.847347,-71.40373,0.00,28.62,28.135254757617475345167652859960552,39
06/29/2010 05:47:55,41.847332,-71.40367,0.00,28.62,27.426692297898058252427184466019417,37
06/29/2010 05:49:00,41.847378,-71.40373,0.00,28.62,28.047165651509921259842519685039370,43
06/29/2010 05:50:05,41.847363,-71.40361,0.00,28.62,28.223206803452015810276679841897233,40
06/29/2010 05:51:09,41.847347,-71.403656,0.00,28.62,28.223206803452015810276679841897233,55
06/29/2010 05:52:14,41.847282,-71.403564,0.00,28.95,28.135254757617475345167652859960552,40
06/29/2010 05:53:18,41.847347,-71.40372,0.00,28.62,29.008631772508370221327967806841046,39
06/29/2010 05:54:23,41.847282,-71.40355,0.00,28.95,28.311021933767326732673267326732673,21
06/29/2010 05:55:28,41.847298,-71.40369,0.00,28.95,28.311021933767326732673267326732673,28
06/29/2010 05:56:33,41.847363,-71.4037,0.00,28.95,28.311021933767326732673267326732673,31
06/29/2010 05:57:37,41.847404,-71.4037,0.00,28.95,28.311021933767326732673267326732673,31
06/29/2010 05:58:42,41.847454,-71.4037,0.00,28.95,28.223206803452015810276679841897233,32
06/29/2010 05:59:46,41.84742,-71.4037,0.00,28.62,28.398700294466031746031746031746032,37
06/29/2010 06:00:51,41.84747,-71.403656,0.00,28.95,28.398700294466031746031746031746032,34
06/29/2010 06:01:56,41.847298,-71.403595,0.00,28.62,28.660916235362115768463073852295409,48
06/29/2010 06:03:00,41.847363,-71.40369,0.00,28.62,28.660916235362115768463073852295409,40
06/29/2010 06:04:05,41.847435,-71.4037,0.00,28.95,29.267994515816356275303643724696356,31
06/29/2010 06:05:10,41.847404,-71.40367,0.00,28.95,28.835045742171503006012024048096192,23
06/29/2010 06:06:14,41.847378,-71.40367,0.00,28.95,28.835045742171503006012024048096192,26
06/29/2010 06:07:19,41.847404,-71.403656,0.00,28.95,28.74804900000,29
06/29/2010 06:08:23,41.847363,-71.40358,0.00,28.95,28.660916235362115768463073852295409,45
06/29/2010 06:09:28,41.847404,-71.40361,0.00,28.95,28.660916235362115768463073852295409,32
06/29/2010 06:10:33,41.84742,-71.40367,0.00,28.62,28.573647296436972111553784860557769,35
06/29/2010 06:11:37,41.847404,-71.40358,0.00,28.95,28.486242032611013916500994035785288,28
06/29/2010 06:12:42,41.847363,-71.403595,0.00,28.95,28.486242032611013916500994035785288,36
06/29/2010 06:13:47,41.847378,-71.40367,0.00,28.95,28.573647296436972111553784860557769,38
06/29/2010 06:14:51,41.847485,-71.4037,0.00,28.95,28.486242032611013916500994035785288,30
06/29/2010 06:15:56,41.8475,-71.40373,0.00,28.95,28.660916235362115768463073852295409,18
06/29/2010 06:17:01,41.847485,-71.40373,0.00,28.95,28.573647296436972111553784860557769,25
06/29/2010 06:18:05,41.847454,-71.4038,0.00,28.95,29.354178380584056795131845841784990,4
06/29/2010 06:19:10,41.8475,-71.403786,0.00,29.27,28.573647296436972111553784860557769,15
06/29/2010 06:20:14,41.847435,-71.403564,0.00,29.27,28.486242032611013916500994035785288,38
06/29/2010 06:21:19,41.847298,-71.403656,0.00,29.27,28.398700294466031746031746031746032,62
06/29/2010 06:22:24,41.847404,-71.40372,0.00,29.27,28.486242032611013916500994035785288,25
06/29/2010 06:23:28,41.847454,-71.40373,0.00,29.27,28.486242032611013916500994035785288,36
06/29/2010 06:24:33,41.847454,-71.40363,0.00,29.27,27.782074541007866927592954990215264,36
06/29/2010 06:25:38,41.84747,-71.40369,0.00,29.27,28.486242032611013916500994035785288,29
06/29/2010 06:26:42,41.847378,-71.40363,0.00,29.27,28.486242032611013916500994035785288,35
06/29/2010 06:27:47,41.847313,-71.403656,0.00,29.27,28.486242032611013916500994035785288,46
06/29/2010 06:28:52,41.847363,-71.40369,0.00,29.27,28.398700294466031746031746031746032,39
06/29/2010 06:29:56,41.847404,-71.40367,0.00,29.27,28.486242032611013916500994035785288,30
06/29/2010 06:31:01,41.847404,-71.40345,0.00,29.27,28.573647296436972111553784860557769,61
06/29/2010 06:32:06,41.847435,-71.40367,0.00,29.27,28.486242032611013916500994035785288,61
06/29/2010 06:33:10,41.847435,-71.40355,0.00,29.27,28.486242032611013916500994035785288,36
06/29/2010 06:34:15,41.847435,-71.40372,0.00,29.27,28.486242032611013916500994035785288,27
06/29/2010 06:35:19,41.847435,-71.40369,0.00,29.27,28.486242032611013916500994035785288,26
06/29/2010 06:36:24,41.847233,-71.4038,0.00,29.27,28.486242032611013916500994035785288,32
06/29/2010 06:37:28,41.847347,-71.40369,0.00,29.27,28.486242032611013916500994035785288,40
06/29/2010 06:38:33,41.84742,-71.4037,0.00,29.27,28.486242032611013916500994035785288,26
06/29/2010 06:39:38,41.847347,-71.40363,0.00,29.27,28.135254757617475345167652859960552,51
06/29/2010 06:40:43,41.847332,-71.40369,0.00,29.27,28.486242032611013916500994035785288,47
06/29/2010 06:41:47,41.847363,-71.40369,0.00,29.27,28.573647296436972111553784860557769,48
06/29/2010 06:42:52,41.847404,-71.40367,2.10,29.27,28.223206803452015810276679841897233,44
06/29/2010 06:43:56,41.847378,-71.40367,2.10,29.27,28.921906614916947791164658634538153,52
06/29/2010 06:45:01,41.847485,-71.403496,2.10,29.27,28.398700294466031746031746031746032,16
06/29/2010 06:46:06,41.847435,-71.403595,2.10,29.27,28.486242032611013916500994035785288,44
06/29/2010 06:47:10,41.847363,-71.403496,0.00,29.59,28.047165651509921259842519685039370,50
06/29/2010 06:48:15,41.847347,-71.403564,0.00,29.27,28.660916235362115768463073852295409,70
06/29/2010 06:49:19,41.84742,-71.40361,2.10,29.27,29.095221370461935483870967741935484,26
06/29/2010 06:50:24,41.84742,-71.40361,0.00,29.27,28.573647296436972111553784860557769,47
06/29/2010 06:51:29,41.847332,-71.4037,4.19,29.27,28.74804900000,46
06/29/2010 06:52:33,41.847454,-71.403755,0.00,29.59,29.697566216779100204498977505112474,27
06/29/2010 06:53:38,41.84747,-71.40377,0.00,29.59,29.526141497413075356415478615071283,38
06/29/2010 06:54:42,41.847378,-71.4038,2.10,29.27,27.782074541007866927592954990215264,20
06/29/2010 06:55:47,41.847454,-71.40377,0.00,29.27,27.248172654258143133462282398452611,16
06/29/2010 06:56:51,41.84742,-71.40385,0.00,29.27,27.158705228805868725868725868725869,40
06/29/2010 06:57:56,41.847363,-71.4038,8.38,28.95,27.337501632667286821705426356589147,23
06/29/2010 06:59:00,41.847347,-71.40377,6.29,29.27,27.426692297898058252427184466019417,44
06/29/2010 07:00:05,41.847267,-71.4038,6.29,29.27,27.426692297898058252427184466019417,35
06/29/2010 07:01:09,41.847248,-71.403786,6.29,29.27,27.426692297898058252427184466019417,18
06/29/2010 07:02:14,41.847313,-71.403786,6.29,29.27,27.426692297898058252427184466019417,31
06/29/2010 07:03:18,41.847248,-71.4039,4.19,29.27,27.426692297898058252427184466019417,53
06/29/2010 07:04:23,41.847347,-71.40369,2.10,29.27,27.337501632667286821705426356589147,32
06/29/2010 07:05:28,41.847404,-71.403755,4.19,28.95,27.337501632667286821705426356589147,47
06/29/2010 07:06:33,41.847313,-71.403786,4.19,28.95,27.337501632667286821705426356589147,43
06/29/2010 07:07:38,41.847282,-71.4038,4.19,29.27,27.337501632667286821705426356589147,37
06/29/2010 07:08:43,41.847298,-71.40382,4.19,28.95,27.337501632667286821705426356589147,40
06/29/2010 07:09:49,41.847282,-71.4038,4.19,29.27,27.337501632667286821705426356589147,34
06/29/2010 07:10:54,41.847267,-71.403786,4.19,28.95,27.337501632667286821705426356589147,36
06/29/2010 07:11:59,41.847267,-71.4038,6.29,28.95,27.248172654258143133462282398452611,32
06/29/2010 07:13:03,41.847298,-71.403755,4.19,29.27,27.248172654258143133462282398452611,39
06/29/2010 07:14:08,41.847267,-71.40372,4.19,29.27,27.337501632667286821705426356589147,35
06/29/2010 07:15:13,41.847282,-71.40372,4.19,28.95,27.337501632667286821705426356589147,27
06/29/2010 07:16:18,41.847298,-71.403755,6.29,28.95,27.337501632667286821705426356589147,33
06/29/2010 07:17:23,41.847298,-71.40372,6.29,28.95,27.337501632667286821705426356589147,35
06/29/2010 07:18:27,41.847313,-71.40373,6.29,28.95,27.337501632667286821705426356589147,27
06/29/2010 07:19:32,41.847363,-71.4037,6.29,28.95,27.337501632667286821705426356589147,25
06/29/2010 07:20:37,41.847347,-71.4037,8.38,29.27,27.337501632667286821705426356589147,27
06/29/2010 07:21:42,41.847168,-71.41417,2.10,28.95,26.437966003798326996197718631178707,34
06/29/2010 07:22:46,41.848854,-71.403786,10.47,28.95,26.256387661764848484848484848484848,25
06/29/2010 07:23:51,41.8538,-71.4021,8.38,28.95,26.528545702976190476190476190476190,32
06/29/2010 07:24:55,41.857033,-71.41078,18.82,28.95,27.870575685137254901960784313725490,29
06/29/2010 07:26:00,41.858765,-71.41126,8.38,28.95,28.660916235362115768463073852295409,23
06/29/2010 07:27:05,41.858635,-71.41137,6.29,28.95,29.095221370461935483870967741935484,23
06/29/2010 07:28:09,41.858635,-71.411385,122.70,28.95,29.354178380584056795131845841784990,24
06/29/2010 07:29:14,41.858364,-71.41137,266.96,29.27,29.611921074653061224489795918367347,19
06/29/2010 07:30:19,41.858414,-71.41137,74.40,29.91,29.697566216779100204498977505112474,29
06/29/2010 07:31:23,41.858364,-71.41137,74.40,30.23,29.697566216779100204498977505112474,19
06/29/2010 07:32:28,41.857014,-71.4111,22.98,30.23,29.783077089725901639344262295081967,32
06/29/2010 07:33:32,41.856934,-71.41105,31.28,30.56,29.783077089725901639344262295081967,27
06/29/2010 07:34:37,41.856983,-71.41115,35.42,30.56,29.953696698649218106995884773662551,42
06/29/2010 07:35:41,41.857,-71.41113,39.56,30.56,30.208623320680207039337474120082816,39
06/29/2010 07:36:46,41.85695,-71.4111,183.56,30.88,30.123781256412561983471074380165289,32
06/29/2010 07:37:50,41.856853,-71.41102,191.28,30.88,29.697566216779100204498977505112474,23
06/29/2010 07:38:55,41.8552,-71.40549,72.36,31.20,29.611921074653061224489795918367347,18
06/29/2010 07:39:59,41.863216,-71.40405,112.72,31.52,29.440227320473495934959349593495935,18
06/29/2010 07:41:04,41.872837,-71.391365,78.46,31.52,29.354178380584056795131845841784990,26
06/29/2010 07:42:09,41.880665,-71.37752,41.62,31.52,29.267994515816356275303643724696356,27
06/29/2010 07:43:13,41.895035,-71.3754,206.65,31.52,29.526141497413075356415478615071283,35
06/29/2010 07:44:18,41.9032,-71.3531,223.80,31.52,29.611921074653061224489795918367347,36
06/29/2010 07:45:22,41.914536,-71.34416,104.71,31.85,29.526141497413075356415478615071283,52
06/29/2010 07:46:27,41.92968,-71.3224,84.55,31.85,29.697566216779100204498977505112474,50
06/29/2010 07:47:31,41.945297,-71.31053,35.42,31.85,29.868453860791088295687885010266940,46
06/29/2010 07:48:36,41.960228,-71.305,51.91,31.85,30.208623320680207039337474120082816,50
06/29/2010 07:49:40,41.976986,-71.29435,49.86,31.85,30.546660898318121085594989561586639,55
06/29/2010 07:50:45,41.994183,-71.29222,76.43,31.85,30.714883776515429769392033542976939,61
06/29/2010 07:51:50,42.00905,-71.28141,98.68,31.85,30.882577986184210526315789473684211,60
06/29/2010 07:52:54,42.02107,-71.264366,94.65,32.17,31.049745011977040169133192389006342,64
06/29/2010 07:53:59,42.033066,-71.24895,72.36,32.17,31.133131301754576271186440677966102,84
06/29/2010 07:55:03,42.04855,-71.23935,76.43,32.17,31.216386363763524416135881104033970,77
06/29/2010 07:56:08,42.063183,-71.23045,74.40,32.17,31.299510390765957446808510638297872,102
06/29/2010 07:57:12,42.079166,-71.22218,108.72,32.49,31.382503577167974413646055437100213,100
06/29/2010 07:58:17,42.09563,-71.225266,92.63,32.49,31.465366119037264957264957264957265,87
06/29/2010 07:59:21,42.112217,-71.23122,126.68,32.17,31.548098214120899357601713062098501,88
06/29/2010 08:00:26,42.12972,-71.22422,150.40,32.49,31.630700061863347639484978540772532,93
06/29/2010 08:01:30,42.144245,-71.20696,173.86,32.49,31.795513821699310344827586206896552,74
06/29/2010 08:02:35,42.156487,-71.18545,116.72,32.49,31.795513821699310344827586206896552,20
06/29/2010 08:03:40,42.17222,-71.16977,98.68,32.49,31.713171863424731182795698924731183,27
06/29/2010 08:04:44,42.1862,-71.15681,98.68,32.49,31.382503577167974413646055437100213,28
06/29/2010 08:05:49,42.196247,-71.14757,106.71,32.49,30.966227303295527426160337552742616,35
06/29/2010 08:06:53,,,104.71,32.81,30.798796872709915966386554621848739, 
06/29/2010 08:07:58,42.20698,-71.13775,37.49,32.49,30.462350751333333333333333333333333,17
06/29/2010 08:09:02,42.208145,-71.14035,102.70,32.49,30.293332140494937759336099585062241,23
06/29/2010 08:10:07,42.210255,-71.14442,102.70,32.49,30.293332140494937759336099585062241,29
06/29/2010 08:11:11,42.21587,-71.15439,74.40,32.49,30.293332140494937759336099585062241,28
06/29/2010 08:12:16,42.221035,-71.164536,62.16,32.49,30.377907891632474012474012474012474,44
06/29/2010 08:13:20,42.22557,-71.17662,53.97,32.49,30.208623320680207039337474120082816,40
06/29/2010 08:14:25,42.230312,-71.18328,43.68,32.49,29.953696698649218106995884773662551,36
06/29/2010 08:15:29,42.237434,-71.19268,51.91,32.49,29.953696698649218106995884773662551,61
06/29/2010 08:16:34,42.244465,-71.21567,49.86,32.49,29.868453860791088295687885010266940,64
06/29/2010 08:17:38,42.254833,-71.20872,47.80,32.49,30.038805773365979381443298969072165,85
06/29/2010 08:18:42,42.262466,-71.20612,49.86,32.49,29.868453860791088295687885010266940,56
06/29/2010 08:19:47,42.26888,-71.207664,49.86,32.17,29.953696698649218106995884773662551,33
06/29/2010 08:20:52,42.273266,-71.19865,41.62,32.17,29.868453860791088295687885010266940,31
06/29/2010 08:21:56,42.275204,-71.19876,37.49,32.17,29.697566216779100204498977505112474,34
06/29/2010 08:23:01,42.28025,-71.204994,14.65,32.17,29.526141497413075356415478615071283,38
06/29/2010 08:24:05,42.28597,-71.207016,160.20,31.85,29.868453860791088295687885010266940,34
06/29/2010 08:25:10,42.289772,-71.212234,25.06,31.85,31.382503577167974413646055437100213,40
06/29/2010 08:26:14,42.291317,-71.21388,2.10,31.52,30.546660898318121085594989561586639,42
06/29/2010 08:27:19,42.294483,-71.22083,2.10,31.20,30.123781256412561983471074380165289,45
06/29/2010 08:28:24,42.29733,-71.21997,2.10,31.20,29.868453860791088295687885010266940,47
06/29/2010 08:29:28,42.301765,-71.22397,2.10,31.20,29.697566216779100204498977505112474,43
06/29/2010 08:30:33,42.306763,-71.226616,2.10,30.88,29.611921074653061224489795918367347,36
06/29/2010 08:31:38,42.313835,-71.23165,2.10,30.88,29.526141497413075356415478615071283,42
06/29/2010 08:32:42,42.320103,-71.239365,2.10,30.88,29.440227320473495934959349593495935,24
06/29/2010 08:33:47,42.322853,-71.24895,8.38,30.88,29.354178380584056795131845841784990,29
06/29/2010 08:34:51,42.34567,-71.25663,12.56,30.56,29.267994515816356275303643724696356,21
06/29/2010 08:35:56,42.343082,-71.26296,8.38,30.56,29.181675565550505050505050505050505,22
06/29/2010 08:37:01,42.35167,-71.26317,10.47,30.23,29.181675565550505050505050505050505,31
06/29/2010 08:38:05,42.359165,-71.27002,10.47,30.23,29.181675565550505050505050505050505,46
06/29/2010 08:39:10,42.37115,-71.26891,10.47,30.23,29.181675565550505050505050505050505,43
06/29/2010 08:40:15,42.382065,-71.263664,10.47,30.23,29.181675565550505050505050505050505,55
06/29/2010 08:41:19,42.3927,-71.26226,12.56,30.23,29.181675565550505050505050505050505,59
06/29/2010 08:42:24,42.40328,-71.2593,10.47,29.91,29.181675565550505050505050505050505,65
06/29/2010 08:43:28,42.42583,-71.2567,6.29,29.91,29.181675565550505050505050505050505,59
06/29/2010 08:44:33,42.43187,-71.2593,8.38,30.23,29.181675565550505050505050505050505,67
06/29/2010 08:45:38,42.446754,-71.2557,12.56,29.91,29.181675565550505050505050505050505,63
06/29/2010 08:46:42,42.462517,-71.256805,14.65,29.91,29.181675565550505050505050505050505,44
06/29/2010 08:47:47,42.471817,-71.24195,20.90,29.91,29.267994515816356275303643724696356,48
06/29/2010 08:48:52,42.4739,-71.23101,56.02,29.91,29.267994515816356275303643724696356,67
06/29/2010 08:49:56,42.475536,-71.21899,35.42,29.91,29.267994515816356275303643724696356,70
06/29/2010 08:51:01,42.489883,-71.230804,27.13,29.91,29.354178380584056795131845841784990,57
06/29/2010 08:52:06,42.504883,-71.245895,33.35,29.91,29.440227320473495934959349593495935,44
06/29/2010 08:53:10,42.5198,-71.26088,29.21,29.91,29.526141497413075356415478615071283,53
06/29/2010 08:54:15,42.5395,-71.27742,29.21,29.91,29.611921074653061224489795918367347,64
06/29/2010 08:55:20,42.557667,-71.289505,47.80,29.91,29.611921074653061224489795918367347,39
06/29/2010 08:56:24,42.565567,-71.30883,33.35,29.91,29.697566216779100204498977505112474,50
06/29/2010 08:57:29,42.580803,-71.30765,22.98,29.91,29.697566216779100204498977505112474,46
06/29/2010 08:58:34,42.595547,-71.328835,14.65,29.91,29.783077089725901639344262295081967,41
06/29/2010 08:59:38,42.61015,-71.32018,6.29,29.91,29.783077089725901639344262295081967,45
06/29/2010 09:00:43,42.624046,-71.32002,12.56,29.91,29.783077089725901639344262295081967,40
06/29/2010 09:01:48,42.645336,-71.309494,6.29,30.23,29.783077089725901639344262295081967,46
06/29/2010 09:02:52,42.635147,-71.3116,10.47,30.23,29.783077089725901639344262295081967,38
06/29/2010 09:03:57,42.63933,-71.3156,12.56,30.23,29.697566216779100204498977505112474,38
06/29/2010 09:05:02,42.6413,-71.327835,12.56,29.91,29.697566216779100204498977505112474,43
06/29/2010 09:06:06,42.647015,-71.32315,20.90,30.23,29.697566216779100204498977505112474,47
06/29/2010 09:07:11,42.648502,-71.32907,18.82,29.91,29.697566216779100204498977505112474,43
06/29/2010 09:08:15,42.654995,-71.33123,35.42,29.91,29.697566216779100204498977505112474,39
06/29/2010 09:09:20,42.653305,-71.3276,285.43,30.23,29.783077089725901639344262295081967,43
06/29/2010 09:10:25,42.65367,-71.32712,45.74,29.91,29.783077089725901639344262295081967,43
06/29/2010 09:11:29,42.656567,-71.32542,140.55,30.23,29.783077089725901639344262295081967,33
06/29/2010 09:12:34,42.658,-71.323586,29.21,30.23,29.697566216779100204498977505112474,28
06/29/2010 09:13:39,42.65778,-71.3235,187.42,30.23,30.038805773365979381443298969072165,27
06/29/2010 09:14:43,42.65775,-71.3236,687.29,30.56,30.630838512803012552301255230125523,35
06/29/2010 09:15:47,42.657936,-71.32415,414.81,30.56,31.299510390765957446808510638297872,32
06/29/2010 09:16:52,42.65822,-71.324936,800.16,30.56,30.798796872709915966386554621848739,38
06/29/2010 09:17:57,42.65775,-71.32542,633.18,30.56,30.293332140494937759336099585062241,44
06/29/2010 09:19:01,42.657097,-71.32564,696.98,30.56,30.123781256412561983471074380165289,48
06/29/2010 09:20:06,42.656284,-71.32557,494.65,30.23,29.697566216779100204498977505112474,52
06/29/2010 09:21:10,42.655518,-71.32568,425.02,30.23,29.354178380584056795131845841784990,74
06/29/2010 09:22:15,42.65482,-71.3263,0.00,29.91,29.181675565550505050505050505050505,62
06/29/2010 09:23:19,,,0.00,30.23,29.181675565550505050505050505050505, 
06/29/2010 09:24:24,,,0.00,30.23,29.181675565550505050505050505050505, 
06/29/2010 09:25:29,42.654434,-71.32583,0.00,30.23,28.135254757617475345167652859960552,65
06/29/2010 09:26:33,42.654865,-71.32622,521.94,29.91,26.799448415172720306513409961685824,55
06/29/2010 09:27:38,,,574.94,29.27,24.783542092061176470588235294117647, 
06/29/2010 09:28:43,,,512.37,28.30,23.844622396965487364620938628158845, 
06/29/2010 09:29:47,,,466.85,27.33,23.274425240571428571428571428571429, 
06/29/2010 09:30:52,,,471.79,26.37,22.987392838244653641207815275310835, 
06/29/2010 09:31:57,42.65485,-71.32615,486.53,26.04,22.891428233624964539007092198581560,45
06/29/2010 09:33:02,42.654785,-71.32618,448.58,25.40,22.795319902376106194690265486725664,67
06/29/2010 09:34:06,42.654995,-71.32629,499.51,25.40,22.699067750679010600706713780918728,38
06/29/2010 09:35:11,42.654884,-71.3264,466.85,24.76,22.602671685376472663139329805996473,49
06/29/2010 09:36:16,42.654995,-71.32629,466.85,24.43,22.602671685376472663139329805996473,33
06/29/2010 09:37:21,,,471.79,24.11,22.506131613967323943661971830985915, 
06/29/2010 09:38:25,,,460.23,23.79,22.506131613967323943661971830985915, 
06/29/2010 09:39:30,,,455.25,23.79,22.506131613967323943661971830985915, 
06/29/2010 09:40:35,42.65477,-71.326195,481.63,23.47,22.409447444600667838312829525483304,46
06/29/2010 09:41:40,,,484.90,23.47,22.312619086070175438596491228070175, 
06/29/2010 09:42:44,,,466.85,23.47,22.312619086070175438596491228070175, 
06/29/2010 09:43:49,,,428.41,23.14,22.312619086070175438596491228070175, 
06/29/2010 09:44:54,,,416.52,23.14,22.312619086070175438596491228070175, 
06/29/2010 09:45:58,,,425.02,22.82,22.215646447808441330998248686514886, 
06/29/2010 09:47:03,,,419.92,22.50,22.215646447808441330998248686514886, 
06/29/2010 09:48:08,,,425.02,22.50,22.215646447808441330998248686514886, 
06/29/2010 09:49:13,,,433.47,22.50,22.118529439881398601398601398601399, 
06/29/2010 09:50:17,,,468.50,22.18,22.118529439881398601398601398601399, 
06/29/2010 09:51:22,,,491.41,22.18,22.215646447808441330998248686514886, 
06/29/2010 09:52:27,,,451.92,22.18,22.215646447808441330998248686514886, 
06/29/2010 09:53:32,,,455.25,22.18,22.118529439881398601398601398601399, 
06/29/2010 09:54:36,42.654736,-71.326256,493.03,22.18,22.215646447808441330998248686514886,41
06/29/2010 09:55:41,,,505.95,22.18,22.602671685376472663139329805996473, 
06/29/2010 09:56:46,,,223.80,22.50,22.506131613967323943661971830985915, 
06/29/2010 09:57:51,,,233.26,22.50,22.118529439881398601398601398601399, 
06/29/2010 09:58:56,,,246.44,22.18,22.021267972982792321116928446771379, 
06/29/2010 10:00:00,,,235.15,22.18,22.021267972982792321116928446771379, 
06/29/2010 10:01:05,,,238.92,22.18,22.021267972982792321116928446771379, 
06/29/2010 10:02:10,,,255.79,22.18,21.923861958428710801393728222996516, 
06/29/2010 10:03:14,,,255.79,21.86,22.021267972982792321116928446771379, 
06/29/2010 10:04:19,,,250.19,21.86,21.923861958428710801393728222996516, 
06/29/2010 10:05:24,,,187.42,21.86,21.923861958428710801393728222996516, 
06/29/2010 10:06:29,,,402.82,22.18,22.118529439881398601398601398601399, 
06/29/2010 10:07:34,,,460.23,22.18,22.409447444600667838312829525483304, 
