light level
0.0143
0.0143
0.0143
0.0143
0.0143
0.0143
0.0143
0.0143
0.0143
0.0143
0.0143
0.0145
0.0143
0.0143
0.0143
0.0143
0.0143
0.0143
0.0143
0.0143
0.0143
0.0143
0.0143
0.0143
0.0143
0.0143
0.0143
0.0143
0.0143
0.0143
0.0143
0.0143
0.0143
0.0143
0.0143
0.0145
0.0143
0.0143
0.0143
0.0143
0.0143
0.0143
0.0143
0.0143
0.0143
0.0145
0.0143
0.0143
0.0143
0.0143
0.0143
0.0143
0.0143
0.0143
0.0143
0.0143
0.0143
0.0143
0.0143
0.0143
0.0143
0.0140
0.0140
0.0140
0.0140
0.0140
0.0143
0.0143
0.0143
0.0143
0.0143
0.0143
0.0143
0.0143
0.0143
0.0148
0.0143
0.0143
0.0143
0.0143
0.0143
0.0143
0.0143
0.0148
0.0143
0.0143
0.0143
0.0143
0.0143
0.0143
0.0143
0.0143
0.0143
0.0143
0.0143
0.0143
0.0143
0.0143
0.0143
0.0143
0.0143
0.0145
0.0145
0.0145
0.0145
0.0145
0.0145
0.0145
0.0145
0.0145
0.0143
0.0143
0.0143
0.0143
0.0143
0.0143
0.0143
0.0143
0.0143
0.0143
0.0143
0.0143
0.0143
0.0143
0.0143
0.0143
0.0143
0.0148
0.0143
0.0145
0.0143
0.0145
0.0143
0.0145
0.0143
0.0143
0.0143
0.0143
0.0143
0.0143
0.0143
0.0143
0.0143
0.0143
0.0143
0.0143
0.0143
0.0143
0.0143
0.0143
0.0143
0.0143
0.0143
0.0143
0.0148
0.0143
0.0143
0.0143
0.0143
0.0143
0.0143
0.0143
0.0143
0.0143
0.0143
0.0143
0.0143
0.0143
0.0143
0.0143
0.0143
0.0143
0.0143
0.0143
0.0143
0.0143
0.0143
0.0143
0.0143
0.0143
0.0143
0.0143
0.0145
0.0143
0.0143
0.0143
0.0143
0.0143
0.0148
0.0145
0.0143
0.0143
0.0143
0.0143
0.0143
0.0143
0.0143
0.0143
0.0143
0.0143
0.0143
