light level
0.0503
0.0503
0.0503
0.0503
0.0503
0.0503
0.0503
0.0503
0.0503
0.0503
0.0503
0.0503
0.0503
0.0506
0.0506
0.0506
0.0506
0.0503
0.0501
0.0508
0.0503
0.0503
0.0508
0.0503
0.0503
0.0506
0.0506
0.0508
0.0511
0.0511
0.0508
0.0508
0.0506
0.0503
0.0506
0.0508
0.0508
0.0508
0.0508
0.0508
0.0508
0.0506
0.0506
0.0506
0.0508
0.0511
0.0511
0.0511
0.0514
0.0516
0.0514
0.0508
0.0508
0.0506
0.0506
0.0506
0.0508
0.0508
0.0508
0.0511
0.0511
0.0508
0.0508
0.0506
0.0503
0.0506
0.0508
0.0508
0.0508
0.0508
0.0508
0.0511
0.0514
0.0511
0.0508
0.0503
0.0506
0.0501
0.0501
0.0508
0.0506
0.0508
0.0511
0.0511
0.0514
0.0508
0.0508
0.0508
0.0511
0.0506
0.0506
0.0506
0.0506
0.0506
0.0503
0.0503
0.0501
0.0498
0.0498
0.0501
0.0501
0.0503
0.0508
0.0511
0.0514
0.0516
0.0519
0.0521
0.0514
0.0514
0.0514
0.0516
0.0516
0.0516
0.0519
0.0519
0.0521
0.0519
0.0519
0.0519
0.0516
0.0516
0.0519
0.0519
0.0519
0.0516
0.0516
0.0516
0.0519
0.0519
0.0516
0.0516
0.0514
0.0516
0.0516
0.0519
0.0521
0.0524
0.0524
0.0524
0.0524
0.0521
0.0519
0.0519
0.0519
0.0521
0.0519
0.0519
0.0516
0.0516
0.0516
0.0516
0.0516
0.0516
0.0514
0.0514
0.0514
0.0514
0.0516
0.0519
0.0516
0.0516
0.0514
0.0511
0.0508
0.0511
0.0508
0.0508
0.0506
0.0506
0.0506
0.0508
0.0508
0.0511
0.0506
0.0506
0.0503
0.0506
0.0503
0.0503
0.0506
0.0506
0.0508
0.0506
0.0508
0.0508
0.0506
0.0508
0.0508
0.0506
0.0508
0.0503
0.0503
0.0503
0.0508
0.0503
0.0501
0.0501
0.0501
0.0501
0.0503
