time,
1283445000,
1283445001,
1283445002,
1283445003,
1283445004,
1283445005,
1283445006,
1283445007,
1283445008,
1283445009,
1283445010,
1283445011,
1283445012,
1283445013,
1283445014,
1283445015,
1283445016,
1283445017,
1283445018,
1283445019,
1283445020,
1283445021,
1283445022,
1283445023,
1283445024,
1283445025,
1283445026,
1283445027,
1283445028,
1283445029,
1283445030,
1283445031,
1283445032,
1283445033,
1283445034,
1283445035,
1283445036,
1283445037,
1283445038,
1283445039,
1283445040,
1283445041,
1283445042,
1283445043,
1283445044,
1283445045,
1283445046,
1283445047,
1283445048,
1283445049,
1283445050,
1283445051,
1283445052,
1283445053,
1283445054,
1283445055,
1283445056,
1283445057,
1283445058,
1283445059,
1283445060,
1283445061,
1283445062,
1283445063,
1283445064,
1283445065,
1283445066,
1283445067,
1283445068,
1283445069,
1283445070,
1283445071,
1283445072,
1283445073,
1283445074,
1283445075,
1283445076,
1283445077,
1283445078,
