time,
1283407200,
1283407201,
1283407202,
1283407203,
1283407204,
1283407205,
1283407206,
1283407207,
1283407208,
1283407209,
1283407210,
1283407211,
1283407212,
1283407213,
1283407214,
1283407215,
1283407216,
1283407217,
1283407218,
1283407219,
1283407220,
1283407221,
1283407222,
1283407223,
1283407224,
1283407225,
1283407226,
1283407227,
1283407228,
1283407229,
1283407230,
1283407231,
1283407232,
1283407233,
1283407234,
1283407235,
1283407236,
1283407237,
1283407238,
1283407239,
1283407240,
1283407241,
1283407242,
1283407243,
1283407244,
1283407245,
1283407246,
1283407247,
1283407248,
1283407249,
1283407250,
1283407251,
1283407252,
1283407253,
1283407254,
1283407255,
1283407256,
1283407257,
1283407258,
1283407259,
1283407260,
1283407261,
1283407262,
1283407263,
1283407264,
1283407265,
1283407266,
1283407267,
1283407268,
1283407269,
1283407270,
1283407271,
1283407272,
1283407273,
1283407274,
1283407275,
1283407276,
1283407277,
1283407278,
