time,latitude,longitude,acceleration,light,temperature,sound,altitude,pedometer
03/25/2010 09:20:32,,,1.05,736.16,16.38,15, ,0
03/25/2010 09:20:33,,,1.05,730.85,16.38,13, ,0
03/25/2010 09:20:34,,,1.05,716.08,16.38,16, ,0
03/25/2010 09:20:35,,,1.05,564.20,16.38,15, ,0
03/25/2010 09:20:36,,,1.02,287.27,16.38,10, ,0
03/25/2010 09:20:37,,,1.02,248.31,16.38,7, ,0
03/25/2010 09:20:38,,,1.02,263.25,16.38,20, ,0
03/25/2010 09:20:40,,,1.02,132.63,16.38,6, ,0
03/25/2010 09:20:41,,,0.98,72.36,16.38,10, ,0
03/25/2010 09:20:42,,,0.98,33.35,16.38,24, ,0
03/25/2010 09:20:43,,,0.98,2.10,16.38,10, ,0
03/25/2010 09:20:44,,,0.98,0.00,16.38,7, ,0
03/25/2010 09:20:45,,,0.98,0.00,16.38,20, ,0
03/25/2010 09:20:46,,,0.98,0.00,16.38,33, ,0
03/25/2010 09:20:47,,,0.98,0.00,16.38,8, ,0
03/25/2010 09:20:48,,,0.98,0.00,16.38,15, ,0
03/25/2010 09:20:49,,,0.98,0.00,16.38,8, ,0
03/25/2010 09:20:50,,,0.98,0.00,16.38,12, ,0
03/25/2010 09:20:51,,,0.98,0.00,16.38,10, ,0
03/25/2010 09:20:52,,,1.02,0.00,16.38,17, ,0
03/25/2010 09:20:54,,,0.98,0.00,16.38,30, ,0
03/25/2010 09:20:55,,,1.02,0.00,16.38,31, ,0
03/25/2010 09:20:56,,,1.02,0.00,16.38,16, ,0
03/25/2010 09:20:57,,,0.98,0.00,16.38,13, ,0
03/25/2010 09:20:58,,,0.98,0.00,16.38,7, ,0
03/25/2010 09:20:59,,,0.98,0.00,16.38,20, ,0
03/25/2010 09:21:00,,,0.98,0.00,16.38,16, ,0
03/25/2010 09:21:01,,,0.98,0.00,16.38,8, ,0
03/25/2010 09:21:02,,,0.98,0.00,16.38,9, ,0
03/25/2010 09:21:03,,,1.02,0.00,16.38,12, ,0
03/25/2010 09:21:04,,,0.98,0.00,16.38,8, ,0
03/25/2010 09:21:05,,,0.98,0.00,16.38,10, ,0
03/25/2010 09:21:07,,,1.02,0.00,16.38,8, ,0
03/25/2010 09:21:08,,,0.98,0.00,16.38,8, ,0
03/25/2010 09:21:09,,,0.98,0.00,16.38,26, ,0
03/25/2010 09:21:10,,,0.98,0.00,16.38,6, ,0
03/25/2010 09:21:11,,,0.94,0.00,16.38,3, ,1
03/25/2010 09:21:12,,,0.98,0.00,16.38,6, ,0
03/25/2010 09:21:13,,,1.13,0.00,16.38,12, ,1
03/25/2010 09:21:14,,,1.05,0.00,16.38,13, ,0
03/25/2010 09:21:15,,,0.86,0.00,16.38,20, ,1
03/25/2010 09:21:16,,,1.02,0.00,16.38,14, ,0
03/25/2010 09:21:17,,,0.98,0.00,16.38,20, ,0
03/25/2010 09:21:18,,,1.02,0.00,16.38,25, ,0
03/25/2010 09:21:19,,,0.98,0.00,16.38,22, ,0
03/25/2010 09:21:21,,,0.98,0.00,16.38,30, ,0
03/25/2010 09:21:22,,,0.98,0.00,16.38,37, ,0
03/25/2010 09:21:23,,,0.98,0.00,16.38,26, ,0
03/25/2010 09:21:24,,,0.98,0.00,16.38,17, ,0
03/25/2010 09:21:25,,,0.98,0.00,16.38,21, ,0
03/25/2010 09:21:26,,,0.98,0.00,16.38,16, ,0
03/25/2010 09:21:27,,,0.98,0.00,16.38,14, ,0
03/25/2010 09:21:28,,,0.98,0.00,16.38,15, ,0
03/25/2010 09:21:29,,,0.98,0.00,16.38,16, ,0
03/25/2010 09:21:30,,,1.02,0.00,16.38,10, ,0
03/25/2010 09:21:31,,,0.98,0.00,16.38,9, ,0
03/25/2010 09:21:32,,,1.02,0.00,16.38,9, ,0
03/25/2010 09:21:33,,,1.02,0.00,16.38,5, ,0
03/25/2010 09:21:35,,,1.02,0.00,16.70,6, ,0
03/25/2010 09:21:36,,,0.98,0.00,16.38,7, ,0
03/25/2010 09:21:37,,,0.98,0.00,16.38,8, ,0
03/25/2010 09:21:38,,,0.98,0.00,16.38,8, ,0
03/25/2010 09:21:39,,,1.02,0.00,16.38,11, ,0
03/25/2010 09:21:40,,,1.02,0.00,16.38,8, ,0
03/25/2010 09:21:41,,,0.98,0.00,16.38,6, ,0
03/25/2010 09:21:42,,,1.02,0.00,16.38,8, ,0
03/25/2010 09:21:43,,,1.02,0.00,16.38,7, ,0
03/25/2010 09:21:44,,,0.98,0.00,16.38,5, ,0
03/25/2010 09:21:45,,,0.98,0.00,16.38,13, ,0
03/25/2010 09:21:46,,,1.02,0.00,16.38,19, ,0
03/25/2010 09:21:48,,,0.98,0.00,16.38,13, ,0
03/25/2010 09:21:49,,,0.98,0.00,16.38,19, ,0
03/25/2010 09:21:50,,,1.02,0.00,16.38,10, ,0
03/25/2010 09:21:51,,,1.02,0.00,16.38,19, ,0
03/25/2010 09:21:52,,,0.98,0.00,16.38,17, ,0
03/25/2010 09:21:53,,,1.02,0.00,16.38,18, ,0
03/25/2010 09:21:54,,,1.02,0.00,16.38,13, ,0
03/25/2010 09:21:55,,,1.02,0.00,16.38,24, ,0
03/25/2010 09:21:56,,,1.02,0.00,16.38,29, ,0
03/25/2010 09:21:57,,,0.98,0.00,16.38,25, ,0
03/25/2010 09:21:58,,,0.98,0.00,16.38,31, ,0
03/25/2010 09:21:59,,,1.02,0.00,16.38,18, ,0
03/25/2010 09:22:00,,,0.98,0.00,16.38,15, ,0
03/25/2010 09:22:02,,,0.98,0.00,16.38,15, ,0
03/25/2010 09:22:03,,,1.02,0.00,16.38,10, ,0
03/25/2010 09:22:04,,,0.98,0.00,16.38,15, ,0
03/25/2010 09:22:05,,,0.98,0.00,16.38,9, ,0
03/25/2010 09:22:06,,,1.02,0.00,16.38,8, ,0
03/25/2010 09:22:07,,,0.98,0.00,16.38,18, ,0
03/25/2010 09:22:08,,,0.98,0.00,16.38,38, ,0
03/25/2010 09:22:09,,,0.98,0.00,16.70,30, ,0
03/25/2010 09:22:10,,,0.98,0.00,16.38,37, ,0
03/25/2010 09:22:11,,,1.02,0.00,16.38,40, ,0
03/25/2010 09:22:12,,,0.98,0.00,16.38,41, ,0
03/25/2010 09:22:13,,,0.98,0.00,16.38,44, ,0
03/25/2010 09:22:14,,,1.02,0.00,16.38,36, ,0
03/25/2010 09:22:16,,,0.98,0.00,16.38,41, ,0
03/25/2010 09:22:17,,,0.98,0.00,16.38,33, ,0
03/25/2010 09:22:18,,,0.98,0.00,16.38,40, ,0
03/25/2010 09:22:19,,,1.02,0.00,16.38,33, ,0
03/25/2010 09:22:20,,,1.02,0.00,16.38,43, ,0
03/25/2010 09:22:21,,,0.98,0.00,16.38,34, ,0
03/25/2010 09:22:22,,,0.98,0.00,16.38,42, ,0
03/25/2010 09:22:23,,,0.98,0.00,16.70,38, ,0
03/25/2010 09:22:24,,,1.02,0.00,16.70,40, ,0
03/25/2010 09:22:25,,,0.98,0.00,16.38,30, ,0
03/25/2010 09:22:26,,,0.98,0.00,16.70,31, ,0
03/25/2010 09:22:27,,,1.02,0.00,16.70,40, ,0
03/25/2010 09:22:28,,,0.98,0.00,16.38,14, ,0
03/25/2010 09:22:30,,,0.98,0.00,16.70,22, ,0
03/25/2010 09:22:31,,,0.98,0.00,16.70,19, ,0
03/25/2010 09:22:32,,,0.98,0.00,16.38,27, ,0
03/25/2010 09:22:33,,,0.98,0.00,16.70,14, ,0
03/25/2010 09:22:34,,,1.02,0.00,16.70,19, ,0
03/25/2010 09:22:35,,,0.98,0.00,16.70,11, ,0
03/25/2010 09:22:36,,,0.98,0.00,16.38,5, ,0
03/25/2010 09:22:37,,,1.02,0.00,16.70,4, ,0
03/25/2010 09:22:38,,,0.98,0.00,16.70,2, ,0
03/25/2010 09:22:39,,,0.98,0.00,16.70,5, ,0
03/25/2010 09:22:40,,,0.98,0.00,16.70,4, ,0
03/25/2010 09:22:41,,,0.98,0.00,16.38,4, ,0
03/25/2010 09:22:43,,,0.98,0.00,16.70,7, ,0
03/25/2010 09:22:44,,,0.98,0.00,16.38,5, ,0
03/25/2010 09:22:45,,,0.98,0.00,16.38,3, ,0
03/25/2010 09:22:46,,,1.02,0.00,16.70,3, ,0
03/25/2010 09:22:47,,,1.02,0.00,16.70,5, ,0
03/25/2010 09:22:48,,,1.02,0.00,16.70,3, ,0
03/25/2010 09:22:49,,,0.98,0.00,16.38,4, ,0
03/25/2010 09:22:50,,,0.98,0.00,16.70,6, ,0
03/25/2010 09:22:51,,,0.98,0.00,16.70,7, ,0
03/25/2010 09:22:52,,,1.09,0.00,16.38,13, ,1
03/25/2010 09:22:53,,,0.94,0.00,16.38,8, ,0
03/25/2010 09:22:54,,,0.94,0.00,16.70,7, ,2
03/25/2010 09:22:55,,,0.82,0.00,16.38,9, ,1
03/25/2010 09:22:57,,,0.90,0.00,16.70,8, ,2
03/25/2010 09:22:58,,,1.02,0.00,16.70,10, ,1
03/25/2010 09:22:59,,,0.98,0.00,16.70,9, ,2
03/25/2010 09:23:00,,,1.13,0.00,16.70,9, ,2
03/25/2010 09:23:01,,,1.13,0.00,16.70,14, ,2
03/25/2010 09:23:02,,,1.13,0.00,16.70,14, ,3
03/25/2010 09:23:03,,,1.17,0.00,16.70,21, ,2
03/25/2010 09:23:04,,,0.94,0.00,16.70,25, ,2
03/25/2010 09:23:05,,,0.94,0.00,16.70,35, ,2
03/25/2010 09:23:06,,,1.13,0.00,16.38,19, ,2
03/25/2010 09:23:07,,,1.17,0.00,16.70,26, ,2
03/25/2010 09:23:08,,,1.09,0.00,16.70,22, ,1
03/25/2010 09:23:09,,,1.09,0.00,16.70,18, ,1
03/25/2010 09:23:11,,,0.86,0.00,16.70,16, ,1
03/25/2010 09:23:12,,,0.94,0.00,16.70,16, ,1
03/25/2010 09:23:13,,,0.94,0.00,16.70,20, ,1
03/25/2010 09:23:14,,,0.98,0.00,16.70,31, ,0
03/25/2010 09:23:15,,,1.05,0.00,16.70,23, ,1
03/25/2010 09:23:16,,,0.98,0.00,16.38,14, ,0
03/25/2010 09:23:17,,,0.94,0.00,16.38,17, ,0
03/25/2010 09:23:18,,,0.94,0.00,16.70,21, ,0
03/25/2010 09:23:19,,,0.98,0.00,16.70,20, ,0
03/25/2010 09:23:20,,,0.94,0.00,16.38,18, ,0
03/25/2010 09:23:21,,,0.98,0.00,16.70,20, ,0
03/25/2010 09:23:22,,,1.02,0.00,16.70,23, ,0
03/25/2010 09:23:23,,,0.98,0.00,16.70,17, ,0
03/25/2010 09:23:25,,,1.02,0.00,16.70,18, ,0
03/25/2010 09:23:26,,,0.98,0.00,16.70,26, ,0
03/25/2010 09:23:27,,,0.94,0.00,16.70,25, ,0
03/25/2010 09:23:28,,,0.98,0.00,16.70,23, ,0
03/25/2010 09:23:29,,,0.94,0.00,16.70,18, ,0
03/25/2010 09:23:30,,,0.94,0.00,16.70,18, ,0
03/25/2010 09:23:31,,,0.94,0.00,16.70,25, ,0
03/25/2010 09:23:32,,,0.94,0.00,16.38,17, ,0
03/25/2010 09:23:33,,,0.98,0.00,16.70,18, ,0
03/25/2010 09:23:34,,,0.98,0.00,16.70,25, ,0
03/25/2010 09:23:35,,,0.94,0.00,16.70,29, ,0
03/25/2010 09:23:36,,,0.94,0.00,16.70,23, ,0
03/25/2010 09:23:37,,,0.94,0.00,16.70,19, ,0
03/25/2010 09:23:39,,,0.94,0.00,16.70,35, ,0
03/25/2010 09:23:40,,,0.94,0.00,16.70,23, ,1
03/25/2010 09:23:41,,,0.94,0.00,16.70,32, ,1
03/25/2010 09:23:42,,,0.98,0.00,16.70,22, ,1
03/25/2010 09:23:43,,,0.94,0.00,16.70,41, ,0
03/25/2010 09:23:44,,,0.98,0.00,16.38,32, ,1
03/25/2010 09:23:45,,,1.02,0.00,16.70,36, ,0
03/25/2010 09:23:46,,,0.94,0.00,16.70,39, ,1
03/25/2010 09:23:47,,,1.09,0.00,16.70,45, ,1
03/25/2010 09:23:48,,,0.98,0.00,16.70,33, ,1
03/25/2010 09:23:49,,,0.90,0.00,16.70,33, ,1
03/25/2010 09:23:50,,,1.02,0.00,16.70,32, ,1
03/25/2010 09:23:52,,,0.98,0.00,16.70,25, ,0
03/25/2010 09:23:53,,,0.98,0.00,16.70,27, ,0
03/25/2010 09:23:54,,,0.98,0.00,16.70,44, ,0
03/25/2010 09:23:55,,,0.98,0.00,16.70,36, ,0
03/25/2010 09:23:56,,,0.98,0.00,16.70,38, ,0
03/25/2010 09:23:57,,,0.98,0.00,16.38,39, ,0
03/25/2010 09:23:58,,,0.98,0.00,16.70,39, ,0
03/25/2010 09:23:59,,,0.98,0.00,16.70,26, ,0
03/25/2010 09:24:00,,,0.98,0.00,16.70,29, ,0
03/25/2010 09:24:01,,,0.98,0.00,16.70,41, ,0
03/25/2010 09:24:02,,,0.98,0.00,16.70,45, ,0
03/25/2010 09:24:03,,,0.98,0.00,16.70,42, ,0
03/25/2010 09:24:04,,,0.98,0.00,16.70,39, ,0
03/25/2010 09:24:06,,,0.98,0.00,16.70,37, ,0
03/25/2010 09:24:07,,,0.98,0.00,16.70,38, ,0
03/25/2010 09:24:08,,,0.98,0.00,16.70,32, ,0
03/25/2010 09:24:09,,,0.98,0.00,16.70,36, ,0
03/25/2010 09:24:10,,,0.98,0.00,16.70,40, ,0
03/25/2010 09:24:11,,,0.98,0.00,16.70,38, ,0
03/25/2010 09:24:12,,,0.98,0.00,16.70,27, ,0
03/25/2010 09:24:13,,,0.98,0.00,16.70,25, ,0
03/25/2010 09:24:14,,,0.98,0.00,16.70,42, ,0
03/25/2010 09:24:15,,,0.98,0.00,16.70,42, ,0
03/25/2010 09:24:16,,,0.98,0.00,16.70,40, ,0
03/25/2010 09:24:17,,,0.98,0.00,16.70,41, ,0
03/25/2010 09:24:18,,,0.98,0.00,16.70,41, ,0
03/25/2010 09:24:19,,,0.98,0.00,16.70,36, ,0
03/25/2010 09:24:21,,,0.98,0.00,16.70,38, ,0
03/25/2010 09:24:22,,,0.98,0.00,16.70,41, ,0
03/25/2010 09:24:23,,,0.98,0.00,16.70,43, ,0
03/25/2010 09:24:24,,,0.98,0.00,16.70,36, ,0
03/25/2010 09:24:25,,,0.98,0.00,16.70,34, ,0
03/25/2010 09:24:26,,,0.98,0.00,16.70,36, ,0
03/25/2010 09:24:27,,,0.98,0.00,16.70,35, ,0
03/25/2010 09:24:28,,,0.98,0.00,16.70,28, ,0
03/25/2010 09:24:29,,,0.98,0.00,16.70,30, ,0
03/25/2010 09:24:30,,,0.98,0.00,16.70,13, ,0
03/25/2010 09:24:31,,,0.98,0.00,16.70,12, ,0
03/25/2010 09:24:32,,,0.98,0.00,16.70,13, ,0
03/25/2010 09:24:33,,,0.98,0.00,16.70,9, ,0
03/25/2010 09:24:35,,,0.98,0.00,16.70,14, ,0
03/25/2010 09:24:36,,,0.98,0.00,16.70,8, ,0
03/25/2010 09:24:37,,,0.98,0.00,16.70,6, ,0
03/25/2010 09:24:38,,,0.98,0.00,16.70,6, ,0
03/25/2010 09:24:39,,,0.98,0.00,16.70,12, ,0
03/25/2010 09:24:40,,,0.98,0.00,16.70,8, ,0
03/25/2010 09:24:41,,,0.98,0.00,16.70,9, ,0
03/25/2010 09:24:42,,,0.98,0.00,16.70,8, ,0
03/25/2010 09:24:43,,,0.98,0.00,16.70,11, ,0
03/25/2010 09:24:44,,,0.98,0.00,16.70,5, ,0
03/25/2010 09:24:45,,,1.02,0.00,16.70,3, ,0
03/25/2010 09:24:46,,,0.98,0.00,16.70,5, ,0
03/25/2010 09:24:47,,,0.98,0.00,16.70,4, ,0
03/25/2010 09:24:49,,,0.98,0.00,16.70,4, ,0
03/25/2010 09:24:50,,,0.98,0.00,16.70,4, ,0
03/25/2010 09:24:51,,,0.98,0.00,16.70,10, ,0
03/25/2010 09:24:52,,,0.98,0.00,16.70,6, ,0
03/25/2010 09:24:53,,,0.98,0.00,16.70,8, ,0
03/25/2010 09:24:54,,,0.98,0.00,16.70,13, ,0
03/25/2010 09:24:55,,,0.98,0.00,16.70,12, ,0
03/25/2010 09:24:56,,,0.98,0.00,16.70,12, ,0
03/25/2010 09:24:57,,,0.98,0.00,16.70,15, ,0
03/25/2010 09:24:58,,,0.98,0.00,16.70,9, ,0
03/25/2010 09:24:59,,,0.98,0.00,16.70,12, ,0
03/25/2010 09:25:00,,,0.98,0.00,16.70,10, ,0
03/25/2010 09:25:01,,,0.98,0.00,16.70,4, ,0
03/25/2010 09:25:03,,,0.98,0.00,16.70,8, ,0
03/25/2010 09:25:04,,,0.98,0.00,16.70,11, ,0
03/25/2010 09:25:05,,,0.98,0.00,16.70,11, ,0
03/25/2010 09:25:06,,,0.98,0.00,16.70,16, ,0
03/25/2010 09:25:07,,,0.98,0.00,16.70,17, ,0
03/25/2010 09:25:08,,,0.98,0.00,16.70,9, ,0
03/25/2010 09:25:09,,,0.98,0.00,16.70,13, ,0
03/25/2010 09:25:10,,,0.98,0.00,16.70,13, ,0
03/25/2010 09:25:11,,,0.98,0.00,16.70,8, ,0
03/25/2010 09:25:12,,,0.98,0.00,16.70,7, ,0
03/25/2010 09:25:13,,,0.98,0.00,16.70,2, ,0
03/25/2010 09:25:14,,,0.98,0.00,16.70,5, ,0
03/25/2010 09:25:15,,,0.98,0.00,16.70,8, ,0
03/25/2010 09:25:17,,,0.98,0.00,16.70,8, ,0
03/25/2010 09:25:18,,,0.98,0.00,16.70,4, ,0
03/25/2010 09:25:19,,,0.98,0.00,16.70,6, ,0
03/25/2010 09:25:20,,,0.98,0.00,16.70,14, ,0
03/25/2010 09:25:21,,,0.98,0.00,16.70,7, ,0
03/25/2010 09:25:22,,,0.98,0.00,16.70,5, ,0
03/25/2010 09:25:23,,,0.98,0.00,16.70,4, ,0
03/25/2010 09:25:24,,,0.98,0.00,16.70,5, ,0
03/25/2010 09:25:25,,,0.98,0.00,16.70,3, ,0
03/25/2010 09:25:26,,,0.98,0.00,16.70,4, ,0
03/25/2010 09:25:27,,,0.98,0.00,16.70,4, ,0
03/25/2010 09:25:28,,,0.98,0.00,16.70,5, ,0
03/25/2010 09:25:29,,,0.98,0.00,16.70,6, ,0
03/25/2010 09:25:31,,,0.98,0.00,16.70,7, ,0
03/25/2010 09:25:32,,,1.02,0.00,16.70,4, ,0
03/25/2010 09:25:33,,,0.98,0.00,16.70,9, ,0
03/25/2010 09:25:34,,,0.98,0.00,16.70,7, ,0
03/25/2010 09:25:35,,,0.98,0.00,16.70,6, ,0
03/25/2010 09:25:36,,,0.98,0.00,16.70,9, ,0
03/25/2010 09:25:37,,,0.98,0.00,16.70,10, ,0
03/25/2010 09:25:38,,,0.98,0.00,16.70,5, ,0
03/25/2010 09:25:39,,,0.98,0.00,16.70,4, ,0
03/25/2010 09:25:40,,,0.98,0.00,16.70,9, ,0
03/25/2010 09:25:41,,,0.98,0.00,16.70,9, ,0
03/25/2010 09:25:42,,,0.98,0.00,16.70,17, ,0
03/25/2010 09:25:43,,,0.98,0.00,16.70,7, ,0
03/25/2010 09:25:44,,,0.98,0.00,16.70,7, ,0
03/25/2010 09:25:46,,,0.98,0.00,16.70,10, ,0
03/25/2010 09:25:47,,,0.98,0.00,16.70,13, ,0
03/25/2010 09:25:48,,,0.98,0.00,16.70,21, ,0
03/25/2010 09:25:49,,,0.98,0.00,16.70,14, ,0
03/25/2010 09:25:50,,,0.98,0.00,16.70,12, ,0
03/25/2010 09:25:51,,,0.98,0.00,16.70,11, ,0
03/25/2010 09:25:52,,,0.98,0.00,16.70,6, ,0
03/25/2010 09:25:53,,,0.98,0.00,16.70,9, ,0
03/25/2010 09:25:54,,,0.98,0.00,16.70,9, ,0
03/25/2010 09:25:55,,,0.98,0.00,16.70,12, ,0
03/25/2010 09:25:56,,,0.98,0.00,16.70,13, ,0
03/25/2010 09:25:57,,,0.98,0.00,16.70,14, ,0
03/25/2010 09:25:58,,,0.98,0.00,16.70,22, ,0
03/25/2010 09:26:00,,,0.98,0.00,16.70,28, ,0
03/25/2010 09:26:01,,,0.98,0.00,16.70,26, ,0
03/25/2010 09:26:02,,,0.98,0.00,16.70,32, ,0
03/25/2010 09:26:03,,,1.02,0.00,16.70,24, ,0
03/25/2010 09:26:04,,,0.98,0.00,16.70,25, ,0
03/25/2010 09:26:05,,,0.98,0.00,16.70,24, ,0
03/25/2010 09:26:06,,,0.98,0.00,16.70,15, ,0
03/25/2010 09:26:07,,,0.98,0.00,16.70,14, ,0
03/25/2010 09:26:08,,,0.98,0.00,16.70,11, ,0
03/25/2010 09:26:09,,,0.98,0.00,16.70,11, ,0
03/25/2010 09:26:10,,,0.98,0.00,16.70,11, ,0
03/25/2010 09:26:11,,,0.98,0.00,16.70,6, ,0
03/25/2010 09:26:13,,,0.98,0.00,16.70,11, ,0
03/25/2010 09:26:14,,,0.98,0.00,16.70,6, ,0
03/25/2010 09:26:15,,,0.98,0.00,16.70,9, ,0
03/25/2010 09:26:16,,,0.98,0.00,16.70,7, ,0
03/25/2010 09:26:17,,,0.98,0.00,16.70,8, ,0
03/25/2010 09:26:18,,,0.98,0.00,16.70,12, ,0
03/25/2010 09:26:19,,,0.98,0.00,16.70,6, ,0
03/25/2010 09:26:20,,,0.98,0.00,16.70,9, ,0
03/25/2010 09:26:21,,,0.98,0.00,16.70,7, ,0
03/25/2010 09:26:22,,,0.98,0.00,16.70,9, ,0
03/25/2010 09:26:23,,,0.98,0.00,16.70,16, ,0
03/25/2010 09:26:24,,,0.98,0.00,16.70,13, ,0
03/25/2010 09:26:25,,,0.98,0.00,16.70,17, ,0
03/25/2010 09:26:26,,,0.98,0.00,16.70,32, ,0
03/25/2010 09:26:28,,,0.98,0.00,16.70,33, ,0
03/25/2010 09:26:29,,,0.98,0.00,16.70,32, ,0
03/25/2010 09:26:30,,,0.98,0.00,16.70,37, ,0
03/25/2010 09:26:31,,,0.98,0.00,16.70,37, ,0
03/25/2010 09:26:32,,,0.98,0.00,16.70,40, ,0
03/25/2010 09:26:33,,,0.98,0.00,16.70,32, ,0
03/25/2010 09:26:34,,,0.98,0.00,16.70,36, ,0
03/25/2010 09:26:35,,,0.98,0.00,16.70,33, ,0
03/25/2010 09:26:36,,,0.98,0.00,16.70,16, ,0
03/25/2010 09:26:37,,,0.98,0.00,16.70,30, ,0
03/25/2010 09:26:38,,,1.02,0.00,16.70,11, ,0
03/25/2010 09:26:39,,,0.98,0.00,16.70,10, ,0
03/25/2010 09:26:40,,,0.98,0.00,16.70,14, ,0
03/25/2010 09:26:42,,,0.98,0.00,16.70,19, ,0
03/25/2010 09:26:43,,,0.98,0.00,16.70,18, ,0
03/25/2010 09:26:44,,,0.98,0.00,16.70,23, ,0
03/25/2010 09:26:45,,,1.02,0.00,16.70,11, ,0
03/25/2010 09:26:46,,,0.98,0.00,16.70,13, ,0
03/25/2010 09:26:47,,,0.98,0.00,16.70,8, ,0
03/25/2010 09:26:48,,,0.98,0.00,16.70,10, ,0
03/25/2010 09:26:49,,,0.98,0.00,16.70,7, ,0
03/25/2010 09:26:50,,,0.98,0.00,16.70,9, ,0
03/25/2010 09:26:51,,,0.98,0.00,16.70,9, ,0
03/25/2010 09:26:52,,,0.98,0.00,16.70,8, ,0
03/25/2010 09:26:53,,,0.98,0.00,16.70,9, ,0
03/25/2010 09:26:54,,,0.98,0.00,16.70,8, ,0
03/25/2010 09:26:56,,,0.98,0.00,16.70,8, ,0
03/25/2010 09:26:57,,,0.98,0.00,16.70,9, ,0
03/25/2010 09:26:58,,,0.98,0.00,16.70,13, ,0
03/25/2010 09:26:59,,,0.98,0.00,16.70,8, ,0
03/25/2010 09:27:00,,,0.98,0.00,16.70,9, ,0
03/25/2010 09:27:01,,,0.98,0.00,16.70,13, ,0
03/25/2010 09:27:02,,,0.98,0.00,16.70,8, ,0
03/25/2010 09:27:03,,,0.98,0.00,16.70,5, ,0
03/25/2010 09:27:04,,,0.98,0.00,16.70,12, ,0
03/25/2010 09:27:05,,,0.98,0.00,16.70,11, ,0
03/25/2010 09:27:06,,,0.98,0.00,16.70,16, ,0
03/25/2010 09:27:07,,,0.98,0.00,16.70,10, ,0
03/25/2010 09:27:08,,,0.98,0.00,16.70,18, ,0
03/25/2010 09:27:10,,,0.98,0.00,16.70,15, ,0
03/25/2010 09:27:11,,,0.98,0.00,16.70,21, ,0
03/25/2010 09:27:12,,,0.98,0.00,16.70,26, ,0
03/25/2010 09:27:13,,,0.98,0.00,16.70,10, ,0
03/25/2010 09:27:14,,,0.98,0.00,16.70,16, ,0
03/25/2010 09:27:15,,,0.98,0.00,16.70,11, ,0
03/25/2010 09:27:16,,,0.98,0.00,16.70,5, ,0
03/25/2010 09:27:17,,,0.98,0.00,16.70,6, ,0
03/25/2010 09:27:18,,,0.98,0.00,16.70,5, ,0
03/25/2010 09:27:19,,,1.02,0.00,16.70,4, ,0
03/25/2010 09:27:20,,,0.98,0.00,16.70,6, ,0
03/25/2010 09:27:21,,,0.98,0.00,16.70,6, ,0
03/25/2010 09:27:22,,,0.98,0.00,16.70,7, ,0
03/25/2010 09:27:23,,,0.98,0.00,16.70,4, ,0
03/25/2010 09:27:25,,,0.98,0.00,16.70,3, ,0
03/25/2010 09:27:26,,,0.98,0.00,16.70,3, ,0
03/25/2010 09:27:27,,,0.98,0.00,16.70,5, ,0
03/25/2010 09:27:28,,,0.98,0.00,16.70,4, ,0
03/25/2010 09:27:29,,,1.09,0.00,16.70,21, ,0
03/25/2010 09:27:30,,,1.02,0.00,16.70,6, ,2
03/25/2010 09:27:31,,,0.94,0.00,16.70,7, ,0
03/25/2010 09:27:32,,,0.98,0.00,16.70,10, ,1
03/25/2010 09:27:33,,,0.98,0.00,16.70,17, ,1
03/25/2010 09:27:34,,,0.94,0.00,16.70,16, ,0
03/25/2010 09:27:35,,,1.05,0.00,16.70,17, ,0
03/25/2010 09:27:36,,,1.02,0.00,16.70,10, ,1
03/25/2010 09:27:37,,,1.09,0.00,16.70,16, ,1
03/25/2010 09:27:39,,,1.02,0.00,16.70,19, ,0
03/25/2010 09:27:40,,,1.02,0.00,16.70,21, ,2
03/25/2010 09:27:41,,,1.02,0.00,16.70,21, ,0
03/25/2010 09:27:42,,,1.05,0.00,16.70,27, ,1
03/25/2010 09:27:43,,,1.02,0.00,16.70,19, ,0
03/25/2010 09:27:44,,,1.02,0.00,16.70,32, ,1
03/25/2010 09:27:45,,,1.05,0.00,16.70,22, ,1
03/25/2010 09:27:46,,,0.94,0.00,16.70,22, ,0
03/25/2010 09:27:47,,,1.05,0.00,16.70,20, ,0
03/25/2010 09:27:48,,,0.98,0.00,16.70,24, ,0
03/25/2010 09:27:49,,,0.86,0.00,16.70,20, ,1
03/25/2010 09:27:50,,,0.94,0.00,16.70,29, ,2
03/25/2010 09:27:51,,,0.90,0.00,16.70,14, ,2
03/25/2010 09:27:53,,,0.98,0.00,16.70,13, ,2
03/25/2010 09:27:54,,,0.98,0.00,16.70,21, ,1
03/25/2010 09:27:55,,,0.94,0.00,16.70,20, ,0
03/25/2010 09:27:56,,,1.05,0.00,16.70,11, ,0
03/25/2010 09:27:57,,,1.02,0.00,16.70,16, ,1
03/25/2010 09:27:58,,,0.94,0.00,16.70,21, ,0
03/25/2010 09:27:59,,,0.94,0.00,16.70,16, ,0
03/25/2010 09:28:00,,,0.98,0.00,16.70,24, ,0
03/25/2010 09:28:01,,,0.98,0.00,16.70,20, ,1
03/25/2010 09:28:02,,,0.98,0.00,16.70,31, ,0
03/25/2010 09:28:03,,,1.09,0.00,16.70,25, ,1
03/25/2010 09:28:04,,,0.90,0.00,16.70,40, ,0
03/25/2010 09:28:05,,,1.02,0.00,16.70,44, ,1
03/25/2010 09:28:07,,,1.02,0.00,16.70,20, ,1
03/25/2010 09:28:08,,,0.98,0.00,16.70,32, ,0
03/25/2010 09:28:09,,,0.98,0.00,16.70,19, ,0
03/25/2010 09:28:10,,,1.02,0.00,16.70,9, ,0
03/25/2010 09:28:11,,,0.98,0.00,16.70,20, ,0
03/25/2010 09:28:12,,,0.98,0.00,16.70,11, ,0
03/25/2010 09:28:13,,,0.94,0.00,16.70,11, ,0
03/25/2010 09:28:14,,,0.98,0.00,16.70,26, ,0
03/25/2010 09:28:15,,,1.02,0.00,16.70,30, ,0
03/25/2010 09:28:16,,,0.98,0.00,16.70,14, ,0
03/25/2010 09:28:17,,,1.02,0.00,16.70,8, ,1
03/25/2010 09:28:18,,,0.98,0.00,16.70,4, ,0
03/25/2010 09:28:19,,,0.98,0.00,16.70,5, ,0
03/25/2010 09:28:21,,,0.98,0.00,16.70,6, ,0
03/25/2010 09:28:22,,,0.98,0.00,16.70,3, ,0
03/25/2010 09:28:23,,,0.98,0.00,16.70,6, ,0
03/25/2010 09:28:24,,,1.02,0.00,16.70,5, ,0
03/25/2010 09:28:25,,,0.98,0.00,16.70,11, ,0
03/25/2010 09:28:26,,,0.98,0.00,16.70,8, ,0
03/25/2010 09:28:27,,,0.98,0.00,16.70,2, ,0
03/25/2010 09:28:28,,,0.98,0.00,16.70,4, ,0
03/25/2010 09:28:29,,,0.98,0.00,16.70,4, ,0
03/25/2010 09:28:30,,,0.98,0.00,16.70,10, ,0
03/25/2010 09:28:31,,,0.98,0.00,16.70,6, ,0
03/25/2010 09:28:32,,,0.98,0.00,16.70,8, ,0
03/25/2010 09:28:33,,,0.94,0.00,16.70,3, ,0
03/25/2010 09:28:35,,,0.94,0.00,16.70,5, ,0
03/25/2010 09:28:36,,,1.02,0.00,16.70,3, ,0
03/25/2010 09:28:37,,,0.98,0.00,16.70,8, ,0
03/25/2010 09:28:38,,,1.02,0.00,16.70,8, ,0
03/25/2010 09:28:39,,,0.98,0.00,16.70,6, ,0
03/25/2010 09:28:40,,,1.05,0.00,16.70,11, ,0
03/25/2010 09:28:41,,,0.98,0.00,16.70,8, ,0
03/25/2010 09:28:42,,,0.98,0.00,16.70,14, ,0
03/25/2010 09:28:43,,,0.98,0.00,16.70,8, ,0
03/25/2010 09:28:44,,,0.90,0.00,16.70,9, ,1
03/25/2010 09:28:45,,,0.98,0.00,16.70,6, ,0
03/25/2010 09:28:46,,,0.98,0.00,16.70,5, ,0
03/25/2010 09:28:47,,,0.98,0.00,16.70,7, ,1
03/25/2010 09:28:48,,,1.02,0.00,16.70,14, ,0
03/25/2010 09:28:50,,,0.94,0.00,16.70,6, ,0
03/25/2010 09:28:51,,,1.09,0.00,16.70,20, ,2
03/25/2010 09:28:52,,,1.13,0.00,16.70,18, ,1
03/25/2010 09:28:53,,,0.98,0.00,16.70,6, ,0
03/25/2010 09:28:54,,,1.02,0.00,16.70,8, ,0
03/25/2010 09:28:55,,,0.98,0.00,16.70,5, ,0
03/25/2010 09:28:56,,,0.98,0.00,16.70,9, ,0
03/25/2010 09:28:57,,,0.98,0.00,16.70,7, ,1
03/25/2010 09:28:58,,,0.98,0.00,16.70,8, ,0
03/25/2010 09:28:59,,,1.02,0.00,16.70,12, ,0
03/25/2010 09:29:00,,,0.90,0.00,16.70,13, ,0
03/25/2010 09:29:01,,,0.98,0.00,16.70,6, ,0
03/25/2010 09:29:02,,,1.09,0.00,16.70,7, ,0
03/25/2010 09:29:04,,,1.02,0.00,16.70,7, ,0
03/25/2010 09:29:05,,,1.05,0.00,16.70,22, ,0
03/25/2010 09:29:06,,,1.02,0.00,16.70,13, ,0
03/25/2010 09:29:07,,,1.02,0.00,16.70,6, ,0
03/25/2010 09:29:08,,,1.02,0.00,16.70,10, ,0
03/25/2010 09:29:09,,,1.05,0.00,16.70,6, ,0
03/25/2010 09:29:10,,,0.98,0.00,16.70,4, ,0
03/25/2010 09:29:11,,,0.98,0.00,16.70,6, ,0
03/25/2010 09:29:12,,,0.94,0.00,16.70,4, ,0
03/25/2010 09:29:13,,,1.02,0.00,16.70,2, ,0
03/25/2010 09:29:14,,,1.02,0.00,16.70,6, ,0
03/25/2010 09:29:15,,,0.98,0.00,16.70,3, ,0
03/25/2010 09:29:16,,,0.98,0.00,16.70,25, ,0
03/25/2010 09:29:18,,,1.02,0.00,16.70,4, ,0
03/25/2010 09:29:19,,,0.98,0.00,16.70,7, ,0
03/25/2010 09:29:20,,,0.98,0.00,16.70,5, ,0
03/25/2010 09:29:21,,,0.94,0.00,16.70,5, ,0
03/25/2010 09:29:22,,,1.02,0.00,16.70,5, ,0
03/25/2010 09:29:23,,,0.98,0.00,16.70,4, ,0
03/25/2010 09:29:24,,,0.98,0.00,16.70,8, ,0
03/25/2010 09:29:25,,,0.98,0.00,16.70,4, ,0
03/25/2010 09:29:26,,,0.98,0.00,16.70,4, ,0
03/25/2010 09:29:27,,,0.94,0.00,16.70,4, ,0
03/25/2010 09:29:28,,,0.98,0.00,16.70,7, ,0
03/25/2010 09:29:29,,,0.98,0.00,16.70,9, ,0
03/25/2010 09:29:30,,,0.98,0.00,16.70,5, ,0
03/25/2010 09:29:32,,,0.98,0.00,16.70,4, ,0
03/25/2010 09:29:33,,,1.02,0.00,16.70,8, ,1
03/25/2010 09:29:34,,,0.98,0.00,16.70,4, ,0
03/25/2010 09:29:35,,,0.90,0.00,16.70,8, ,0
03/25/2010 09:29:36,,,1.02,0.00,16.70,4, ,0
03/25/2010 09:29:37,,,0.98,0.00,16.70,5, ,0
03/25/2010 09:29:38,,,0.98,0.00,16.70,5, ,0
03/25/2010 09:29:39,,,0.98,0.00,16.70,2, ,0
03/25/2010 09:29:40,,,0.98,0.00,16.70,3, ,0
03/25/2010 09:29:41,,,0.98,0.00,16.70,6, ,0
03/25/2010 09:29:42,,,0.98,0.00,16.70,5, ,0
03/25/2010 09:29:43,,,0.98,0.00,16.70,10, ,0
03/25/2010 09:29:44,,,0.98,0.00,16.70,9, ,0
03/25/2010 09:29:46,,,1.02,0.00,16.70,5, ,0
03/25/2010 09:29:47,,,0.98,0.00,16.70,4, ,0
03/25/2010 09:29:48,,,0.98,0.00,16.70,3, ,0
03/25/2010 09:29:49,,,1.02,0.00,16.70,2, ,0
03/25/2010 09:29:50,,,1.09,0.00,16.70,5, ,0
03/25/2010 09:29:51,,,1.02,0.00,16.70,7, ,1
03/25/2010 09:29:52,,,0.98,0.00,16.70,5, ,0
03/25/2010 09:29:53,,,0.98,0.00,16.70,3, ,0
03/25/2010 09:29:54,,,0.98,0.00,16.70,4, ,0
03/25/2010 09:29:55,,,0.98,0.00,16.70,6, ,0
03/25/2010 09:29:56,,,0.98,0.00,16.70,3, ,0
03/25/2010 09:29:57,,,0.94,0.00,16.70,9, ,0
03/25/2010 09:29:58,,,0.98,0.00,16.70,7, ,0
03/25/2010 09:29:59,,,0.98,0.00,16.70,3, ,0
03/25/2010 09:30:01,,,0.98,0.00,16.70,5, ,0
03/25/2010 09:30:02,,,1.02,0.00,16.70,4, ,0
03/25/2010 09:30:03,,,0.98,0.00,16.70,7, ,0
03/25/2010 09:30:04,,,0.98,0.00,16.70,4, ,0
03/25/2010 09:30:05,,,1.02,0.00,16.70,6, ,0
03/25/2010 09:30:06,,,0.98,0.00,16.70,2, ,0
03/25/2010 09:30:07,,,0.98,0.00,16.70,3, ,0
03/25/2010 09:30:08,,,0.98,0.00,16.70,8, ,0
03/25/2010 09:30:09,,,1.02,0.00,16.70,4, ,0
03/25/2010 09:30:10,,,0.98,0.00,16.70,2, ,0
03/25/2010 09:30:11,,,0.98,0.00,16.70,4, ,0
03/25/2010 09:30:12,,,0.98,0.00,16.70,4, ,0
03/25/2010 09:30:13,,,1.02,0.00,16.70,6, ,0
03/25/2010 09:30:15,,,0.98,0.00,16.70,4, ,0
03/25/2010 09:30:16,,,0.98,0.00,16.70,3, ,0
03/25/2010 09:30:17,,,0.98,0.00,16.70,6, ,0
03/25/2010 09:30:18,,,0.98,0.00,16.70,4, ,0
03/25/2010 09:30:19,,,0.98,0.00,16.70,6, ,0
03/25/2010 09:30:20,,,0.94,0.00,16.70,2, ,0
03/25/2010 09:30:21,,,0.98,0.00,16.70,3, ,0
03/25/2010 09:30:22,,,0.98,0.00,16.70,4, ,0
03/25/2010 09:30:23,,,0.98,0.00,16.70,5, ,0
03/25/2010 09:30:24,,,0.98,0.00,16.70,4, ,0
03/25/2010 09:30:25,,,1.02,0.00,16.70,5, ,0
03/25/2010 09:30:26,,,0.98,0.00,16.70,7, ,0
03/25/2010 09:30:27,,,1.02,0.00,16.70,4, ,0
03/25/2010 09:30:29,,,0.98,0.00,16.70,8, ,0
03/25/2010 09:30:30,,,0.98,0.00,16.70,7, ,0
03/25/2010 09:30:31,,,0.98,0.00,16.70,5, ,0
03/25/2010 09:30:32,,,1.02,0.00,16.70,4, ,0
03/25/2010 09:30:33,,,0.98,0.00,16.70,4, ,0
03/25/2010 09:30:34,,,0.98,0.00,16.70,3, ,0
03/25/2010 09:30:35,,,0.98,0.00,16.70,3, ,0
03/25/2010 09:30:36,,,0.98,0.00,16.70,5, ,0
03/25/2010 09:30:37,,,1.02,0.00,16.70,3, ,0
03/25/2010 09:30:38,,,0.98,0.00,16.70,5, ,0
03/25/2010 09:30:39,,,0.98,0.00,16.70,5, ,0
03/25/2010 09:30:40,,,0.98,0.00,16.70,5, ,0
03/25/2010 09:30:41,,,1.02,0.00,16.70,27, ,0
03/25/2010 09:30:42,,,0.98,0.00,16.70,7, ,0
03/25/2010 09:30:44,,,0.98,0.00,16.70,8, ,0
03/25/2010 09:30:45,,,0.98,0.00,16.70,11, ,0
03/25/2010 09:30:46,,,1.02,0.00,16.70,4, ,0
03/25/2010 09:30:47,,,1.02,0.00,16.70,8, ,0
03/25/2010 09:30:48,,,0.98,0.00,16.70,20, ,0
03/25/2010 09:30:49,,,0.98,0.00,16.70,5, ,0
03/25/2010 09:30:50,,,1.02,0.00,16.70,7, ,0
03/25/2010 09:30:51,,,0.98,0.00,16.70,7, ,0
03/25/2010 09:30:52,,,0.98,0.00,16.70,13, ,0
03/25/2010 09:30:53,,,0.98,0.00,16.70,7, ,0
03/25/2010 09:30:54,,,0.98,0.00,16.70,19, ,0
03/25/2010 09:30:55,,,0.98,0.00,16.70,18, ,0
03/25/2010 09:30:56,,,1.02,0.00,16.70,9, ,0
03/25/2010 09:30:58,,,1.02,0.00,16.70,18, ,0
03/25/2010 09:30:59,,,1.02,0.00,16.70,13, ,0
03/25/2010 09:31:00,,,0.98,0.00,16.70,13, ,0
03/25/2010 09:31:01,,,0.98,0.00,16.70,14, ,0
03/25/2010 09:31:02,,,1.02,0.00,16.70,20, ,0
03/25/2010 09:31:03,,,0.98,0.00,16.70,11, ,0
03/25/2010 09:31:04,,,0.98,0.00,16.70,13, ,0
03/25/2010 09:31:05,,,0.98,0.00,16.70,19, ,0
03/25/2010 09:31:06,,,1.02,0.00,16.70,9, ,0
03/25/2010 09:31:07,,,0.98,0.00,16.70,14, ,0
03/25/2010 09:31:08,,,1.02,0.00,16.70,19, ,0
03/25/2010 09:31:09,,,0.98,0.00,16.70,32, ,0
03/25/2010 09:31:10,,,0.98,0.00,16.70,27, ,0
03/25/2010 09:31:12,,,0.98,0.00,16.70,41, ,0
03/25/2010 09:31:13,,,0.98,0.00,16.70,38, ,0
03/25/2010 09:31:14,,,0.98,0.00,16.70,34, ,0
03/25/2010 09:31:15,,,0.98,0.00,16.70,6, ,0
03/25/2010 09:31:16,,,0.98,0.00,16.70,23, ,0
03/25/2010 09:31:17,,,1.02,0.00,16.70,2, ,0
03/25/2010 09:31:18,,,0.98,0.00,16.70,4, ,0
03/25/2010 09:31:19,,,0.98,0.00,16.70,8, ,0
03/25/2010 09:31:20,,,1.02,0.00,16.70,8, ,0
03/25/2010 09:31:21,,,0.98,0.00,16.70,5, ,0
03/25/2010 09:31:22,,,1.02,0.00,16.70,6, ,0
03/25/2010 09:31:23,,,0.98,0.00,16.70,3, ,0
03/25/2010 09:31:24,,,0.98,0.00,16.70,3, ,0
03/25/2010 09:31:25,,,0.98,0.00,16.70,4, ,0
03/25/2010 09:31:27,,,0.98,0.00,16.70,4, ,0
03/25/2010 09:31:28,,,0.98,0.00,16.70,7, ,0
03/25/2010 09:31:29,,,0.98,0.00,16.70,5, ,0
03/25/2010 09:31:30,,,0.98,0.00,16.70,6, ,0
03/25/2010 09:31:31,,,0.94,0.00,16.70,7, ,0
03/25/2010 09:31:32,,,0.98,0.00,16.70,6, ,0
03/25/2010 09:31:33,,,0.94,0.00,16.70,2, ,0
03/25/2010 09:31:34,,,0.98,0.00,16.70,4, ,0
03/25/2010 09:31:35,,,1.02,0.00,16.70,3, ,0
03/25/2010 09:31:36,,,0.98,0.00,16.70,7, ,0
03/25/2010 09:31:37,,,0.98,0.00,16.70,4, ,0
03/25/2010 09:31:38,,,0.98,0.00,16.70,7, ,0
03/25/2010 09:31:39,,,0.98,0.00,16.70,5, ,0
03/25/2010 09:31:41,,,0.98,0.00,16.70,4, ,0
03/25/2010 09:31:42,,,0.98,0.00,16.70,2, ,0
03/25/2010 09:31:43,,,0.98,0.00,16.70,4, ,0
03/25/2010 09:31:44,,,1.02,0.00,16.70,5, ,0
03/25/2010 09:31:45,,,0.98,0.00,16.70,4, ,0
03/25/2010 09:31:46,,,0.98,0.00,16.70,6, ,0
03/25/2010 09:31:47,,,1.02,0.00,16.70,8, ,0
03/25/2010 09:31:48,,,1.02,0.00,16.70,6, ,0
03/25/2010 09:31:49,,,0.98,0.00,16.70,8, ,0
03/25/2010 09:31:50,,,1.02,0.00,16.70,9, ,0
03/25/2010 09:31:51,,,0.98,0.00,16.70,7, ,0
03/25/2010 09:31:52,,,1.02,0.00,16.70,4, ,0
03/25/2010 09:31:53,,,0.98,0.00,16.70,4, ,0
03/25/2010 09:31:55,,,0.94,0.00,16.70,4, ,0
03/25/2010 09:31:56,,,0.98,0.00,16.70,5, ,0
03/25/2010 09:31:57,,,0.98,0.00,16.70,9, ,0
03/25/2010 09:31:58,,,1.02,0.00,16.70,3, ,0
03/25/2010 09:31:59,,,0.98,0.00,16.70,4, ,0
03/25/2010 09:32:00,,,1.02,0.00,16.70,5, ,0
03/25/2010 09:32:01,,,1.02,0.00,16.70,3, ,0
03/25/2010 09:32:02,,,0.98,0.00,16.70,5, ,0
03/25/2010 09:32:03,,,1.05,0.00,16.70,4, ,0
03/25/2010 09:32:04,,,1.02,0.00,16.70,3, ,0
03/25/2010 09:32:05,,,1.02,0.00,16.70,3, ,0
03/25/2010 09:32:06,,,0.98,0.00,16.70,5, ,0
03/25/2010 09:32:07,,,1.02,0.00,16.70,2, ,0
03/25/2010 09:32:09,,,1.02,0.00,16.70,3, ,0
03/25/2010 09:32:10,,,0.98,0.00,16.70,7, ,0
03/25/2010 09:32:11,,,0.98,0.00,16.70,5, ,0
03/25/2010 09:32:12,,,0.98,0.00,16.70,7, ,0
03/25/2010 09:32:13,,,1.02,0.00,16.70,2, ,0
03/25/2010 09:32:14,,,0.90,0.00,16.70,7, ,0
03/25/2010 09:32:15,,,1.02,0.00,16.70,12, ,0
03/25/2010 09:32:16,,,0.94,0.00,16.70,4, ,0
03/25/2010 09:32:17,,,1.02,0.00,16.70,5, ,0
03/25/2010 09:32:18,,,0.98,0.00,16.70,5, ,0
03/25/2010 09:32:19,,,0.94,0.00,16.70,5, ,0
03/25/2010 09:32:20,,,0.94,0.00,16.70,3, ,0
03/25/2010 09:32:21,,,0.98,0.00,16.70,5, ,0
03/25/2010 09:32:23,,,0.98,0.00,16.70,12, ,0
03/25/2010 09:32:24,,,0.98,0.00,16.70,6, ,0
03/25/2010 09:32:25,,,0.98,0.00,16.70,4, ,0
03/25/2010 09:32:26,,,1.02,0.00,16.70,4, ,0
03/25/2010 09:32:27,,,0.98,0.00,16.70,3, ,0
03/25/2010 09:32:28,,,0.98,0.00,16.70,3, ,0
03/25/2010 09:32:29,,,1.02,0.00,16.70,7, ,0
03/25/2010 09:32:30,,,0.98,0.00,16.70,3, ,0
03/25/2010 09:32:31,,,0.98,0.00,16.70,6, ,0
03/25/2010 09:32:32,,,0.98,0.00,16.70,4, ,0
03/25/2010 09:32:33,,,0.94,0.00,16.70,8, ,0
03/25/2010 09:32:34,,,0.98,0.00,16.70,4, ,0
03/25/2010 09:32:35,,,1.02,0.00,16.70,6, ,0
03/25/2010 09:32:36,,,1.02,0.00,16.70,5, ,0
03/25/2010 09:32:38,,,0.98,0.00,16.70,3, ,0
03/25/2010 09:32:39,,,1.02,0.00,16.70,2, ,1
03/25/2010 09:32:40,,,0.94,0.00,16.70,6, ,0
03/25/2010 09:32:41,,,0.98,0.00,16.70,5, ,0
03/25/2010 09:32:42,,,0.98,0.00,16.70,5, ,0
03/25/2010 09:32:43,,,1.02,0.00,16.70,5, ,0
03/25/2010 09:32:44,,,1.02,0.00,16.70,4, ,0
03/25/2010 09:32:45,,,1.02,0.00,16.70,4, ,0
03/25/2010 09:32:46,,,0.98,0.00,16.70,3, ,0
03/25/2010 09:32:47,,,0.98,0.00,16.70,3, ,0
03/25/2010 09:32:48,,,1.02,0.00,16.70,5, ,0
03/25/2010 09:32:49,,,0.98,0.00,16.70,4, ,0
03/25/2010 09:32:50,,,0.98,0.00,16.70,5, ,0
03/25/2010 09:32:52,,,0.98,0.00,16.70,3, ,0
03/25/2010 09:32:53,,,1.02,0.00,16.70,4, ,0
03/25/2010 09:32:54,,,1.02,0.00,16.70,4, ,0
03/25/2010 09:32:55,,,0.98,0.00,16.70,3, ,0
03/25/2010 09:32:56,,,1.02,0.00,16.70,4, ,0
03/25/2010 09:32:57,,,1.02,0.00,16.70,5, ,0
03/25/2010 09:32:58,,,0.98,0.00,16.70,9, ,0
03/25/2010 09:32:59,,,1.02,0.00,16.70,3, ,0
03/25/2010 09:33:00,,,0.98,0.00,16.70,5, ,0
03/25/2010 09:33:01,,,1.02,0.00,16.70,5, ,0
03/25/2010 09:33:02,,,1.02,0.00,16.70,4, ,0
03/25/2010 09:33:03,,,0.98,0.00,16.70,2, ,0
03/25/2010 09:33:04,,,0.98,0.00,16.70,5, ,0
03/25/2010 09:33:06,,,0.98,0.00,16.70,5, ,0
03/25/2010 09:33:07,,,0.98,0.00,16.70,5, ,0
03/25/2010 09:33:08,,,0.98,0.00,16.70,5, ,0
03/25/2010 09:33:09,,,0.98,0.00,16.70,5, ,0
03/25/2010 09:33:10,,,0.98,0.00,16.70,4, ,0
03/25/2010 09:33:11,,,0.98,0.00,16.70,2, ,0
03/25/2010 09:33:12,,,0.98,0.00,16.70,3, ,0
03/25/2010 09:33:13,,,1.02,0.00,16.70,6, ,0
03/25/2010 09:33:14,,,0.98,0.00,16.70,4, ,0
03/25/2010 09:33:15,,,1.02,0.00,16.70,3, ,0
03/25/2010 09:33:16,,,0.98,0.00,16.70,3, ,0
03/25/2010 09:33:17,,,0.98,0.00,16.70,4, ,0
03/25/2010 09:33:18,,,0.98,0.00,16.70,5, ,0
03/25/2010 09:33:19,,,0.98,0.00,16.70,5, ,0
03/25/2010 09:33:21,,,0.98,0.00,16.70,7, ,0
03/25/2010 09:33:22,,,0.98,0.00,16.70,10, ,0
03/25/2010 09:33:23,,,1.02,0.00,16.70,8, ,0
03/25/2010 09:33:24,,,0.98,0.00,16.70,7, ,0
03/25/2010 09:33:25,,,0.98,0.00,16.70,6, ,0
03/25/2010 09:33:26,,,0.98,0.00,16.70,7, ,0
03/25/2010 09:33:27,,,1.02,0.00,16.70,4, ,0
03/25/2010 09:33:28,,,0.98,0.00,16.70,7, ,0
03/25/2010 09:33:29,,,0.98,0.00,16.70,2, ,0
03/25/2010 09:33:30,,,0.98,0.00,16.70,8, ,0
03/25/2010 09:33:31,,,0.98,0.00,16.70,7, ,0
03/25/2010 09:33:32,,,0.98,0.00,16.70,8, ,0
03/25/2010 09:33:33,,,0.98,0.00,16.70,7, ,0
03/25/2010 09:33:35,,,1.02,0.00,16.70,6, ,0
03/25/2010 09:33:36,,,0.98,0.00,16.70,3, ,0
03/25/2010 09:33:37,,,0.98,0.00,16.70,4, ,0
03/25/2010 09:33:38,,,1.02,0.00,16.70,3, ,0
03/25/2010 09:33:39,,,0.94,0.00,16.70,6, ,0
03/25/2010 09:33:40,,,0.98,0.00,16.70,6, ,0
03/25/2010 09:33:41,,,0.98,0.00,16.70,4, ,0
03/25/2010 09:33:42,,,0.98,0.00,16.70,5, ,0
03/25/2010 09:33:43,,,0.94,0.00,16.70,4, ,0
03/25/2010 09:33:44,,,0.98,0.00,16.70,8, ,0
03/25/2010 09:33:45,,,0.98,0.00,16.70,5, ,0
03/25/2010 09:33:46,,,1.02,0.00,16.70,5, ,0
03/25/2010 09:33:47,,,1.02,0.00,16.70,4, ,0
03/25/2010 09:33:49,,,0.98,0.00,16.70,7, ,0
03/25/2010 09:33:50,,,1.02,0.00,16.70,7, ,0
03/25/2010 09:33:51,,,0.94,0.00,16.70,8, ,0
03/25/2010 09:33:52,,,0.98,0.00,16.70,11, ,0
03/25/2010 09:33:53,,,0.98,0.00,16.70,13, ,0
03/25/2010 09:33:54,,,0.98,0.00,16.70,4, ,0
03/25/2010 09:33:55,,,0.94,0.00,16.70,5, ,0
03/25/2010 09:33:56,,,0.98,0.00,16.70,8, ,0
03/25/2010 09:33:57,,,1.02,0.00,16.70,3, ,0
03/25/2010 09:33:58,,,1.05,0.00,16.70,6, ,0
03/25/2010 09:33:59,,,1.02,0.00,16.70,5, ,0
03/25/2010 09:34:00,,,1.05,0.00,16.70,8, ,0
03/25/2010 09:34:01,,,1.02,0.00,16.70,2, ,0
03/25/2010 09:34:03,,,1.05,0.00,16.70,9, ,0
03/25/2010 09:34:04,,,1.09,0.00,16.70,6, ,0
03/25/2010 09:34:05,,,1.02,0.00,16.70,5, ,0
03/25/2010 09:34:06,,,1.02,0.00,16.70,6, ,0
03/25/2010 09:34:07,,,1.02,0.00,16.70,10, ,0
03/25/2010 09:34:08,,,0.94,0.00,16.70,21, ,1
03/25/2010 09:34:09,,,1.05,0.00,16.70,7, ,0
03/25/2010 09:34:10,,,0.98,0.00,16.70,5, ,0
03/25/2010 09:34:11,,,1.05,0.00,16.70,11, ,0
03/25/2010 09:34:12,,,1.02,0.00,16.70,14, ,0
03/25/2010 09:34:13,,,0.98,0.00,16.70,12, ,0
03/25/2010 09:34:14,,,0.98,0.00,16.70,20, ,0
03/25/2010 09:34:15,,,0.98,0.00,16.70,8, ,0
03/25/2010 09:34:17,,,0.94,0.00,16.70,14, ,0
03/25/2010 09:34:18,,,1.02,0.00,16.70,15, ,0
03/25/2010 09:34:19,,,0.94,0.00,16.70,10, ,0
03/25/2010 09:34:20,,,0.94,0.00,16.70,7, ,0
03/25/2010 09:34:21,,,1.02,0.00,16.70,10, ,0
03/25/2010 09:34:22,,,0.90,0.00,16.70,11, ,0
03/25/2010 09:34:23,,,0.90,0.00,16.70,11, ,0
03/25/2010 09:34:24,,,0.90,0.00,16.70,16, ,1
03/25/2010 09:34:25,,,0.90,0.00,16.70,20, ,1
03/25/2010 09:34:26,,,0.90,0.00,16.70,11, ,0
03/25/2010 09:34:27,,,0.98,0.00,16.70,24, ,0
03/25/2010 09:34:28,,,0.94,0.00,16.70,8, ,0
03/25/2010 09:34:29,,,1.02,0.00,16.70,8, ,0
03/25/2010 09:34:30,,,0.98,0.00,16.70,8, ,0
03/25/2010 09:34:32,,,0.98,0.00,16.70,4, ,0
03/25/2010 09:34:33,,,0.98,0.00,16.70,7, ,0
03/25/2010 09:34:34,,,1.02,0.00,16.70,8, ,0
03/25/2010 09:34:35,,,0.98,0.00,16.70,4, ,0
03/25/2010 09:34:36,,,1.02,0.00,16.70,11, ,0
03/25/2010 09:34:37,,,0.98,0.00,16.70,6, ,0
03/25/2010 09:34:38,,,1.02,0.00,16.70,25, ,1
03/25/2010 09:34:39,,,1.02,0.00,16.70,16, ,0
03/25/2010 09:34:40,,,0.98,0.00,16.70,5, ,0
03/25/2010 09:34:41,,,0.98,0.00,16.70,9, ,0
03/25/2010 09:34:42,,,0.98,0.00,16.70,11, ,0
03/25/2010 09:34:43,,,0.98,0.00,16.70,3, ,0
03/25/2010 09:34:45,,,1.02,0.00,16.70,6, ,0
03/25/2010 09:34:46,,,1.02,0.00,16.70,12, ,0
03/25/2010 09:34:47,,,0.86,0.00,16.70,17, ,0
03/25/2010 09:34:48,,,0.98,0.00,16.70,8, ,0
03/25/2010 09:34:49,,,0.98,0.00,16.70,10, ,0
03/25/2010 09:34:50,,,0.98,0.00,16.70,10, ,0
03/25/2010 09:34:51,,,0.98,0.00,16.70,8, ,0
03/25/2010 09:34:52,,,1.02,0.00,16.70,7, ,0
03/25/2010 09:34:53,,,0.98,0.00,16.70,8, ,0
03/25/2010 09:34:54,,,0.98,0.00,16.70,4, ,0
03/25/2010 09:34:55,,,0.98,0.00,16.70,14, ,0
03/25/2010 09:34:56,,,0.98,0.00,16.70,8, ,0
03/25/2010 09:34:57,,,0.94,0.00,16.70,35, ,0
03/25/2010 09:34:58,,,1.02,0.00,16.70,8, ,0
03/25/2010 09:35:00,,,1.05,0.00,16.70,6, ,0
03/25/2010 09:35:01,,,0.98,0.00,16.70,2, ,0
03/25/2010 09:35:02,,,1.05,0.00,16.70,5, ,0
03/25/2010 09:35:03,,,1.02,0.00,16.70,6, ,0
03/25/2010 09:35:04,,,0.94,0.00,16.70,7, ,0
03/25/2010 09:35:05,,,1.05,0.00,16.70,12, ,0
03/25/2010 09:35:06,,,1.09,0.00,16.70,26, ,0
03/25/2010 09:35:07,,,0.98,0.00,16.70,7, ,0
03/25/2010 09:35:08,,,0.98,0.00,16.70,7, ,0
03/25/2010 09:35:09,,,1.09,0.00,16.70,20, ,0
03/25/2010 09:35:10,,,0.86,0.00,16.70,17, ,0
03/25/2010 09:35:11,,,1.05,0.00,16.70,8, ,0
03/25/2010 09:35:12,,,1.02,0.00,16.70,5, ,0
03/25/2010 09:35:14,,,0.94,0.00,16.70,5, ,0
03/25/2010 09:35:15,,,0.98,0.00,16.70,6, ,0
03/25/2010 09:35:16,,,1.02,0.00,16.70,11, ,0
03/25/2010 09:35:17,,,1.02,0.00,16.70,10, ,0
03/25/2010 09:35:18,,,0.98,0.00,16.70,23, ,0
03/25/2010 09:35:19,,,1.02,0.00,16.70,18, ,0
03/25/2010 09:35:20,,,0.90,0.00,16.70,14, ,0
03/25/2010 09:35:21,,,1.05,0.00,16.70,21, ,1
03/25/2010 09:35:22,,,0.94,0.00,16.70,18, ,1
03/25/2010 09:35:23,,,1.17,0.00,16.70,27, ,1
03/25/2010 09:35:24,,,1.13,0.00,16.70,24, ,0
03/25/2010 09:35:25,,,0.98,0.00,16.70,18, ,0
03/25/2010 09:35:26,,,1.05,0.00,16.70,23, ,0
03/25/2010 09:35:28,,,0.94,0.00,16.70,27, ,0
03/25/2010 09:35:29,,,0.86,0.00,16.70,31, ,0
03/25/2010 09:35:30,,,0.94,0.00,16.70,39, ,0
03/25/2010 09:35:31,,,1.13,0.00,16.70,29, ,0
03/25/2010 09:35:32,,,1.02,0.00,16.70,31, ,0
03/25/2010 09:35:33,,,1.05,0.00,16.70,33, ,0
03/25/2010 09:35:34,,,0.98,0.00,16.70,26, ,0
03/25/2010 09:35:35,,,0.90,0.00,16.70,20, ,0
03/25/2010 09:35:36,,,1.09,0.00,16.70,26, ,0
03/25/2010 09:35:37,,,0.98,0.00,16.70,20, ,0
03/25/2010 09:35:38,,,0.98,0.00,16.70,23, ,0
03/25/2010 09:35:39,,,1.02,0.00,16.70,19, ,0
03/25/2010 09:35:40,,,0.98,0.00,16.70,16, ,0
03/25/2010 09:35:42,,,1.02,0.00,16.70,19, ,0
03/25/2010 09:35:43,,,0.98,0.00,16.70,16, ,0
03/25/2010 09:35:44,,,0.98,0.00,16.70,17, ,0
03/25/2010 09:35:45,,,1.02,0.00,16.70,15, ,0
03/25/2010 09:35:46,,,0.98,0.00,16.70,22, ,0
03/25/2010 09:35:47,,,1.02,0.00,16.70,17, ,0
03/25/2010 09:35:48,,,0.98,0.00,16.70,17, ,0
03/25/2010 09:35:49,,,1.02,0.00,16.70,20, ,0
03/25/2010 09:35:50,,,1.02,0.00,16.70,20, ,0
03/25/2010 09:35:51,,,0.98,0.00,16.70,19, ,0
03/25/2010 09:35:52,,,0.98,0.00,16.70,23, ,0
03/25/2010 09:35:53,,,0.98,0.00,16.70,19, ,0
03/25/2010 09:35:54,,,0.94,0.00,16.70,19, ,0
03/25/2010 09:35:56,,,0.94,0.00,16.70,12, ,0
03/25/2010 09:35:57,,,0.98,0.00,16.70,15, ,0
03/25/2010 09:35:58,,,1.02,0.00,16.70,20, ,0
03/25/2010 09:35:59,,,0.94,0.00,16.70,26, ,0
03/25/2010 09:36:00,,,1.02,0.00,16.70,18, ,0
03/25/2010 09:36:01,,,1.02,0.00,16.70,18, ,0
03/25/2010 09:36:02,,,0.98,0.00,16.70,24, ,1
03/25/2010 09:36:03,,,1.02,0.00,16.70,24, ,0
03/25/2010 09:36:04,,,1.02,0.00,16.70,21, ,0
03/25/2010 09:36:05,,,1.05,0.00,16.70,19, ,0
03/25/2010 09:36:06,,,0.90,0.00,17.02,21, ,0
03/25/2010 09:36:07,,,0.90,0.00,16.70,22, ,0
03/25/2010 09:36:08,,,0.98,0.00,16.70,20, ,0
03/25/2010 09:36:10,,,1.02,0.00,16.70,18, ,0
03/25/2010 09:36:11,,,0.98,0.00,16.70,31, ,0
03/25/2010 09:36:12,,,1.02,0.00,16.70,28, ,0
03/25/2010 09:36:13,,,1.02,0.00,16.70,24, ,0
03/25/2010 09:36:14,,,1.02,0.00,16.70,17, ,0
03/25/2010 09:36:15,,,1.02,0.00,16.70,14, ,0
03/25/2010 09:36:16,,,0.98,0.00,16.70,20, ,0
03/25/2010 09:36:17,,,0.98,0.00,16.70,23, ,0
03/25/2010 09:36:18,,,1.02,0.00,16.70,28, ,0
03/25/2010 09:36:19,,,0.98,0.00,16.70,22, ,0
03/25/2010 09:36:20,,,0.98,0.00,16.70,22, ,0
03/25/2010 09:36:21,,,0.98,0.00,16.70,23, ,0
03/25/2010 09:36:22,,,1.02,0.00,16.70,20, ,0
03/25/2010 09:36:24,,,0.98,0.00,16.70,17, ,0
03/25/2010 09:36:25,,,0.98,0.00,16.70,22, ,0
03/25/2010 09:36:26,,,1.05,0.00,16.70,20, ,0
03/25/2010 09:36:27,,,1.02,0.00,16.70,22, ,0
03/25/2010 09:36:28,,,0.94,0.00,16.70,24, ,0
03/25/2010 09:36:29,,,0.94,0.00,16.70,15, ,0
03/25/2010 09:36:30,,,0.98,0.00,16.70,23, ,0
03/25/2010 09:36:31,,,0.98,0.00,16.70,16, ,0
03/25/2010 09:36:32,,,1.02,0.00,16.70,15, ,0
03/25/2010 09:36:33,,,1.02,0.00,16.70,31, ,1
03/25/2010 09:36:34,,,1.02,0.00,16.70,20, ,0
03/25/2010 09:36:35,,,0.98,0.00,16.70,21, ,0
03/25/2010 09:36:36,,,0.98,0.00,16.70,16, ,0
03/25/2010 09:36:37,,,0.98,0.00,16.70,18, ,0
03/25/2010 09:36:39,,,0.98,0.00,16.70,20, ,0
03/25/2010 09:36:40,,,0.98,0.00,16.70,18, ,0
03/25/2010 09:36:41,,,0.98,0.00,16.70,20, ,0
03/25/2010 09:36:42,,,0.86,0.00,16.70,19, ,0
03/25/2010 09:36:43,,,0.94,0.00,16.70,12, ,1
03/25/2010 09:36:44,,,0.98,0.00,16.70,17, ,0
03/25/2010 09:36:45,,,0.98,0.00,16.70,23, ,0
03/25/2010 09:36:46,,,1.02,0.00,16.70,23, ,0
03/25/2010 09:36:47,,,0.98,0.00,16.70,25, ,1
03/25/2010 09:36:48,,,1.02,0.00,16.70,18, ,0
03/25/2010 09:36:49,,,0.98,0.00,16.70,16, ,0
03/25/2010 09:36:50,,,1.02,0.00,16.70,23, ,0
03/25/2010 09:36:51,,,1.05,0.00,16.70,13, ,0
03/25/2010 09:36:53,,,0.98,0.00,16.70,22, ,0
03/25/2010 09:36:54,,,0.98,0.00,16.70,20, ,0
03/25/2010 09:36:55,,,0.98,0.00,16.70,25, ,0
03/25/2010 09:36:56,,,1.02,0.00,16.70,21, ,0
03/25/2010 09:36:57,,,0.98,0.00,16.70,20, ,1
03/25/2010 09:36:58,,,1.09,0.00,16.70,32, ,1
03/25/2010 09:36:59,,,0.98,0.00,16.70,14, ,0
03/25/2010 09:37:00,,,0.94,0.00,16.70,18, ,0
03/25/2010 09:37:01,,,1.02,0.00,16.70,21, ,0
03/25/2010 09:37:02,,,0.98,0.00,16.70,15, ,0
03/25/2010 09:37:03,,,0.98,0.00,16.70,12, ,0
03/25/2010 09:37:04,,,0.98,0.00,16.70,16, ,0
03/25/2010 09:37:05,,,0.98,0.00,16.70,19, ,0
03/25/2010 09:37:06,,,0.94,0.00,16.70,14, ,0
03/25/2010 09:37:08,,,0.98,0.00,16.70,19, ,0
03/25/2010 09:37:09,,,1.02,0.00,16.70,21, ,0
03/25/2010 09:37:10,,,0.94,0.00,16.70,18, ,0
03/25/2010 09:37:11,,,0.98,0.00,16.70,15, ,0
03/25/2010 09:37:12,,,0.98,0.00,16.70,17, ,0
03/25/2010 09:37:13,,,1.02,0.00,16.70,27, ,0
03/25/2010 09:37:14,,,1.05,0.00,16.70,22, ,0
03/25/2010 09:37:15,,,0.98,0.00,16.70,15, ,0
03/25/2010 09:37:16,,,0.94,0.00,16.70,14, ,0
03/25/2010 09:37:17,,,1.02,0.00,16.70,13, ,0
03/25/2010 09:37:18,,,0.98,0.00,16.70,25, ,0
03/25/2010 09:37:19,,,0.94,0.00,16.70,13, ,0
03/25/2010 09:37:20,,,0.98,0.00,16.70,24, ,0
03/25/2010 09:37:22,,,1.02,0.00,16.70,24, ,0
03/25/2010 09:37:23,,,0.98,0.00,16.70,23, ,0
03/25/2010 09:37:24,,,0.94,0.00,16.70,19, ,0
03/25/2010 09:37:25,,,0.90,0.00,16.70,32, ,0
03/25/2010 09:37:26,,,0.98,0.00,16.70,30, ,0
03/25/2010 09:37:27,,,1.05,0.00,16.70,23, ,0
03/25/2010 09:37:28,,,0.86,0.00,16.70,19, ,0
03/25/2010 09:37:29,,,0.98,0.00,16.70,14, ,0
03/25/2010 09:37:30,,,1.02,0.00,16.70,19, ,0
03/25/2010 09:37:31,,,1.02,0.00,16.70,15, ,0
03/25/2010 09:37:32,,,1.05,0.00,16.70,23, ,0
03/25/2010 09:37:33,,,0.94,0.00,16.70,28, ,0
03/25/2010 09:37:34,,,1.02,0.00,16.70,30, ,0
03/25/2010 09:37:36,,,1.09,0.00,16.70,20, ,0
03/25/2010 09:37:37,,,1.05,0.00,16.70,20, ,0
03/25/2010 09:37:38,,,1.02,0.00,16.70,29, ,0
03/25/2010 09:37:39,,,1.02,0.00,16.70,27, ,0
03/25/2010 09:37:40,,,1.02,0.00,16.70,14, ,0
03/25/2010 09:37:41,,,1.02,0.00,16.70,26, ,0
03/25/2010 09:37:42,,,0.94,0.00,16.70,31, ,0
03/25/2010 09:37:43,,,0.94,0.00,16.70,37, ,0
03/25/2010 09:37:44,,,0.94,0.00,16.70,25, ,0
03/25/2010 09:37:45,,,0.90,0.00,16.70,39, ,0
03/25/2010 09:37:46,,,0.98,0.00,16.70,29, ,0
03/25/2010 09:37:47,,,1.05,0.00,16.70,34, ,0
03/25/2010 09:37:48,,,1.02,0.00,16.70,27, ,0
03/25/2010 09:37:49,,,1.02,0.00,16.70,10, ,0
03/25/2010 09:37:51,,,0.98,0.00,16.70,16, ,0
03/25/2010 09:37:52,,,1.02,0.00,16.70,19, ,0
03/25/2010 09:37:53,,,0.98,0.00,16.70,21, ,0
03/25/2010 09:37:54,,,1.02,0.00,16.70,23, ,0
03/25/2010 09:37:55,,,1.02,0.00,16.70,15, ,0
03/25/2010 09:37:56,,,0.98,0.00,16.70,14, ,0
03/25/2010 09:37:57,,,0.98,0.00,16.70,11, ,0
03/25/2010 09:37:58,,,0.94,0.00,16.70,16, ,0
03/25/2010 09:37:59,,,0.98,0.00,16.70,12, ,0
03/25/2010 09:38:00,,,0.98,0.00,16.70,19, ,0
03/25/2010 09:38:01,,,0.98,0.00,16.70,15, ,0
03/25/2010 09:38:02,,,0.98,0.00,16.70,10, ,0
03/25/2010 09:38:03,,,0.98,0.00,16.70,9, ,0
03/25/2010 09:38:05,,,0.98,0.00,16.70,23, ,0
03/25/2010 09:38:06,,,1.02,0.00,16.70,17, ,0
03/25/2010 09:38:07,,,1.02,0.00,16.70,15, ,0
03/25/2010 09:38:08,,,0.98,0.00,16.70,25, ,0
03/25/2010 09:38:09,,,1.02,0.00,16.70,14, ,0
03/25/2010 09:38:10,,,1.02,0.00,16.70,16, ,0
03/25/2010 09:38:11,,,0.94,0.00,16.70,12, ,0
03/25/2010 09:38:12,,,0.98,0.00,16.70,27, ,0
03/25/2010 09:38:13,,,1.05,0.00,16.70,13, ,0
03/25/2010 09:38:14,,,1.02,0.00,16.70,13, ,0
03/25/2010 09:38:15,,,1.02,0.00,16.70,17, ,0
03/25/2010 09:38:16,,,0.98,0.00,16.70,10, ,0
03/25/2010 09:38:17,,,0.98,0.00,16.70,14, ,0
03/25/2010 09:38:19,,,1.05,0.00,16.70,30, ,0
03/25/2010 09:38:20,,,1.02,0.00,16.70,11, ,0
03/25/2010 09:38:21,,,1.02,0.00,16.70,19, ,0
03/25/2010 09:38:22,,,0.98,0.00,16.70,10, ,0
03/25/2010 09:38:23,,,1.02,0.00,16.70,7, ,0
03/25/2010 09:38:24,,,0.94,0.00,16.70,17, ,0
03/25/2010 09:38:25,,,0.98,0.00,16.70,13, ,0
03/25/2010 09:38:26,,,0.98,0.00,16.70,9, ,0
03/25/2010 09:38:27,,,1.02,0.00,16.70,12, ,0
03/25/2010 09:38:28,,,0.94,0.00,16.70,20, ,0
03/25/2010 09:38:29,,,0.94,0.00,16.70,12, ,0
03/25/2010 09:38:30,,,1.02,0.00,16.70,13, ,0
03/25/2010 09:38:31,,,0.94,0.00,16.70,12, ,0
03/25/2010 09:38:32,,,0.94,0.00,16.70,16, ,0
03/25/2010 09:38:34,,,0.90,0.00,16.70,12, ,0
03/25/2010 09:38:35,,,0.98,0.00,16.70,18, ,0
03/25/2010 09:38:36,,,0.98,0.00,16.70,15, ,0
03/25/2010 09:38:37,,,0.90,0.00,16.70,17, ,1
03/25/2010 09:38:38,,,0.94,0.00,16.70,12, ,0
03/25/2010 09:38:39,,,0.98,0.00,16.70,19, ,0
03/25/2010 09:38:40,,,1.05,0.00,16.70,12, ,0
03/25/2010 09:38:41,,,1.05,0.00,16.70,18, ,0
03/25/2010 09:38:42,,,0.98,0.00,16.70,13, ,0
03/25/2010 09:38:43,,,0.98,0.00,16.70,13, ,0
03/25/2010 09:38:44,,,1.05,0.00,16.70,7, ,0
03/25/2010 09:38:45,,,0.98,0.00,16.70,12, ,0
03/25/2010 09:38:46,,,0.94,0.00,16.70,12, ,0
03/25/2010 09:38:48,,,1.05,0.00,16.70,11, ,1
03/25/2010 09:38:49,,,1.02,0.00,16.70,8, ,0
03/25/2010 09:38:50,,,1.02,0.00,16.70,6, ,0
03/25/2010 09:38:51,,,1.02,0.00,16.70,8, ,0
03/25/2010 09:38:52,,,1.02,0.00,16.70,7, ,0
03/25/2010 09:38:53,,,0.98,0.00,16.70,12, ,0
03/25/2010 09:38:54,,,0.90,0.00,16.70,8, ,0
03/25/2010 09:38:55,,,1.05,0.00,16.70,13, ,0
03/25/2010 09:38:56,,,0.98,0.00,16.70,15, ,0
03/25/2010 09:38:57,,,0.98,0.00,16.70,7, ,0
03/25/2010 09:38:58,,,1.02,0.00,16.70,19, ,0
03/25/2010 09:38:59,,,0.98,0.00,16.70,8, ,0
03/25/2010 09:39:00,,,1.02,0.00,16.70,13, ,0
03/25/2010 09:39:01,,,1.02,0.00,16.70,14, ,0
03/25/2010 09:39:03,,,0.98,0.00,16.70,8, ,0
03/25/2010 09:39:04,,,1.02,0.00,16.70,7, ,0
03/25/2010 09:39:05,,,0.98,0.00,16.70,12, ,0
03/25/2010 09:39:06,,,0.98,0.00,16.70,8, ,0
03/25/2010 09:39:07,,,0.90,0.00,16.70,14, ,0
03/25/2010 09:39:08,,,0.90,0.00,16.70,10, ,0
03/25/2010 09:39:09,,,0.94,0.00,16.70,9, ,0
03/25/2010 09:39:10,,,1.02,0.00,16.70,13, ,0
03/25/2010 09:39:11,,,1.02,0.00,16.70,8, ,0
03/25/2010 09:39:12,,,1.02,0.00,16.70,11, ,0
03/25/2010 09:39:13,,,0.98,0.00,16.70,9, ,1
03/25/2010 09:39:14,,,1.02,0.00,16.70,22, ,0
03/25/2010 09:39:15,,,0.98,0.00,16.70,17, ,0
03/25/2010 09:39:17,,,1.02,0.00,16.70,11, ,0
03/25/2010 09:39:18,,,0.98,0.00,16.70,16, ,0
03/25/2010 09:39:19,,,1.02,0.00,16.70,12, ,1
03/25/2010 09:39:20,,,0.94,0.00,16.70,19, ,1
03/25/2010 09:39:21,,,0.94,0.00,16.70,7, ,1
03/25/2010 09:39:22,,,0.98,0.00,16.70,9, ,0
03/25/2010 09:39:23,,,0.94,0.00,16.70,13, ,0
03/25/2010 09:39:24,,,0.98,0.00,17.02,12, ,0
03/25/2010 09:39:25,,,0.98,0.00,16.70,9, ,0
03/25/2010 09:39:26,,,0.94,0.00,16.70,10, ,0
03/25/2010 09:39:27,,,0.98,0.00,16.70,12, ,0
03/25/2010 09:39:28,,,1.05,0.00,16.70,19, ,1
03/25/2010 09:39:29,,,1.05,0.00,16.70,10, ,0
03/25/2010 09:39:31,,,0.90,0.00,16.70,12, ,0
03/25/2010 09:39:32,,,0.98,0.00,16.70,4, ,0
03/25/2010 09:39:33,,,0.90,0.00,16.70,5, ,0
03/25/2010 09:39:34,,,0.94,0.00,16.70,12, ,0
03/25/2010 09:39:35,,,0.94,0.00,16.70,7, ,0
03/25/2010 09:39:36,,,0.94,0.00,16.70,8, ,0
03/25/2010 09:39:37,,,0.98,0.00,16.70,7, ,0
03/25/2010 09:39:38,,,0.98,0.00,16.70,12, ,0
03/25/2010 09:39:39,,,0.98,0.00,16.70,4, ,0
03/25/2010 09:39:40,,,0.94,0.00,16.70,7, ,0
03/25/2010 09:39:41,,,1.02,0.00,16.70,4, ,0
03/25/2010 09:39:42,,,0.94,0.00,16.70,10, ,0
03/25/2010 09:39:43,,,0.94,0.00,16.70,6, ,0
03/25/2010 09:39:44,,,1.02,0.00,16.70,3, ,0
03/25/2010 09:39:46,,,1.02,0.00,16.70,6, ,0
03/25/2010 09:39:47,,,1.02,0.00,16.70,7, ,0
03/25/2010 09:39:48,,,1.02,0.00,16.70,9, ,0
03/25/2010 09:39:49,,,1.02,0.00,16.70,7, ,0
03/25/2010 09:39:50,,,0.98,0.00,16.70,7, ,0
03/25/2010 09:39:51,,,0.98,0.00,16.70,5, ,0
03/25/2010 09:39:52,,,0.98,0.00,16.70,8, ,0
03/25/2010 09:39:53,,,1.05,0.00,16.70,17, ,0
03/25/2010 09:39:54,,,0.98,0.00,16.70,8, ,0
03/25/2010 09:39:55,,,0.98,0.00,16.70,5, ,0
03/25/2010 09:39:56,,,0.98,0.00,16.70,7, ,0
03/25/2010 09:39:57,,,0.98,0.00,16.70,8, ,0
03/25/2010 09:39:58,,,0.98,0.00,16.70,11, ,0
03/25/2010 09:40:00,,,0.98,0.00,16.70,11, ,0
03/25/2010 09:40:01,,,0.98,0.00,16.70,7, ,0
03/25/2010 09:40:02,,,0.94,0.00,16.70,4, ,0
03/25/2010 09:40:03,,,0.98,0.00,16.70,6, ,0
03/25/2010 09:40:04,,,0.98,0.00,16.70,4, ,0
03/25/2010 09:40:05,,,0.98,0.00,16.70,8, ,0
03/25/2010 09:40:06,,,1.02,0.00,16.70,6, ,0
03/25/2010 09:40:07,,,0.98,0.00,16.70,9, ,0
03/25/2010 09:40:08,,,0.98,0.00,16.70,11, ,0
03/25/2010 09:40:09,,,0.98,0.00,16.70,5, ,0
03/25/2010 09:40:10,,,0.94,0.00,16.70,2, ,0
03/25/2010 09:40:11,,,0.98,0.00,16.70,6, ,0
03/25/2010 09:40:12,,,0.98,0.00,16.70,5, ,0
03/25/2010 09:40:13,,,1.02,0.00,16.70,9, ,0
03/25/2010 09:40:15,,,0.98,0.00,16.70,5, ,0
03/25/2010 09:40:16,,,0.98,0.00,16.70,5, ,0
03/25/2010 09:40:17,,,0.98,0.00,16.70,8, ,0
03/25/2010 09:40:18,,,0.98,0.00,16.70,4, ,0
03/25/2010 09:40:19,,,0.94,0.00,16.70,3, ,0
03/25/2010 09:40:20,,,0.98,0.00,16.70,4, ,0
03/25/2010 09:40:21,,,0.98,0.00,16.70,2, ,0
03/25/2010 09:40:22,,,0.94,0.00,16.70,3, ,0
03/25/2010 09:40:23,,,0.98,0.00,16.70,3, ,0
03/25/2010 09:40:24,,,0.98,0.00,16.70,7, ,0
03/25/2010 09:40:25,,,0.94,0.00,16.70,5, ,0
03/25/2010 09:40:26,,,0.98,0.00,16.70,2, ,0
03/25/2010 09:40:27,,,0.98,0.00,17.02,5, ,0
03/25/2010 09:40:29,,,0.98,0.00,16.70,2, ,0
03/25/2010 09:40:30,,,0.98,0.00,16.70,7, ,0
03/25/2010 09:40:31,,,0.94,0.00,16.70,2, ,0
03/25/2010 09:40:32,,,0.98,0.00,16.70,6, ,0
03/25/2010 09:40:33,,,0.94,0.00,16.70,3, ,0
03/25/2010 09:40:34,,,0.98,0.00,17.02,2, ,0
03/25/2010 09:40:35,,,0.98,0.00,16.70,3, ,0
03/25/2010 09:40:36,,,1.02,0.00,16.70,1, ,0
03/25/2010 09:40:37,,,0.98,0.00,16.70,4, ,0
03/25/2010 09:40:38,,,0.98,0.00,16.70,7, ,0
03/25/2010 09:40:39,,,0.98,0.00,16.70,3, ,0
03/25/2010 09:40:40,,,0.98,0.00,16.70,1, ,0
03/25/2010 09:40:41,,,1.02,0.00,16.70,4, ,0
03/25/2010 09:40:43,,,0.98,0.00,16.70,3, ,0
03/25/2010 09:40:44,,,1.02,0.00,16.70,3, ,0
03/25/2010 09:40:45,,,1.02,0.00,17.02,4, ,0
03/25/2010 09:40:46,,,0.98,0.00,17.02,4, ,0
03/25/2010 09:40:47,,,0.98,0.00,16.70,3, ,0
03/25/2010 09:40:48,,,1.02,0.00,16.70,3, ,0
03/25/2010 09:40:49,,,0.98,0.00,16.70,3, ,0
03/25/2010 09:40:50,,,1.02,0.00,16.70,3, ,0
03/25/2010 09:40:51,,,0.98,0.00,16.70,3, ,0
03/25/2010 09:40:52,,,0.98,0.00,16.70,2, ,0
03/25/2010 09:40:53,,,0.98,0.00,16.70,3, ,0
03/25/2010 09:40:54,,,0.98,0.00,16.70,8, ,0
03/25/2010 09:40:55,,,0.98,0.00,16.70,4, ,0
03/25/2010 09:40:57,,,1.02,0.00,17.02,2, ,0
03/25/2010 09:40:58,,,0.98,0.00,17.02,4, ,0
03/25/2010 09:40:59,,,1.02,0.00,16.70,4, ,0
03/25/2010 09:41:00,,,0.98,0.00,16.70,4, ,0
03/25/2010 09:41:01,,,1.02,0.00,16.70,3, ,0
03/25/2010 09:41:02,,,0.98,0.00,17.02,4, ,0
03/25/2010 09:41:03,,,0.98,0.00,16.70,4, ,0
03/25/2010 09:41:04,,,0.98,0.00,16.70,2, ,0
03/25/2010 09:41:05,,,1.02,0.00,16.70,4, ,0
03/25/2010 09:41:06,,,1.02,0.00,17.02,4, ,0
03/25/2010 09:41:07,,,1.02,0.00,16.70,4, ,0
03/25/2010 09:41:08,,,0.98,0.00,16.70,4, ,0
03/25/2010 09:41:09,,,0.98,0.00,16.70,6, ,0
03/25/2010 09:41:11,,,0.98,0.00,16.70,3, ,0
03/25/2010 09:41:12,,,0.98,0.00,16.70,9, ,0
03/25/2010 09:41:13,,,0.94,0.00,16.70,6, ,0
03/25/2010 09:41:14,,,1.02,0.00,16.70,8, ,0
03/25/2010 09:41:15,,,1.02,0.00,16.70,11, ,0
03/25/2010 09:41:16,,,1.02,0.00,16.70,6, ,0
03/25/2010 09:41:17,,,1.02,0.00,16.70,5, ,0
03/25/2010 09:41:18,,,0.98,0.00,17.02,3, ,0
03/25/2010 09:41:19,,,0.98,0.00,17.02,5, ,0
03/25/2010 09:41:20,,,0.98,0.00,16.70,7, ,0
03/25/2010 09:41:21,,,0.98,0.00,17.02,3, ,0
03/25/2010 09:41:22,,,0.98,0.00,16.70,5, ,0
03/25/2010 09:41:23,,,0.98,0.00,16.70,4, ,0
03/25/2010 09:41:24,,,1.02,0.00,16.70,2, ,0
03/25/2010 09:41:26,,,0.98,0.00,16.70,5, ,0
03/25/2010 09:41:27,,,1.02,0.00,16.70,4, ,0
03/25/2010 09:41:28,,,0.98,0.00,16.70,3, ,0
03/25/2010 09:41:29,,,0.98,0.00,16.70,4, ,0
03/25/2010 09:41:30,,,1.02,0.00,16.70,5, ,0
03/25/2010 09:41:31,,,0.98,0.00,16.70,5, ,0
03/25/2010 09:41:32,,,0.98,0.00,16.70,4, ,0
03/25/2010 09:41:33,,,0.98,0.00,16.70,3, ,0
03/25/2010 09:41:34,,,0.98,0.00,16.70,5, ,0
03/25/2010 09:41:35,,,0.98,0.00,16.70,4, ,0
03/25/2010 09:41:36,,,0.98,0.00,16.70,4, ,0
03/25/2010 09:41:37,,,1.02,0.00,16.70,4, ,0
03/25/2010 09:41:38,,,0.98,0.00,16.70,6, ,0
03/25/2010 09:41:40,,,0.98,0.00,17.02,4, ,0
03/25/2010 09:41:41,,,1.02,0.00,16.70,6, ,0
03/25/2010 09:41:42,,,0.98,0.00,16.70,13, ,0
03/25/2010 09:41:43,,,0.98,0.00,16.70,6, ,0
03/25/2010 09:41:44,,,1.02,0.00,17.02,5, ,0
03/25/2010 09:41:45,,,0.98,0.00,17.02,7, ,0
03/25/2010 09:41:46,,,0.98,0.00,16.70,5, ,0
03/25/2010 09:41:47,,,0.98,0.00,16.70,4, ,0
03/25/2010 09:41:48,,,0.98,0.00,16.70,4, ,0
03/25/2010 09:41:49,,,0.98,0.00,16.70,3, ,0
03/25/2010 09:41:50,,,0.98,0.00,16.70,6, ,0
03/25/2010 09:41:51,,,0.98,0.00,17.02,5, ,0
03/25/2010 09:41:52,,,1.02,0.00,16.70,4, ,0
03/25/2010 09:41:53,,,0.98,0.00,16.70,3, ,0
03/25/2010 09:41:55,,,0.98,0.00,17.02,6, ,0
03/25/2010 09:41:56,,,1.02,0.00,16.70,3, ,0
03/25/2010 09:41:57,,,0.98,0.00,16.70,5, ,0
03/25/2010 09:41:58,,,0.98,0.00,16.70,4, ,0
03/25/2010 09:41:59,,,0.98,0.00,17.02,5, ,0
03/25/2010 09:42:00,,,0.98,0.00,17.02,4, ,0
03/25/2010 09:42:01,,,0.98,0.00,17.02,3, ,0
03/25/2010 09:42:02,,,1.02,0.00,16.70,4, ,0
03/25/2010 09:42:03,,,0.98,0.00,17.02,4, ,0
03/25/2010 09:42:04,,,0.98,0.00,16.70,5, ,0
03/25/2010 09:42:05,,,0.98,0.00,16.70,3, ,0
03/25/2010 09:42:06,,,0.98,0.00,16.70,3, ,0
03/25/2010 09:42:07,,,0.94,0.00,16.70,4, ,0
03/25/2010 09:42:09,,,0.98,0.00,16.70,3, ,0
03/25/2010 09:42:10,,,0.98,0.00,16.70,3, ,0
03/25/2010 09:42:11,,,0.98,0.00,16.70,3, ,0
03/25/2010 09:42:12,,,1.02,0.00,17.02,4, ,0
03/25/2010 09:42:13,,,0.98,0.00,17.02,4, ,0
03/25/2010 09:42:14,,,0.94,0.00,16.70,4, ,0
03/25/2010 09:42:15,,,0.98,0.00,17.02,5, ,0
03/25/2010 09:42:16,,,0.98,0.00,16.70,3, ,0
03/25/2010 09:42:17,,,0.98,0.00,17.02,5, ,0
03/25/2010 09:42:18,,,0.98,0.00,16.70,2, ,0
03/25/2010 09:42:19,,,0.98,0.00,16.70,3, ,0
03/25/2010 09:42:20,,,0.98,0.00,17.02,3, ,0
03/25/2010 09:42:21,,,0.98,0.00,16.70,4, ,0
03/25/2010 09:42:23,,,0.98,0.00,16.70,3, ,0
03/25/2010 09:42:24,,,0.98,0.00,16.70,3, ,0
03/25/2010 09:42:25,,,1.02,0.00,16.70,3, ,0
03/25/2010 09:42:26,,,0.98,0.00,16.70,2, ,0
03/25/2010 09:42:27,,,0.98,0.00,17.02,0, ,0
03/25/2010 09:42:28,,,0.98,0.00,16.70,0, ,0
03/25/2010 09:42:29,,,0.98,0.00,16.70,0, ,0
03/25/2010 09:42:30,,,0.98,0.00,16.70,0, ,0
03/25/2010 09:42:31,,,0.98,0.00,16.70,2, ,0
03/25/2010 09:42:32,,,0.98,0.00,16.70,1, ,0
03/25/2010 09:42:33,,,0.98,0.00,17.02,1, ,0
03/25/2010 09:42:34,,,0.98,0.00,16.70,0, ,0
03/25/2010 09:42:35,,,0.98,0.00,16.70,1, ,0
03/25/2010 09:42:37,,,0.98,0.00,17.02,1, ,0
03/25/2010 09:42:38,,,0.98,0.00,16.70,1, ,0
03/25/2010 09:42:39,,,0.98,0.00,16.70,1, ,0
03/25/2010 09:42:40,,,0.98,0.00,16.70,2, ,0
03/25/2010 09:42:41,,,0.98,0.00,17.02,0, ,0
03/25/2010 09:42:42,,,0.98,0.00,17.02,1, ,0
03/25/2010 09:42:43,,,0.98,0.00,16.70,1, ,0
03/25/2010 09:42:44,,,0.98,0.00,16.70,2, ,0
03/25/2010 09:42:45,,,0.98,0.00,17.02,1, ,0
03/25/2010 09:42:46,,,0.98,0.00,16.70,1, ,0
03/25/2010 09:42:47,,,0.98,0.00,16.70,1, ,0
03/25/2010 09:42:48,,,0.98,0.00,16.70,0, ,0
03/25/2010 09:42:49,,,0.98,0.00,16.70,1, ,0
03/25/2010 09:42:50,,,0.98,0.00,17.02,2, ,0
03/25/2010 09:42:52,,,0.98,0.00,16.70,0, ,0
03/25/2010 09:42:53,,,0.98,0.00,16.70,1, ,0
03/25/2010 09:42:54,,,0.98,0.00,16.70,1, ,0
03/25/2010 09:42:55,,,0.98,0.00,16.70,0, ,0
03/25/2010 09:42:56,,,0.98,0.00,17.02,2, ,0
03/25/2010 09:42:57,,,0.98,0.00,16.70,0, ,0
03/25/2010 09:42:58,,,0.98,0.00,16.70,1, ,0
03/25/2010 09:42:59,,,0.98,0.00,17.02,1, ,0
03/25/2010 09:43:00,,,0.98,0.00,16.70,0, ,0
03/25/2010 09:43:01,,,0.98,0.00,17.02,0, ,0
03/25/2010 09:43:02,,,0.98,0.00,17.02,2, ,0
03/25/2010 09:43:03,,,0.98,0.00,16.70,1, ,0
03/25/2010 09:43:04,,,0.98,0.00,16.70,0, ,0
03/25/2010 09:43:06,,,0.98,0.00,16.70,1, ,0
03/25/2010 09:43:07,,,0.98,0.00,16.70,0, ,0
03/25/2010 09:43:08,,,0.98,0.00,17.02,1, ,0
03/25/2010 09:43:09,,,0.98,0.00,16.70,0, ,0
03/25/2010 09:43:10,,,0.98,0.00,17.02,2, ,0
03/25/2010 09:43:11,,,0.98,0.00,17.02,1, ,0
03/25/2010 09:43:12,,,0.98,0.00,16.70,0, ,0
03/25/2010 09:43:13,,,0.98,0.00,16.70,2, ,0
03/25/2010 09:43:14,,,0.98,0.00,17.02,0, ,0
03/25/2010 09:43:15,,,0.98,0.00,16.70,0, ,0
03/25/2010 09:43:16,,,0.98,0.00,16.70,1, ,0
03/25/2010 09:43:17,,,0.98,0.00,16.70,1, ,0
03/25/2010 09:43:18,,,0.98,0.00,17.02,0, ,0
03/25/2010 09:43:20,,,0.98,0.00,17.02,0, ,0
03/25/2010 09:43:21,,,0.98,0.00,16.70,0, ,0
03/25/2010 09:43:22,,,0.98,0.00,16.70,0, ,0
03/25/2010 09:43:23,,,0.98,0.00,16.70,0, ,0
03/25/2010 09:43:24,,,0.98,0.00,17.02,0, ,0
03/25/2010 09:43:25,,,0.98,0.00,17.02,1, ,0
03/25/2010 09:43:26,,,0.98,0.00,16.70,0, ,0
03/25/2010 09:43:27,,,0.98,0.00,17.02,0, ,0
03/25/2010 09:43:28,,,0.98,0.00,16.70,1, ,0
03/25/2010 09:43:29,,,0.98,0.00,17.02,2, ,0
03/25/2010 09:43:30,,,0.98,0.00,17.02,0, ,0
03/25/2010 09:43:31,,,0.98,0.00,17.02,0, ,0
03/25/2010 09:43:32,,,0.98,0.00,16.70,0, ,0
03/25/2010 09:43:33,,,0.98,0.00,17.02,0, ,0
03/25/2010 09:43:35,,,0.98,0.00,16.70,1, ,0
03/25/2010 09:43:36,,,1.02,0.00,17.02,0, ,0
03/25/2010 09:43:37,,,0.98,0.00,16.70,2, ,0
03/25/2010 09:43:38,,,0.98,0.00,17.02,1, ,0
03/25/2010 09:43:39,,,0.98,0.00,17.02,1, ,0
03/25/2010 09:43:40,,,0.98,0.00,16.70,1, ,0
03/25/2010 09:43:41,,,0.98,0.00,17.02,0, ,0
03/25/2010 09:43:42,,,0.98,0.00,16.70,1, ,0
03/25/2010 09:43:43,,,0.98,0.00,16.70,1, ,0
03/25/2010 09:43:44,,,0.98,0.00,17.02,2, ,0
03/25/2010 09:43:45,,,0.98,0.00,17.02,2, ,0
03/25/2010 09:43:46,,,0.98,0.00,17.02,1, ,0
03/25/2010 09:43:47,,,0.98,0.00,17.02,1, ,0
03/25/2010 09:43:49,,,0.98,0.00,16.70,1, ,0
03/25/2010 09:43:50,,,0.98,0.00,16.70,5, ,0
03/25/2010 09:43:51,,,0.98,0.00,17.02,3, ,0
03/25/2010 09:43:52,,,0.98,0.00,16.70,1, ,0
03/25/2010 09:43:53,,,0.98,0.00,17.02,1, ,0
03/25/2010 09:43:54,,,0.98,0.00,17.02,2, ,0
03/25/2010 09:43:55,,,0.98,0.00,16.70,6, ,0
03/25/2010 09:43:56,,,0.98,0.00,17.02,2, ,0
03/25/2010 09:43:57,,,0.98,0.00,17.02,2, ,0
03/25/2010 09:43:58,,,0.98,0.00,17.02,2, ,0
03/25/2010 09:43:59,,,0.98,0.00,16.70,1, ,0
03/25/2010 09:44:00,,,0.98,0.00,16.70,1, ,0
03/25/2010 09:44:01,,,0.98,0.00,17.02,2, ,0
03/25/2010 09:44:03,,,0.98,0.00,17.02,1, ,0
03/25/2010 09:44:04,,,0.98,0.00,17.02,0, ,0
03/25/2010 09:44:05,,,0.98,0.00,17.02,1, ,0
03/25/2010 09:44:06,,,0.98,0.00,17.02,0, ,0
03/25/2010 09:44:07,,,0.98,0.00,17.02,1, ,0
03/25/2010 09:44:08,,,0.98,0.00,17.02,0, ,0
03/25/2010 09:44:09,,,0.98,0.00,17.02,0, ,0
03/25/2010 09:44:10,,,0.98,0.00,17.02,1, ,0
03/25/2010 09:44:11,,,0.98,0.00,16.70,0, ,0
03/25/2010 09:44:12,,,0.98,0.00,17.02,0, ,0
03/25/2010 09:44:13,,,0.98,0.00,17.02,1, ,0
03/25/2010 09:44:14,,,0.98,0.00,17.02,0, ,0
03/25/2010 09:44:15,,,0.98,0.00,16.70,1, ,0
03/25/2010 09:44:16,,,0.98,0.00,17.02,1, ,0
03/25/2010 09:44:18,,,0.98,0.00,17.02,0, ,0
03/25/2010 09:44:19,,,0.98,0.00,17.02,0, ,0
03/25/2010 09:44:20,,,0.98,0.00,17.02,1, ,0
03/25/2010 09:44:21,,,0.98,0.00,17.02,0, ,0
03/25/2010 09:44:22,,,0.98,0.00,17.02,1, ,0
03/25/2010 09:44:23,,,0.98,0.00,17.02,1, ,0
03/25/2010 09:44:24,,,0.98,0.00,17.02,0, ,0
03/25/2010 09:44:25,,,0.98,0.00,17.02,0, ,0
03/25/2010 09:44:26,,,0.98,0.00,17.02,1, ,0
03/25/2010 09:44:27,,,0.98,0.00,17.02,1, ,0
03/25/2010 09:44:28,,,0.98,0.00,17.02,1, ,0
03/25/2010 09:44:29,,,0.98,0.00,16.70,0, ,0
03/25/2010 09:44:30,,,0.98,0.00,17.02,0, ,0
03/25/2010 09:44:32,,,0.98,0.00,17.02,0, ,0
03/25/2010 09:44:33,,,0.98,0.00,17.02,0, ,0
03/25/2010 09:44:34,,,0.98,0.00,17.02,0, ,0
03/25/2010 09:44:35,,,0.98,0.00,16.70,0, ,0
03/25/2010 09:44:36,,,0.98,0.00,17.02,0, ,0
03/25/2010 09:44:37,,,0.98,0.00,17.02,0, ,0
03/25/2010 09:44:38,,,0.98,0.00,16.70,0, ,0
03/25/2010 09:44:39,,,0.98,0.00,17.02,0, ,0
03/25/2010 09:44:40,,,0.98,0.00,17.02,0, ,0
03/25/2010 09:44:41,,,0.98,0.00,17.02,1, ,0
03/25/2010 09:44:42,,,0.98,0.00,17.02,0, ,0
03/25/2010 09:44:43,,,0.98,0.00,17.02,0, ,0
03/25/2010 09:44:44,,,0.98,0.00,16.70,0, ,0
03/25/2010 09:44:46,,,0.98,0.00,17.02,0, ,0
03/25/2010 09:44:47,,,0.98,0.00,16.70,0, ,0
03/25/2010 09:44:48,,,0.98,0.00,17.02,0, ,0
03/25/2010 09:44:49,,,0.98,0.00,17.02,0, ,0
03/25/2010 09:44:50,,,0.98,0.00,17.02,1, ,0
03/25/2010 09:44:51,,,0.98,0.00,17.02,0, ,0
03/25/2010 09:44:52,,,0.98,0.00,16.70,0, ,0
03/25/2010 09:44:53,,,0.98,0.00,17.02,0, ,0
03/25/2010 09:44:54,,,0.98,0.00,17.02,0, ,0
03/25/2010 09:44:55,,,0.98,0.00,17.02,0, ,0
03/25/2010 09:44:56,,,0.98,0.00,17.02,1, ,0
03/25/2010 09:44:57,,,0.98,0.00,16.70,2, ,0
03/25/2010 09:44:58,,,0.98,0.00,17.02,0, ,0
03/25/2010 09:45:00,,,0.98,0.00,17.02,0, ,0
03/25/2010 09:45:01,,,0.98,0.00,17.02,0, ,0
03/25/2010 09:45:02,,,0.98,0.00,17.02,1, ,0
03/25/2010 09:45:03,,,0.98,0.00,17.02,0, ,0
03/25/2010 09:45:04,,,0.98,0.00,16.70,0, ,0
03/25/2010 09:45:05,,,0.98,0.00,17.02,1, ,0
03/25/2010 09:45:06,,,0.98,0.00,17.02,0, ,0
03/25/2010 09:45:07,,,0.98,0.00,17.02,0, ,0
03/25/2010 09:45:08,,,0.98,0.00,17.02,0, ,0
03/25/2010 09:45:09,,,0.98,0.00,17.02,0, ,0
03/25/2010 09:45:10,,,0.98,0.00,17.02,1, ,0
03/25/2010 09:45:11,,,0.98,0.00,16.70,0, ,0
03/25/2010 09:45:12,,,0.98,0.00,16.70,0, ,0
03/25/2010 09:45:14,,,0.98,0.00,17.02,0, ,0
03/25/2010 09:45:15,,,0.98,0.00,17.02,0, ,0
03/25/2010 09:45:16,,,0.98,0.00,16.70,0, ,0
03/25/2010 09:45:17,,,0.98,0.00,17.02,1, ,0
03/25/2010 09:45:18,,,0.98,0.00,17.02,0, ,0
03/25/2010 09:45:19,,,0.98,0.00,17.02,0, ,0
03/25/2010 09:45:20,,,0.98,0.00,17.02,1, ,0
03/25/2010 09:45:21,,,0.98,0.00,17.02,0, ,0
03/25/2010 09:45:22,,,0.98,0.00,16.70,0, ,0
03/25/2010 09:45:23,,,0.98,0.00,16.70,0, ,0
03/25/2010 09:45:24,,,0.98,0.00,17.02,0, ,0
03/25/2010 09:45:25,,,0.98,0.00,17.02,0, ,0
03/25/2010 09:45:27,,,0.98,0.00,17.02,0, ,0
03/25/2010 09:45:28,,,0.98,0.00,17.02,0, ,0
03/25/2010 09:45:29,,,0.98,0.00,16.70,0, ,0
03/25/2010 09:45:30,,,0.98,0.00,17.02,0, ,0
03/25/2010 09:45:31,,,0.98,0.00,17.02,0, ,0
03/25/2010 09:45:32,,,0.98,0.00,17.02,0, ,0
03/25/2010 09:45:33,,,0.98,0.00,17.02,0, ,0
03/25/2010 09:45:34,,,0.98,0.00,17.02,0, ,0
03/25/2010 09:45:35,,,0.98,0.00,17.02,0, ,0
03/25/2010 09:45:36,,,0.98,0.00,16.70,0, ,0
03/25/2010 09:45:37,,,0.98,0.00,16.70,0, ,0
03/25/2010 09:45:38,,,0.98,0.00,17.02,0, ,0
03/25/2010 09:45:39,,,0.98,0.00,17.02,0, ,0
03/25/2010 09:45:40,,,0.98,0.00,17.02,1, ,0
03/25/2010 09:45:42,,,0.98,0.00,17.02,1, ,0
03/25/2010 09:45:43,,,0.98,0.00,17.02,0, ,0
03/25/2010 09:45:44,,,0.98,0.00,17.02,0, ,0
03/25/2010 09:45:45,,,0.98,0.00,16.70,0, ,0
03/25/2010 09:45:46,,,0.98,0.00,17.02,0, ,0
03/25/2010 09:45:47,,,0.98,0.00,16.70,1, ,0
03/25/2010 09:45:48,,,0.98,0.00,17.02,0, ,0
03/25/2010 09:45:49,,,0.98,0.00,17.02,1, ,0
03/25/2010 09:45:50,,,0.98,0.00,17.02,0, ,0
03/25/2010 09:45:51,,,0.98,0.00,17.02,0, ,0
03/25/2010 09:45:52,,,0.98,0.00,17.02,0, ,0
03/25/2010 09:45:53,,,0.98,0.00,17.02,0, ,0
03/25/2010 09:45:54,,,0.98,0.00,17.02,1, ,0
03/25/2010 09:45:56,,,0.98,0.00,17.02,1, ,0
03/25/2010 09:45:57,,,0.98,0.00,17.02,0, ,0
03/25/2010 09:45:58,,,0.98,0.00,17.02,1, ,0
03/25/2010 09:45:59,,,0.98,0.00,17.02,0, ,0
03/25/2010 09:46:00,,,0.98,0.00,17.02,0, ,0
03/25/2010 09:46:01,,,0.98,0.00,17.02,0, ,0
03/25/2010 09:46:02,,,0.98,0.00,17.02,0, ,0
03/25/2010 09:46:03,,,0.98,0.00,17.02,0, ,0
03/25/2010 09:46:04,,,0.98,0.00,17.02,0, ,0
03/25/2010 09:46:05,,,0.98,0.00,17.02,1, ,0
03/25/2010 09:46:06,,,0.98,0.00,17.02,0, ,0
03/25/2010 09:46:07,,,0.98,0.00,17.02,0, ,0
03/25/2010 09:46:08,,,0.98,0.00,17.02,0, ,0
03/25/2010 09:46:09,,,0.98,0.00,17.02,0, ,0
03/25/2010 09:46:11,,,0.98,0.00,17.02,0, ,0
03/25/2010 09:46:12,,,0.98,0.00,17.02,0, ,0
03/25/2010 09:46:13,,,0.98,0.00,16.70,0, ,0
03/25/2010 09:46:14,,,0.98,0.00,17.02,0, ,0
03/25/2010 09:46:15,,,0.98,0.00,16.70,1, ,0
03/25/2010 09:46:16,,,0.98,0.00,17.02,0, ,0
03/25/2010 09:46:17,,,0.98,0.00,17.02,0, ,0
03/25/2010 09:46:18,,,0.98,0.00,17.02,0, ,0
03/25/2010 09:46:19,,,0.98,0.00,17.02,0, ,0
03/25/2010 09:46:20,,,0.98,0.00,17.02,0, ,0
03/25/2010 09:46:21,,,0.98,0.00,17.02,0, ,0
03/25/2010 09:46:22,,,0.98,0.00,17.02,0, ,0
03/25/2010 09:46:23,,,0.98,0.00,17.02,0, ,0
03/25/2010 09:46:25,,,0.98,0.00,16.70,0, ,0
03/25/2010 09:46:26,,,0.98,0.00,17.02,0, ,0
03/25/2010 09:46:27,,,0.98,0.00,17.02,0, ,0
03/25/2010 09:46:28,,,0.98,0.00,17.02,0, ,0
03/25/2010 09:46:29,,,0.98,0.00,17.02,1, ,0
03/25/2010 09:46:30,,,0.98,0.00,17.02,0, ,0
03/25/2010 09:46:31,,,0.98,0.00,17.02,1, ,0
03/25/2010 09:46:32,,,0.98,0.00,17.02,0, ,0
03/25/2010 09:46:33,,,0.98,0.00,17.02,1, ,0
03/25/2010 09:46:34,,,0.98,0.00,17.02,1, ,0
03/25/2010 09:46:35,,,0.98,0.00,17.02,0, ,0
03/25/2010 09:46:36,,,0.98,0.00,16.70,0, ,0
03/25/2010 09:46:37,,,0.98,0.00,17.02,0, ,0
03/25/2010 09:46:38,,,0.98,0.00,17.02,0, ,0
03/25/2010 09:46:40,,,0.98,0.00,17.02,0, ,0
03/25/2010 09:46:41,,,0.98,0.00,17.02,0, ,0
03/25/2010 09:46:42,,,0.98,0.00,17.02,0, ,0
03/25/2010 09:46:43,,,0.98,0.00,16.70,0, ,0
03/25/2010 09:46:44,,,0.98,0.00,17.02,0, ,0
03/25/2010 09:46:45,,,0.98,0.00,17.02,0, ,0
03/25/2010 09:46:46,,,0.98,0.00,17.02,1, ,0
03/25/2010 09:46:47,,,0.98,0.00,17.02,0, ,0
03/25/2010 09:46:48,,,0.98,0.00,17.02,0, ,0
03/25/2010 09:46:49,,,0.98,0.00,17.02,0, ,0
03/25/2010 09:46:50,,,0.98,0.00,17.02,0, ,0
03/25/2010 09:46:51,,,0.98,0.00,17.02,0, ,0
03/25/2010 09:46:52,,,0.98,0.00,17.02,0, ,0
03/25/2010 09:46:54,,,0.98,0.00,17.02,0, ,0
03/25/2010 09:46:55,,,0.98,0.00,17.02,1, ,0
03/25/2010 09:46:56,,,0.98,0.00,17.02,0, ,0
03/25/2010 09:46:57,,,0.98,0.00,17.02,0, ,0
03/25/2010 09:46:58,,,0.98,0.00,17.02,0, ,0
03/25/2010 09:46:59,,,0.98,0.00,17.02,0, ,0
03/25/2010 09:47:00,,,0.98,0.00,17.02,0, ,0
03/25/2010 09:47:01,,,0.98,0.00,17.02,0, ,0
03/25/2010 09:47:02,,,0.98,0.00,16.70,0, ,0
03/25/2010 09:47:03,,,0.98,0.00,17.02,0, ,0
03/25/2010 09:47:04,,,0.98,0.00,17.02,0, ,0
03/25/2010 09:47:05,,,0.98,0.00,16.70,1, ,0
03/25/2010 09:47:06,,,0.98,0.00,17.02,0, ,0
03/25/2010 09:47:08,,,0.98,0.00,17.02,0, ,0
03/25/2010 09:47:09,,,0.98,0.00,17.02,1, ,0
03/25/2010 09:47:10,,,0.98,0.00,16.70,0, ,0
03/25/2010 09:47:11,,,0.98,0.00,17.02,0, ,0
03/25/2010 09:47:12,,,0.98,0.00,17.02,0, ,0
03/25/2010 09:47:13,,,0.98,0.00,17.02,0, ,0
03/25/2010 09:47:14,,,0.98,0.00,17.02,0, ,0
03/25/2010 09:47:15,,,0.98,0.00,17.02,0, ,0
03/25/2010 09:47:16,,,0.98,0.00,17.02,0, ,0
03/25/2010 09:47:17,,,0.98,0.00,17.02,1, ,0
03/25/2010 09:47:18,,,0.98,0.00,17.02,2, ,0
03/25/2010 09:47:19,,,0.98,0.00,17.02,1, ,0
03/25/2010 09:47:20,,,0.98,0.00,17.02,0, ,0
03/25/2010 09:47:22,,,0.98,0.00,17.02,1, ,0
03/25/2010 09:47:23,,,0.98,0.00,17.02,1, ,0
03/25/2010 09:47:24,,,0.98,0.00,17.02,1, ,0
03/25/2010 09:47:25,,,0.98,0.00,17.02,1, ,0
03/25/2010 09:47:26,,,0.98,0.00,17.02,1, ,0
03/25/2010 09:47:27,,,0.98,0.00,17.02,1, ,0
03/25/2010 09:47:28,,,0.98,0.00,17.02,1, ,0
03/25/2010 09:47:29,,,0.98,0.00,17.02,0, ,0
03/25/2010 09:47:30,,,0.98,0.00,17.02,1, ,0
03/25/2010 09:47:31,,,0.98,0.00,17.02,0, ,0
03/25/2010 09:47:32,,,0.98,0.00,16.70,1, ,0
03/25/2010 09:47:33,,,0.98,0.00,17.02,0, ,0
03/25/2010 09:47:34,,,0.98,0.00,17.02,0, ,0
03/25/2010 09:47:36,,,0.98,0.00,17.02,0, ,0
03/25/2010 09:47:37,,,0.98,0.00,17.02,0, ,0
03/25/2010 09:47:38,,,0.98,0.00,17.02,0, ,0
03/25/2010 09:47:39,,,0.98,0.00,17.02,0, ,0
03/25/2010 09:47:40,,,0.98,0.00,17.02,0, ,0
03/25/2010 09:47:41,,,0.98,0.00,17.02,0, ,0
03/25/2010 09:47:42,,,0.98,0.00,17.02,0, ,0
03/25/2010 09:47:43,,,0.98,0.00,17.02,2, ,0
03/25/2010 09:47:44,,,0.98,0.00,17.02,0, ,0
03/25/2010 09:47:45,,,0.98,0.00,17.02,0, ,0
03/25/2010 09:47:46,,,0.98,0.00,17.02,0, ,0
03/25/2010 09:47:47,,,0.98,0.00,17.02,0, ,0
03/25/2010 09:47:48,,,0.98,0.00,17.02,0, ,0
03/25/2010 09:47:50,,,0.98,0.00,17.02,0, ,0
03/25/2010 09:47:51,,,0.98,0.00,17.02,0, ,0
03/25/2010 09:47:52,,,0.98,0.00,17.02,0, ,0
03/25/2010 09:47:53,,,0.98,0.00,17.02,0, ,0
03/25/2010 09:47:54,,,0.98,0.00,17.02,1, ,0
03/25/2010 09:47:55,,,0.98,0.00,17.02,0, ,0
03/25/2010 09:47:56,,,0.98,0.00,17.02,0, ,0
03/25/2010 09:47:57,,,0.98,0.00,17.02,1, ,0
03/25/2010 09:47:58,,,0.98,0.00,17.02,0, ,0
03/25/2010 09:47:59,,,0.98,0.00,17.02,1, ,0
03/25/2010 09:48:00,,,0.98,0.00,17.02,0, ,0
03/25/2010 09:48:01,,,0.98,0.00,17.02,0, ,0
03/25/2010 09:48:02,,,0.98,0.00,17.02,0, ,0
03/25/2010 09:48:04,,,0.98,0.00,17.02,1, ,0
03/25/2010 09:48:05,,,0.98,0.00,17.02,1, ,0
03/25/2010 09:48:06,,,0.98,0.00,17.02,1, ,0
03/25/2010 09:48:07,,,0.98,0.00,17.02,1, ,0
03/25/2010 09:48:08,,,0.98,0.00,17.02,0, ,0
03/25/2010 09:48:09,,,0.98,0.00,17.02,0, ,0
03/25/2010 09:48:10,,,0.98,0.00,17.02,1, ,0
03/25/2010 09:48:11,,,0.98,0.00,17.02,1, ,0
03/25/2010 09:48:12,,,0.98,0.00,17.02,0, ,0
03/25/2010 09:48:13,,,0.98,0.00,17.02,0, ,0
03/25/2010 09:48:14,,,0.98,0.00,17.02,1, ,0
03/25/2010 09:48:15,,,0.98,0.00,17.02,0, ,0
03/25/2010 09:48:16,,,0.98,0.00,17.02,0, ,0
03/25/2010 09:48:18,,,0.98,0.00,17.02,1, ,0
03/25/2010 09:48:19,,,0.98,0.00,17.02,0, ,0
03/25/2010 09:48:20,,,0.98,0.00,17.02,1, ,0
03/25/2010 09:48:21,,,0.98,0.00,17.02,0, ,0
03/25/2010 09:48:22,,,0.98,0.00,17.02,0, ,0
03/25/2010 09:48:23,,,0.98,0.00,17.02,1, ,0
03/25/2010 09:48:24,,,0.98,0.00,17.02,1, ,0
03/25/2010 09:48:25,,,0.98,0.00,17.02,0, ,0
03/25/2010 09:48:26,,,0.98,0.00,17.02,1, ,0
03/25/2010 09:48:27,,,0.98,0.00,17.02,1, ,0
03/25/2010 09:48:28,,,0.98,0.00,17.02,1, ,0
03/25/2010 09:48:29,,,0.98,0.00,17.02,0, ,0
03/25/2010 09:48:30,,,0.98,0.00,17.02,0, ,0
03/25/2010 09:48:32,,,0.98,0.00,17.02,1, ,0
03/25/2010 09:48:33,,,0.98,0.00,17.02,1, ,0
03/25/2010 09:48:34,,,0.98,0.00,17.02,0, ,0
03/25/2010 09:48:35,,,0.98,0.00,17.02,0, ,0
03/25/2010 09:48:36,,,0.98,0.00,17.02,2, ,0
03/25/2010 09:48:37,,,0.98,0.00,17.02,1, ,0
03/25/2010 09:48:38,,,0.98,0.00,17.02,1, ,0
03/25/2010 09:48:39,,,0.98,0.00,17.02,0, ,0
03/25/2010 09:48:40,,,0.98,0.00,17.02,0, ,0
03/25/2010 09:48:41,,,0.98,0.00,17.02,1, ,0
03/25/2010 09:48:42,,,0.98,0.00,17.02,0, ,0
03/25/2010 09:48:43,,,0.98,0.00,17.02,0, ,0
03/25/2010 09:48:44,,,0.98,0.00,17.02,0, ,0
03/25/2010 09:48:46,,,0.98,0.00,17.02,0, ,0
03/25/2010 09:48:47,,,0.98,0.00,17.02,0, ,0
03/25/2010 09:48:48,,,0.98,0.00,17.02,1, ,0
03/25/2010 09:48:49,,,0.98,0.00,17.02,1, ,0
03/25/2010 09:48:50,,,0.98,0.00,17.02,0, ,0
03/25/2010 09:48:51,,,0.98,0.00,17.02,0, ,0
03/25/2010 09:48:52,,,0.98,0.00,17.02,0, ,0
03/25/2010 09:48:53,,,0.98,0.00,17.02,1, ,0
03/25/2010 09:48:54,,,0.98,0.00,17.02,0, ,0
03/25/2010 09:48:55,,,0.98,0.00,17.02,2, ,0
03/25/2010 09:48:56,,,0.98,0.00,17.02,0, ,0
03/25/2010 09:48:57,,,0.98,0.00,17.02,0, ,0
03/25/2010 09:48:58,,,0.98,0.00,17.02,0, ,0
03/25/2010 09:49:00,,,0.98,0.00,17.02,1, ,0
03/25/2010 09:49:01,,,0.98,0.00,17.02,0, ,0
03/25/2010 09:49:02,,,0.98,0.00,17.02,0, ,0
03/25/2010 09:49:03,,,0.98,0.00,17.02,1, ,0
03/25/2010 09:49:04,,,0.98,0.00,17.02,0, ,0
03/25/2010 09:49:05,,,0.98,0.00,17.02,1, ,0
03/25/2010 09:49:06,,,0.98,0.00,17.02,0, ,0
03/25/2010 09:49:07,,,0.98,0.00,17.02,1, ,0
03/25/2010 09:49:08,,,0.98,0.00,17.02,0, ,0
03/25/2010 09:49:09,,,0.98,0.00,17.02,0, ,0
03/25/2010 09:49:10,,,0.98,0.00,17.02,1, ,0
03/25/2010 09:49:11,,,0.98,0.00,17.02,0, ,0
03/25/2010 09:49:12,,,0.98,0.00,17.02,0, ,0
03/25/2010 09:49:14,,,0.98,0.00,17.02,1, ,0
03/25/2010 09:49:15,,,0.98,0.00,17.02,1, ,0
03/25/2010 09:49:16,,,0.98,0.00,17.02,1, ,0
03/25/2010 09:49:17,,,0.98,0.00,17.02,1, ,0
03/25/2010 09:49:18,,,0.98,0.00,17.02,0, ,0
03/25/2010 09:49:19,,,0.98,0.00,17.02,1, ,0
03/25/2010 09:49:20,,,0.98,0.00,17.02,1, ,0
03/25/2010 09:49:21,,,0.98,0.00,17.02,1, ,0
03/25/2010 09:49:22,,,0.98,0.00,17.02,0, ,0
03/25/2010 09:49:23,,,0.98,0.00,17.02,1, ,0
03/25/2010 09:49:24,,,0.98,0.00,17.02,0, ,0
03/25/2010 09:49:25,,,0.98,0.00,17.02,0, ,0
03/25/2010 09:49:26,,,0.98,0.00,16.70,1, ,0
03/25/2010 09:49:28,,,0.98,0.00,17.02,1, ,0
03/25/2010 09:49:29,,,0.98,0.00,17.02,0, ,0
03/25/2010 09:49:30,,,0.98,0.00,17.02,0, ,0
03/25/2010 09:49:31,,,0.98,0.00,17.02,0, ,0
03/25/2010 09:49:32,,,0.98,0.00,17.02,1, ,0
03/25/2010 09:49:33,,,0.98,0.00,17.02,0, ,0
03/25/2010 09:49:34,,,0.98,0.00,17.02,0, ,0
03/25/2010 09:49:35,,,0.98,0.00,17.02,1, ,0
03/25/2010 09:49:36,,,0.98,0.00,17.02,0, ,0
03/25/2010 09:49:37,,,0.98,0.00,17.02,0, ,0
03/25/2010 09:49:38,,,0.98,0.00,17.02,2, ,0
03/25/2010 09:49:39,,,0.98,0.00,17.02,0, ,0
03/25/2010 09:49:40,,,0.98,0.00,17.02,1, ,0
03/25/2010 09:49:41,,,0.98,0.00,17.02,0, ,0
03/25/2010 09:49:43,,,0.98,0.00,17.02,0, ,0
03/25/2010 09:49:44,,,0.98,0.00,17.02,1, ,0
03/25/2010 09:49:45,,,0.98,0.00,17.02,1, ,0
03/25/2010 09:49:46,,,0.98,0.00,17.02,1, ,0
03/25/2010 09:49:47,,,0.98,0.00,17.02,0, ,0
03/25/2010 09:49:48,,,0.98,0.00,17.02,1, ,0
03/25/2010 09:49:49,,,0.98,0.00,17.02,1, ,0
03/25/2010 09:49:50,,,0.98,0.00,17.02,0, ,0
03/25/2010 09:49:51,,,0.98,0.00,17.02,1, ,0
03/25/2010 09:49:52,,,0.98,0.00,17.02,1, ,0
03/25/2010 09:49:53,,,0.98,0.00,17.02,7, ,0
03/25/2010 09:49:54,,,0.98,0.00,17.02,1, ,0
03/25/2010 09:49:55,,,0.98,0.00,17.02,1, ,0
03/25/2010 09:49:57,,,0.98,0.00,17.02,1, ,0
03/25/2010 09:49:58,,,0.98,0.00,17.02,0, ,0
03/25/2010 09:49:59,,,0.98,0.00,17.02,0, ,0
03/25/2010 09:50:00,,,0.98,0.00,17.02,1, ,0
03/25/2010 09:50:01,,,0.98,0.00,17.02,1, ,0
03/25/2010 09:50:02,,,0.98,0.00,17.02,0, ,0
03/25/2010 09:50:03,,,0.98,0.00,17.02,1, ,0
03/25/2010 09:50:04,,,0.98,0.00,17.02,0, ,0
03/25/2010 09:50:05,,,0.98,0.00,17.02,1, ,0
03/25/2010 09:50:06,,,0.98,0.00,17.02,1, ,0
03/25/2010 09:50:07,,,0.98,0.00,17.02,0, ,0
03/25/2010 09:50:08,,,0.98,0.00,17.02,0, ,0
03/25/2010 09:50:09,,,0.98,0.00,17.02,1, ,0
03/25/2010 09:50:11,,,0.98,0.00,17.02,1, ,0
03/25/2010 09:50:12,,,0.98,0.00,17.02,1, ,0
03/25/2010 09:50:13,,,0.98,0.00,17.02,1, ,0
03/25/2010 09:50:14,,,0.98,0.00,17.02,1, ,0
03/25/2010 09:50:15,,,0.98,0.00,17.02,1, ,0
03/25/2010 09:50:16,,,0.98,0.00,17.02,0, ,0
03/25/2010 09:50:17,,,0.98,0.00,17.02,0, ,0
03/25/2010 09:50:18,,,0.98,0.00,17.02,1, ,0
03/25/2010 09:50:19,,,0.98,0.00,17.02,0, ,0
03/25/2010 09:50:20,,,0.98,0.00,17.02,1, ,0
03/25/2010 09:50:21,,,0.98,0.00,17.02,1, ,0
03/25/2010 09:50:22,,,0.98,0.00,17.02,1, ,0
03/25/2010 09:50:23,,,0.98,0.00,17.02,0, ,0
03/25/2010 09:50:25,,,0.98,0.00,17.02,0, ,0
03/25/2010 09:50:26,,,0.98,0.00,17.02,0, ,0
03/25/2010 09:50:27,,,0.98,0.00,17.02,1, ,0
03/25/2010 09:50:28,,,0.98,0.00,17.02,0, ,0
03/25/2010 09:50:29,,,0.98,0.00,17.02,0, ,0
03/25/2010 09:50:30,,,0.98,0.00,17.02,0, ,0
03/25/2010 09:50:31,,,0.98,0.00,17.02,1, ,0
03/25/2010 09:50:32,,,0.98,0.00,17.02,0, ,0
03/25/2010 09:50:33,,,0.98,0.00,17.02,1, ,0
03/25/2010 09:50:34,,,0.98,0.00,17.02,1, ,0
03/25/2010 09:50:35,,,0.98,0.00,17.02,0, ,0
03/25/2010 09:50:36,,,0.98,0.00,17.02,2, ,0
03/25/2010 09:50:37,,,0.98,0.00,17.02,1, ,0
03/25/2010 09:50:39,,,0.98,0.00,17.02,0, ,0
03/25/2010 09:50:40,,,0.98,0.00,17.02,2, ,0
03/25/2010 09:50:41,,,0.98,0.00,17.02,1, ,0
03/25/2010 09:50:42,,,0.98,0.00,17.02,0, ,0
03/25/2010 09:50:43,,,0.98,0.00,17.02,0, ,0
03/25/2010 09:50:44,,,0.98,0.00,17.02,1, ,0
03/25/2010 09:50:45,,,0.98,0.00,17.02,0, ,0
03/25/2010 09:50:46,,,0.98,0.00,17.02,1, ,0
03/25/2010 09:50:47,,,0.98,0.00,17.02,1, ,0
03/25/2010 09:50:48,,,0.98,0.00,17.02,1, ,0
03/25/2010 09:50:49,,,0.98,0.00,17.02,2, ,0
03/25/2010 09:50:50,,,0.98,0.00,17.02,1, ,0
03/25/2010 09:50:51,,,0.98,0.00,17.02,0, ,0
03/25/2010 09:50:53,,,0.98,0.00,17.02,0, ,0
03/25/2010 09:50:54,,,0.98,0.00,17.02,1, ,0
03/25/2010 09:50:55,,,0.98,0.00,17.02,1, ,0
03/25/2010 09:50:56,,,0.98,0.00,17.02,0, ,0
03/25/2010 09:50:57,,,0.98,0.00,17.02,3, ,0
03/25/2010 09:50:58,,,0.98,0.00,17.02,0, ,0
03/25/2010 09:50:59,,,0.98,0.00,17.02,0, ,0
03/25/2010 09:51:00,,,0.98,0.00,17.02,1, ,0
03/25/2010 09:51:01,,,0.98,0.00,17.02,1, ,0
03/25/2010 09:51:02,,,0.98,0.00,17.02,2, ,0
03/25/2010 09:51:03,,,0.98,0.00,17.02,0, ,0
03/25/2010 09:51:04,,,0.98,0.00,17.02,2, ,0
03/25/2010 09:51:05,,,0.98,0.00,17.02,0, ,0
03/25/2010 09:51:07,,,0.98,0.00,17.02,0, ,0
03/25/2010 09:51:08,,,0.98,0.00,17.02,1, ,0
03/25/2010 09:51:09,,,0.98,0.00,17.02,1, ,0
03/25/2010 09:51:10,,,0.98,0.00,17.02,0, ,0
03/25/2010 09:51:11,,,0.98,0.00,17.02,2, ,0
03/25/2010 09:51:12,,,0.98,0.00,17.02,1, ,0
03/25/2010 09:51:13,,,0.98,0.00,17.02,4, ,0
03/25/2010 09:51:14,,,0.98,0.00,17.02,0, ,0
03/25/2010 09:51:15,,,0.98,0.00,17.02,2, ,0
03/25/2010 09:51:16,,,0.98,0.00,17.02,0, ,0
03/25/2010 09:51:17,,,0.98,0.00,17.02,0, ,0
03/25/2010 09:51:18,,,0.98,0.00,17.02,0, ,0
03/25/2010 09:51:19,,,0.98,0.00,17.02,0, ,0
03/25/2010 09:51:21,,,0.98,0.00,17.02,0, ,0
03/25/2010 09:51:22,,,0.98,0.00,17.02,0, ,0
03/25/2010 09:51:23,,,0.98,0.00,17.02,0, ,0
03/25/2010 09:51:24,,,0.98,0.00,17.02,0, ,0
03/25/2010 09:51:25,,,0.98,0.00,17.02,0, ,0
03/25/2010 09:51:26,,,0.98,0.00,17.02,0, ,0
03/25/2010 09:51:27,,,0.98,0.00,17.02,1, ,0
03/25/2010 09:51:28,,,0.98,0.00,17.02,3, ,0
03/25/2010 09:51:29,,,0.98,0.00,17.02,0, ,0
03/25/2010 09:51:30,,,0.98,0.00,17.02,1, ,0
03/25/2010 09:51:31,,,0.98,0.00,17.02,13, ,0
03/25/2010 09:51:32,,,0.98,0.00,17.02,9, ,0
03/25/2010 09:51:33,,,0.98,0.00,17.02,6, ,0
03/25/2010 09:51:34,,,0.98,0.00,17.02,5, ,0
03/25/2010 09:51:36,,,0.98,0.00,17.02,2, ,0
03/25/2010 09:51:37,,,0.98,0.00,17.02,3, ,0
03/25/2010 09:51:38,,,0.98,0.00,17.02,3, ,0
03/25/2010 09:51:39,,,0.98,0.00,17.02,10, ,0
03/25/2010 09:51:40,,,0.98,0.00,17.02,5, ,0
03/25/2010 09:51:41,,,0.98,0.00,17.02,3, ,0
03/25/2010 09:51:42,,,0.98,0.00,17.02,3, ,0
03/25/2010 09:51:43,,,0.98,0.00,17.02,3, ,0
03/25/2010 09:51:44,,,0.98,0.00,17.02,3, ,0
03/25/2010 09:51:45,,,0.98,0.00,17.02,3, ,0
03/25/2010 09:51:46,,,0.98,0.00,17.02,4, ,0
03/25/2010 09:51:47,,,0.98,0.00,17.02,2, ,0
03/25/2010 09:51:48,,,0.98,0.00,17.02,3, ,0
03/25/2010 09:51:50,,,0.98,0.00,17.02,3, ,0
03/25/2010 09:51:51,,,0.98,0.00,17.02,3, ,0
03/25/2010 09:51:52,,,0.98,0.00,17.02,2, ,0
03/25/2010 09:51:53,,,0.98,0.00,17.02,5, ,0
03/25/2010 09:51:54,,,0.98,0.00,17.02,3, ,0
03/25/2010 09:51:55,,,0.98,0.00,17.02,4, ,0
03/25/2010 09:51:56,,,0.98,0.00,17.02,4, ,0
03/25/2010 09:51:57,,,0.98,0.00,17.02,3, ,0
03/25/2010 09:51:58,,,0.98,0.00,17.02,2, ,0
03/25/2010 09:51:59,,,0.98,0.00,17.02,3, ,0
03/25/2010 09:52:00,,,0.98,0.00,17.02,2, ,0
03/25/2010 09:52:01,,,0.98,0.00,17.02,4, ,0
03/25/2010 09:52:02,,,0.98,0.00,17.02,3, ,0
03/25/2010 09:52:04,,,0.98,0.00,17.02,1, ,0
03/25/2010 09:52:05,,,0.98,0.00,17.02,3, ,0
03/25/2010 09:52:06,,,0.98,0.00,17.02,4, ,0
03/25/2010 09:52:07,,,0.98,0.00,17.02,4, ,0
03/25/2010 09:52:08,,,0.98,0.00,17.02,3, ,0
03/25/2010 09:52:09,,,0.98,0.00,17.02,7, ,0
03/25/2010 09:52:10,,,0.98,0.00,17.02,2, ,0
03/25/2010 09:52:11,,,0.98,0.00,17.02,3, ,0
03/25/2010 09:52:12,,,0.98,0.00,17.02,1, ,0
03/25/2010 09:52:13,,,0.98,0.00,17.02,2, ,0
03/25/2010 09:52:14,,,0.98,0.00,17.02,4, ,0
03/25/2010 09:52:15,,,0.98,0.00,17.02,6, ,0
03/25/2010 09:52:16,,,0.98,0.00,17.02,9, ,0
03/25/2010 09:52:18,,,0.98,0.00,17.02,11, ,0
03/25/2010 09:52:19,,,0.98,0.00,17.02,6, ,0
03/25/2010 09:52:20,,,0.98,0.00,17.02,8, ,0
03/25/2010 09:52:21,,,0.98,0.00,17.02,6, ,0
03/25/2010 09:52:22,,,0.98,0.00,17.02,9, ,0
03/25/2010 09:52:23,,,0.98,0.00,17.02,12, ,0
03/25/2010 09:52:24,,,0.98,0.00,17.02,9, ,0
03/25/2010 09:52:25,,,0.98,0.00,17.02,5, ,0
03/25/2010 09:52:26,,,0.98,0.00,17.02,7, ,0
03/25/2010 09:52:27,,,0.98,0.00,17.02,6, ,0
03/25/2010 09:52:28,,,0.98,0.00,17.02,7, ,0
03/25/2010 09:52:29,,,0.98,0.00,17.02,9, ,0
03/25/2010 09:52:30,,,0.98,0.00,17.02,6, ,0
03/25/2010 09:52:32,,,0.98,0.00,17.02,5, ,0
03/25/2010 09:52:33,,,0.98,0.00,17.02,6, ,0
03/25/2010 09:52:34,,,0.98,0.00,17.02,5, ,0
03/25/2010 09:52:35,,,0.98,0.00,17.02,6, ,0
03/25/2010 09:52:36,,,0.98,0.00,17.02,4, ,0
03/25/2010 09:52:37,,,0.98,0.00,17.02,4, ,0
03/25/2010 09:52:38,,,0.98,0.00,17.02,3, ,0
03/25/2010 09:52:39,,,0.98,0.00,17.02,3, ,0
03/25/2010 09:52:40,,,0.98,0.00,17.02,5, ,0
03/25/2010 09:52:41,,,0.94,0.00,17.02,22, ,0
03/25/2010 09:52:42,,,0.98,0.00,17.02,8, ,0
03/25/2010 09:52:43,,,0.98,0.00,17.02,15, ,0
03/25/2010 09:52:44,,,1.02,0.00,17.02,5, ,0
03/25/2010 09:52:46,,,1.02,0.00,17.02,2, ,0
03/25/2010 09:52:47,,,1.02,0.00,17.02,4, ,0
03/25/2010 09:52:48,,,1.02,0.00,17.02,6, ,0
03/25/2010 09:52:49,,,1.02,0.00,17.02,4, ,0
03/25/2010 09:52:50,,,1.02,0.00,17.02,5, ,0
03/25/2010 09:52:51,,,1.02,0.00,17.02,5, ,0
03/25/2010 09:52:52,,,1.02,0.00,17.02,3, ,0
03/25/2010 09:52:53,,,1.02,0.00,17.02,5, ,0
03/25/2010 09:52:54,,,1.02,0.00,17.02,5, ,0
03/25/2010 09:52:55,,,1.02,0.00,17.02,5, ,0
03/25/2010 09:52:56,,,1.02,0.00,17.02,4, ,0
03/25/2010 09:52:57,,,1.02,0.00,17.02,6, ,0
03/25/2010 09:52:59,,,1.02,0.00,17.02,6, ,0
03/25/2010 09:53:00,,,1.02,0.00,17.02,5, ,0
03/25/2010 09:53:01,,,1.02,0.00,17.02,5, ,0
03/25/2010 09:53:02,,,1.02,0.00,17.02,10, ,1
03/25/2010 09:53:03,,,1.02,0.00,17.02,11, ,0
03/25/2010 09:53:04,,,1.02,0.00,17.02,5, ,0
03/25/2010 09:53:05,,,1.02,0.00,17.02,4, ,0
03/25/2010 09:53:06,,,1.02,0.00,17.02,5, ,0
03/25/2010 09:53:07,,,1.02,0.00,17.02,3, ,0
03/25/2010 09:53:08,,,1.02,0.00,17.02,4, ,0
03/25/2010 09:53:09,,,1.02,0.00,17.02,7, ,0
03/25/2010 09:53:10,,,0.98,0.00,17.02,7, ,0
03/25/2010 09:53:11,,,1.02,0.00,17.02,4, ,0
03/25/2010 09:53:12,,,1.02,0.00,17.02,4, ,0
03/25/2010 09:53:14,,,1.02,0.00,17.02,3, ,0
03/25/2010 09:53:15,,,1.02,0.00,17.02,7, ,0
03/25/2010 09:53:16,,,1.02,0.00,17.02,5, ,0
03/25/2010 09:53:17,,,1.02,0.00,17.02,4, ,0
03/25/2010 09:53:18,,,1.02,0.00,17.02,4, ,0
03/25/2010 09:53:19,,,1.02,0.00,17.02,3, ,0
03/25/2010 09:53:20,,,1.02,0.00,17.02,3, ,0
03/25/2010 09:53:21,,,0.98,0.00,17.02,3, ,0
03/25/2010 09:53:22,,,1.02,0.00,17.02,2, ,0
03/25/2010 09:53:23,,,1.02,0.00,17.02,3, ,0
03/25/2010 09:53:24,,,1.02,0.00,17.02,3, ,0
03/25/2010 09:53:25,,,1.02,0.00,17.02,4, ,0
03/25/2010 09:53:26,,,1.02,0.00,17.02,4, ,0
03/25/2010 09:53:28,,,1.02,0.00,17.02,5, ,0
03/25/2010 09:53:29,,,1.02,0.00,17.02,4, ,0
03/25/2010 09:53:30,,,1.02,0.00,17.02,4, ,0
03/25/2010 09:53:31,,,1.02,0.00,17.02,5, ,0
03/25/2010 09:53:32,,,1.02,0.00,17.02,6, ,0
03/25/2010 09:53:33,,,1.02,0.00,17.02,2, ,0
03/25/2010 09:53:34,,,1.02,0.00,17.02,4, ,0
03/25/2010 09:53:35,,,1.02,0.00,17.02,3, ,0
03/25/2010 09:53:36,,,1.02,0.00,17.02,2, ,0
03/25/2010 09:53:37,,,1.02,0.00,17.02,16, ,0
03/25/2010 09:53:38,,,1.02,0.00,17.02,9, ,0
03/25/2010 14:07:43,44.2719,-71.715,0.98,795.21,19.60,1,521,0
03/25/2010 14:07:44,44.2719,-71.715,0.98,788.97,19.60,0,523,0
03/25/2010 14:07:45,44.2719,-71.715,0.98,801.39,19.60,1,524,0
03/25/2010 14:07:47,44.2719,-71.71517,0.98,824.50,19.60,0,524,0
