#PPSN:59
#DOU:Fri Feb 05 08:07:23 EST 2010
Time,Latitude,Longitude,Acceleration,Light,Temperature,Sound,Temperature Probe,Pedometer,Altitude
10/28/2006 19:00:03,,,0.94,33.35,19.60,8,33.175666490648008948545861297539150,0, 
10/28/2006 19:00:05,,,0.98,128.66,19.92,9,33.654036284301179138321995464852608,0, 
10/28/2006 19:00:06,,,0.98,212.38,19.92,8,34.049254599072293577981651376146789,0, 
10/28/2006 19:00:07,,,0.98,314.61,19.60,7,34.441395222464547563805104408352668,0, 
10/28/2006 19:00:08,,,0.98,298.25,19.92,9,34.519456964976744186046511627906977,0, 
10/28/2006 19:00:09,,,0.98,72.36,19.92,14,34.597397221355198135198135198135198,0, 
10/28/2006 19:00:10,,,1.17,110.72,19.92,12,34.675216271560373831775700934579439,0, 
10/28/2006 19:00:11,,,1.17,116.72,19.92,6,35.062503413919952718676122931442080,0, 
10/28/2006 19:00:12,,,1.17,66.25,19.92,7,35.293439726095238095238095238095238,0, 
10/28/2006 19:00:13,,,1.02,29.21,19.92,28,35.293439726095238095238095238095238,1, 
10/28/2006 19:00:14,,,0.98,72.36,19.92,4,35.523308973231318944844124700239808,0, 
10/28/2006 19:00:15,,,0.98,212.38,19.92,10,35.752119541836908212560386473429952,0, 
10/28/2006 19:00:16,,,0.98,332.61,19.92,15,35.828155954093801452784503631961259,0, 
10/28/2006 19:00:18,,,0.98,339.76,19.92,3,35.904076018227572815533980582524272,0, 
10/28/2006 19:00:19,,,0.98,330.82,19.92,6,35.904076018227572815533980582524272,0, 
10/28/2006 19:00:20,,,0.98,327.23,19.92,3,35.904076018227572815533980582524272,0, 
10/28/2006 19:00:21,,,0.98,329.03,19.92,3,35.979880063282287104622871046228710,0, 
10/28/2006 19:00:22,,,0.98,332.61,19.92,10,35.979880063282287104622871046228710,0, 
10/28/2006 19:00:23,,,0.98,348.66,19.92,10,35.979880063282287104622871046228710,0, 
10/28/2006 19:00:24,,,0.98,345.11,19.92,13,35.979880063282287104622871046228710,0, 
10/28/2006 19:00:25,,,0.98,352.21,19.92,25,35.979880063282287104622871046228710,0, 
10/28/2006 19:00:26,,,0.98,355.75,19.92,5,35.979880063282287104622871046228710,0, 
10/28/2006 19:00:27,,,0.98,348.66,19.92,8,35.904076018227572815533980582524272,0, 
10/28/2006 19:00:28,,,0.98,352.21,19.92,28,35.904076018227572815533980582524272,0, 
10/28/2006 19:00:29,,,0.98,353.98,19.92,10,35.904076018227572815533980582524272,0, 
10/28/2006 19:00:30,,,0.98,345.11,19.92,6,35.904076018227572815533980582524272,0, 
10/28/2006 19:00:32,,,0.94,348.66,19.92,8,35.904076018227572815533980582524272,0, 
10/28/2006 19:00:33,,,0.98,346.88,19.92,9,35.904076018227572815533980582524272,0, 
10/28/2006 19:00:34,,,0.98,355.75,19.92,6,35.904076018227572815533980582524272,0, 
10/28/2006 19:00:35,,,0.98,353.98,19.92,5,35.904076018227572815533980582524272,0, 
10/28/2006 19:00:36,,,0.98,348.66,19.92,5,35.904076018227572815533980582524272,0, 
10/28/2006 19:00:37,,,0.98,350.43,19.92,6,35.904076018227572815533980582524272,0, 
10/28/2006 19:00:38,,,0.98,348.66,19.92,12,35.904076018227572815533980582524272,0, 
10/28/2006 19:00:39,,,0.98,345.11,19.92,12,35.904076018227572815533980582524272,0, 
10/28/2006 19:00:40,,,0.98,353.98,19.92,4,35.904076018227572815533980582524272,0, 
10/28/2006 19:00:41,,,0.98,350.43,19.92,5,35.904076018227572815533980582524272,0, 
10/28/2006 19:00:42,,,0.98,345.11,19.92,5,35.904076018227572815533980582524272,0, 
10/28/2006 19:00:43,,,0.98,352.21,19.92,7,35.904076018227572815533980582524272,0, 
10/28/2006 19:00:44,,,0.94,350.43,19.92,19,35.904076018227572815533980582524272,0, 
10/28/2006 19:00:46,,,0.98,353.98,19.92,5,35.904076018227572815533980582524272,0, 
10/28/2006 19:00:47,,,0.98,353.98,19.92,7,35.904076018227572815533980582524272,0, 
10/28/2006 19:00:48,,,0.98,353.98,19.92,5,35.904076018227572815533980582524272,0, 
10/28/2006 19:00:49,,,0.98,353.98,19.92,4,35.828155954093801452784503631961259,0, 
10/28/2006 19:00:50,,,0.98,352.21,19.92,6,35.828155954093801452784503631961259,0, 
10/28/2006 19:00:51,,,0.98,350.43,19.92,5,35.828155954093801452784503631961259,0, 
10/28/2006 19:00:52,,,0.98,348.66,19.92,4,35.828155954093801452784503631961259,0, 
10/28/2006 19:00:53,,,0.98,352.21,19.92,4,35.828155954093801452784503631961259,0, 
10/28/2006 19:00:54,,,0.98,350.43,19.92,5,35.828155954093801452784503631961259,0, 
10/28/2006 19:00:55,,,0.98,353.98,19.92,9,35.828155954093801452784503631961259,0, 
10/28/2006 19:00:56,,,0.98,346.88,19.92,7,35.752119541836908212560386473429952,0, 
10/28/2006 19:00:57,,,0.98,353.98,19.92,4,35.752119541836908212560386473429952,0, 
10/28/2006 19:00:59,,,0.98,353.98,19.92,5,35.752119541836908212560386473429952,0, 
10/28/2006 19:01:00,,,0.98,352.21,19.92,10,35.752119541836908212560386473429952,0, 
10/28/2006 19:01:01,,,0.98,348.66,19.92,7,35.752119541836908212560386473429952,0, 
10/28/2006 19:01:02,,,0.98,352.21,19.92,11,35.752119541836908212560386473429952,0, 
10/28/2006 19:01:03,,,0.98,352.21,19.92,10,35.752119541836908212560386473429952,0, 
10/28/2006 19:01:04,,,0.98,348.66,19.92,13,35.675966455584337349397590361445783,0, 
10/28/2006 19:01:05,,,0.98,346.88,19.92,6,35.675966455584337349397590361445783,0, 
10/28/2006 19:01:06,,,0.98,357.51,19.92,12,35.675966455584337349397590361445783,0, 
10/28/2006 19:01:07,,,0.98,352.21,19.92,9,35.675966455584337349397590361445783,0, 
10/28/2006 19:01:08,,,0.98,348.66,19.92,7,35.675966455584337349397590361445783,0, 
10/28/2006 19:01:09,,,0.98,353.98,19.92,3,35.675966455584337349397590361445783,0, 
10/28/2006 19:01:10,,,0.98,353.98,19.92,5,35.675966455584337349397590361445783,0, 
10/28/2006 19:01:11,,,0.98,355.75,19.92,10,35.675966455584337349397590361445783,0, 
10/28/2006 19:01:13,,,0.98,348.66,19.92,6,35.599696372596923076923076923076923,0, 
10/28/2006 19:01:14,,,0.98,355.75,19.92,8,35.599696372596923076923076923076923,0, 
10/28/2006 19:01:15,,,0.98,350.43,19.92,8,35.599696372596923076923076923076923,0, 
10/28/2006 19:01:16,,,0.98,348.66,19.92,6,35.599696372596923076923076923076923,0, 
10/28/2006 19:01:17,,,0.98,225.69,19.92,7,35.599696372596923076923076923076923,0, 
11/03/2006 07:39:28,,,0.98,257.66,20.24,13,35.599696372596923076923076923076923,0, 
11/03/2006 07:39:29,,,0.98,316.42,20.24,8,35.599696372596923076923076923076923,0, 
11/03/2006 07:39:30,,,0.98,318.22,19.92,6,35.599696372596923076923076923076923,0, 
11/03/2006 07:39:31,,,0.98,312.80,20.24,8,35.523308973231318944844124700239808,0, 
11/03/2006 07:39:32,,,0.98,225.69,19.92,5,35.523308973231318944844124700239808,0, 
11/03/2006 07:39:33,,,0.98,345.11,19.92,5,35.523308973231318944844124700239808,0, 
11/03/2006 07:39:34,,,0.98,345.11,19.92,4,35.523308973231318944844124700239808,0, 
11/03/2006 07:39:36,,,0.98,285.43,19.92,10,35.523308973231318944844124700239808,0, 
11/03/2006 07:39:37,,,0.98,318.22,20.24,9,35.523308973231318944844124700239808,0, 
11/03/2006 07:39:38,,,0.98,334.40,19.92,7,35.523308973231318944844124700239808,0, 
11/03/2006 07:39:39,,,0.98,341.55,20.24,11,35.446803940902966507177033492822967,0, 
11/03/2006 07:39:40,,,0.98,336.19,19.92,12,35.446803940902966507177033492822967,0, 
11/03/2006 07:39:41,,,0.98,337.98,19.92,12,35.446803940902966507177033492822967,0, 
11/03/2006 07:39:42,,,0.98,330.82,20.24,18,35.446803940902966507177033492822967,0, 
11/03/2006 07:39:43,,,0.98,336.19,19.92,4,35.446803940902966507177033492822967,0, 
11/03/2006 07:39:44,,,0.98,334.40,20.24,4,35.446803940902966507177033492822967,0, 
11/03/2006 07:39:45,,,0.98,341.55,20.24,3,35.370180962049594272076372315035800,0, 
11/03/2006 07:39:46,,,0.98,346.88,20.24,6,35.370180962049594272076372315035800,0, 
11/03/2006 07:39:47,,,0.98,355.75,20.24,6,35.370180962049594272076372315035800,0, 
11/03/2006 07:39:48,,,0.98,352.21,19.92,9,35.370180962049594272076372315035800,0, 
11/03/2006 07:39:50,,,0.98,346.88,20.24,5,35.370180962049594272076372315035800,0, 
02/05/2010 07:39:51,,,0.98,350.43,20.24,5,35.370180962049594272076372315035800,0, 
02/05/2010 07:39:52,,,0.98,352.21,20.24,11,35.293439726095238095238095238095238,0, 
02/05/2010 07:39:53,,,0.98,353.98,20.24,7,35.293439726095238095238095238095238,0, 
02/05/2010 07:39:54,,,0.98,345.11,20.24,16,35.293439726095238095238095238095238,0, 
02/05/2010 07:39:55,,,0.98,352.21,20.24,21,35.293439726095238095238095238095238,0, 
02/05/2010 07:39:56,,,0.98,346.88,20.24,4,35.293439726095238095238095238095238,0, 
02/05/2010 07:39:57,,,0.98,345.11,20.24,4,35.293439726095238095238095238095238,0, 
02/05/2010 07:39:58,,,0.98,346.88,20.24,5,35.293439726095238095238095238095238,0, 
02/05/2010 07:39:59,,,0.98,346.88,20.24,11,35.216579925414774346793349168646081,0, 
02/05/2010 07:40:00,,,0.98,350.43,20.24,6,35.216579925414774346793349168646081,0, 
02/05/2010 07:40:01,,,0.98,352.21,20.24,4,35.216579925414774346793349168646081,0, 
02/05/2010 07:40:03,,,0.98,348.66,20.24,10,35.216579925414774346793349168646081,0, 
02/05/2010 07:40:04,,,0.98,352.21,20.24,11,35.216579925414774346793349168646081,1, 
02/05/2010 07:40:05,,,0.98,350.43,20.24,6,35.216579925414774346793349168646081,0, 
02/05/2010 07:40:06,,,0.98,348.66,20.24,5,35.216579925414774346793349168646081,0, 
02/05/2010 07:40:07,,,0.98,352.21,20.24,9,35.139601255298957345971563981042654,0, 
02/05/2010 07:40:08,,,0.98,350.43,20.24,7,35.139601255298957345971563981042654,0, 
02/05/2010 07:40:09,,,0.98,348.66,20.24,5,35.139601255298957345971563981042654,0, 
02/05/2010 07:40:10,,,0.98,348.66,20.24,3,35.139601255298957345971563981042654,0, 
02/05/2010 07:40:11,,,0.98,346.88,20.24,4,35.139601255298957345971563981042654,0, 
02/05/2010 07:40:12,,,0.98,350.43,20.24,4,35.139601255298957345971563981042654,0, 
02/05/2010 07:40:13,,,0.98,355.75,20.24,3,35.062503413919952718676122931442080,0, 
02/05/2010 07:40:14,,,0.98,346.88,20.24,5,35.062503413919952718676122931442080,0, 
02/05/2010 07:40:15,,,0.98,350.43,20.24,7,35.062503413919952718676122931442080,0, 
02/05/2010 07:40:17,,,0.98,348.66,20.24,6,35.062503413919952718676122931442080,0, 
02/05/2010 07:40:18,,,0.98,353.98,20.24,4,35.062503413919952718676122931442080,0, 
02/05/2010 07:40:19,,,0.98,353.98,20.24,10,35.062503413919952718676122931442080,0, 
02/05/2010 07:40:20,,,0.98,348.66,20.24,6,35.062503413919952718676122931442080,0, 
02/05/2010 07:40:21,,,0.98,353.98,20.24,3,35.062503413919952718676122931442080,0, 
02/05/2010 07:40:22,,,0.98,346.88,20.24,6,34.985286102297358490566037735849057,0, 
02/05/2010 07:40:23,,,0.98,348.66,20.24,12,34.985286102297358490566037735849057,0, 
02/05/2010 07:40:24,,,0.98,348.66,20.24,9,34.985286102297358490566037735849057,0, 
02/05/2010 07:40:25,,,0.98,357.51,20.24,13,34.985286102297358490566037735849057,0, 
02/05/2010 07:40:26,,,0.98,355.75,20.24,24,34.985286102297358490566037735849057,0, 
02/05/2010 07:40:27,,,0.98,350.43,20.24,7,34.985286102297358490566037735849057,0, 
02/05/2010 07:40:28,,,0.98,346.88,20.24,9,34.985286102297358490566037735849057,0, 
02/05/2010 07:40:29,,,0.98,346.88,20.24,28,34.985286102297358490566037735849057,0, 
02/05/2010 07:40:31,,,0.98,350.43,20.24,4,34.985286102297358490566037735849057,0, 
02/05/2010 07:40:32,,,0.98,352.21,20.24,15,34.907949024264705882352941176470588,0, 
02/05/2010 07:40:33,,,0.98,352.21,20.24,4,34.907949024264705882352941176470588,0, 
02/05/2010 07:40:34,,,0.98,355.75,20.24,6,34.907949024264705882352941176470588,0, 
02/05/2010 07:40:35,,,0.98,350.43,20.24,4,34.907949024264705882352941176470588,0, 
02/05/2010 07:40:36,,,0.98,352.21,20.24,22,34.907949024264705882352941176470588,0, 
02/05/2010 07:40:37,,,0.98,355.75,20.24,7,34.907949024264705882352941176470588,0, 
02/05/2010 07:40:38,,,0.98,350.43,20.24,8,34.907949024264705882352941176470588,0, 
02/05/2010 07:40:39,,,0.98,353.98,20.24,8,34.907949024264705882352941176470588,0, 
02/05/2010 07:40:40,,,0.98,359.28,20.24,2,34.830491886436431924882629107981221,0, 
02/05/2010 07:40:41,,,0.98,352.21,20.24,22,34.830491886436431924882629107981221,0, 
02/05/2010 07:40:42,,,0.98,357.51,20.24,12,34.830491886436431924882629107981221,0, 
02/05/2010 07:40:44,,,0.98,355.75,20.24,33,34.830491886436431924882629107981221,0, 
02/05/2010 07:40:45,,,0.98,353.98,20.24,12,34.830491886436431924882629107981221,0, 
02/05/2010 07:40:46,,,0.98,353.98,20.24,13,34.830491886436431924882629107981221,0, 
02/05/2010 07:40:47,,,0.98,357.51,20.24,12,34.830491886436431924882629107981221,0, 
02/05/2010 07:40:48,,,0.98,355.75,20.24,26,34.752914398175316159250585480093677,0, 
02/05/2010 07:40:49,,,0.98,353.98,20.24,15,34.752914398175316159250585480093677,0, 
02/05/2010 07:40:50,,,0.98,355.75,20.24,14,34.752914398175316159250585480093677,0, 
02/05/2010 07:40:51,,,0.98,352.21,20.24,22,34.752914398175316159250585480093677,0, 
02/05/2010 07:40:52,,,0.98,355.75,20.24,18,34.752914398175316159250585480093677,0, 
02/05/2010 07:40:53,,,0.98,352.21,20.24,6,34.752914398175316159250585480093677,0, 
02/05/2010 07:40:54,,,0.98,355.75,20.24,2,34.752914398175316159250585480093677,0, 
02/05/2010 07:40:55,,,0.98,352.21,20.24,8,34.752914398175316159250585480093677,0, 
02/05/2010 07:40:57,,,0.98,353.98,20.24,6,34.675216271560373831775700934579439,0, 
02/05/2010 07:40:58,,,0.98,352.21,20.24,6,34.675216271560373831775700934579439,0, 
02/05/2010 07:40:59,,,0.98,352.21,20.24,3,34.675216271560373831775700934579439,0, 
02/05/2010 07:41:00,,,0.98,352.21,20.24,7,34.675216271560373831775700934579439,0, 
02/05/2010 07:41:01,,,0.98,350.43,20.24,8,34.675216271560373831775700934579439,0, 
02/05/2010 07:41:02,,,0.98,353.98,20.24,5,34.675216271560373831775700934579439,0, 
02/05/2010 07:41:03,,,0.98,355.75,20.24,6,34.675216271560373831775700934579439,0, 
02/05/2010 07:41:04,,,0.98,355.75,20.24,8,34.675216271560373831775700934579439,0, 
02/05/2010 07:41:05,,,0.98,352.21,20.24,6,34.675216271560373831775700934579439,0, 
02/05/2010 07:41:06,,,0.98,353.98,20.24,11,34.597397221355198135198135198135198,0, 
02/05/2010 07:41:07,,,0.98,352.21,20.24,7,34.597397221355198135198135198135198,0, 
02/05/2010 07:41:08,,,0.98,353.98,20.24,14,34.597397221355198135198135198135198,0, 
02/05/2010 07:41:09,,,0.98,353.98,20.24,10,34.597397221355198135198135198135198,0, 
02/05/2010 07:41:11,,,0.98,352.21,20.24,7,34.597397221355198135198135198135198,0, 
02/05/2010 07:41:12,,,0.98,353.98,20.24,3,34.597397221355198135198135198135198,0, 
02/05/2010 07:41:13,,,0.98,359.28,20.24,6,34.597397221355198135198135198135198,0, 
02/05/2010 07:41:14,,,0.98,348.66,20.24,7,34.597397221355198135198135198135198,0, 
02/05/2010 07:41:15,,,0.98,353.98,20.24,3,34.519456964976744186046511627906977,0, 
02/05/2010 07:41:16,,,0.98,357.51,20.24,17,34.519456964976744186046511627906977,0, 
02/05/2010 07:41:17,,,0.98,353.98,20.24,8,34.519456964976744186046511627906977,0, 
02/05/2010 07:41:18,,,0.98,352.21,20.24,4,34.519456964976744186046511627906977,0, 
02/05/2010 07:41:19,,,0.98,359.28,20.24,7,34.519456964976744186046511627906977,0, 
02/05/2010 07:41:20,,,0.98,353.98,20.24,4,34.519456964976744186046511627906977,0, 
02/05/2010 07:41:21,,,0.98,352.21,20.24,5,34.519456964976744186046511627906977,0, 
02/05/2010 07:41:22,,,0.98,353.98,20.24,18,34.441395222464547563805104408352668,0, 
02/05/2010 07:41:23,,,0.98,353.98,20.24,6,34.441395222464547563805104408352668,0, 
02/05/2010 07:41:25,,,0.98,352.21,20.24,6,34.441395222464547563805104408352668,0, 
02/05/2010 07:41:26,,,0.98,355.75,20.24,12,34.441395222464547563805104408352668,0, 
02/05/2010 07:41:27,,,0.98,352.21,20.24,10,34.441395222464547563805104408352668,0, 
02/05/2010 07:41:28,,,0.98,355.75,20.24,8,34.441395222464547563805104408352668,0, 
02/05/2010 07:41:29,,,0.98,357.51,20.24,12,34.441395222464547563805104408352668,0, 
02/05/2010 07:41:30,,,0.98,353.98,20.24,12,34.441395222464547563805104408352668,0, 
02/05/2010 07:41:31,,,0.98,359.28,20.24,6,34.441395222464547563805104408352668,0, 
02/05/2010 07:41:32,,,0.98,357.51,20.24,5,34.363211716450370370370370370370370,0, 
02/05/2010 07:41:33,,,0.98,355.75,20.24,5,34.363211716450370370370370370370370,0, 
02/05/2010 07:41:34,,,0.98,355.75,20.24,10,34.363211716450370370370370370370370,0, 
02/05/2010 07:41:35,,,0.98,357.51,20.24,12,34.363211716450370370370370370370370,0, 
02/05/2010 07:41:36,,,0.98,350.43,20.24,12,34.363211716450370370370370370370370,0, 
02/05/2010 07:41:38,,,0.98,357.51,20.24,7,34.363211716450370370370370370370370,0, 
02/05/2010 07:41:39,,,0.98,352.21,20.24,11,34.363211716450370370370370370370370,0, 
02/05/2010 07:41:40,,,0.98,353.98,20.24,6,34.363211716450370370370370370370370,0, 
02/05/2010 07:41:41,,,0.98,357.51,20.24,5,34.363211716450370370370370370370370,0, 
02/05/2010 07:41:42,,,0.98,357.51,20.24,16,34.363211716450370370370370370370370,0, 
02/05/2010 07:41:43,,,0.98,355.75,20.24,11,34.284906172128267898383371824480370,0, 
02/05/2010 07:41:44,,,0.98,357.51,20.24,8,34.284906172128267898383371824480370,0, 
02/05/2010 07:41:45,,,0.98,350.43,20.24,5,34.284906172128267898383371824480370,0, 
02/05/2010 07:41:46,,,0.98,355.75,20.24,7,34.284906172128267898383371824480370,0, 
02/05/2010 07:41:47,,,0.98,359.28,20.24,5,34.284906172128267898383371824480370,0, 
02/05/2010 07:41:48,,,0.98,357.51,20.24,7,34.284906172128267898383371824480370,0, 
02/05/2010 07:41:49,,,0.98,355.75,20.24,10,34.284906172128267898383371824480370,0, 
02/05/2010 07:41:51,,,0.98,350.43,20.24,8,34.284906172128267898383371824480370,0, 
02/05/2010 07:41:52,,,0.98,359.28,20.24,7,34.206478317225069124423963133640553,0, 
02/05/2010 07:41:53,,,0.98,353.98,20.24,19,34.206478317225069124423963133640553,0, 
02/05/2010 07:41:54,,,0.98,352.21,20.24,10,34.206478317225069124423963133640553,0, 
02/05/2010 07:41:55,,,0.98,355.75,20.24,22,34.206478317225069124423963133640553,0, 
02/05/2010 07:41:56,,,0.98,353.98,20.24,32,34.206478317225069124423963133640553,0, 
02/05/2010 07:41:57,,,0.98,355.75,20.24,12,34.206478317225069124423963133640553,0, 
02/05/2010 07:41:58,,,0.98,353.98,20.24,21,34.206478317225069124423963133640553,0, 
02/05/2010 07:41:59,,,0.98,355.75,20.57,8,34.206478317225069124423963133640553,0, 
02/05/2010 07:42:00,,,0.98,352.21,20.24,7,34.127927881971264367816091954022989,0, 
02/05/2010 07:42:01,,,0.98,355.75,20.24,15,34.127927881971264367816091954022989,0, 
02/05/2010 07:42:02,,,0.98,357.51,20.24,19,34.127927881971264367816091954022989,0, 
02/05/2010 07:42:03,,,0.98,353.98,20.24,21,34.127927881971264367816091954022989,0, 
02/05/2010 07:42:05,,,0.98,355.75,20.24,11,34.127927881971264367816091954022989,0, 
02/05/2010 07:42:06,,,0.98,359.28,20.24,12,34.127927881971264367816091954022989,0, 
02/05/2010 07:42:07,,,0.98,355.75,20.24,9,34.127927881971264367816091954022989,0, 
02/05/2010 07:42:08,,,0.98,350.43,20.57,9,34.127927881971264367816091954022989,0, 
02/05/2010 07:42:09,,,0.98,357.51,20.57,11,34.127927881971264367816091954022989,0, 
02/05/2010 07:42:10,,,0.98,352.21,20.57,26,34.049254599072293577981651376146789,0, 
02/05/2010 07:42:11,,,0.98,353.98,20.24,5,34.049254599072293577981651376146789,0, 
02/05/2010 07:42:12,,,0.98,353.98,20.24,12,34.049254599072293577981651376146789,0, 
02/05/2010 07:42:13,,,0.98,357.51,20.57,9,34.049254599072293577981651376146789,0, 
02/05/2010 07:42:14,,,0.98,355.75,20.24,6,34.049254599072293577981651376146789,0, 
02/05/2010 07:42:15,,,0.98,357.51,20.24,5,34.049254599072293577981651376146789,0, 
02/05/2010 07:42:16,,,0.98,353.98,20.57,10,34.049254599072293577981651376146789,0, 
02/05/2010 07:42:18,,,0.98,359.28,20.57,5,34.049254599072293577981651376146789,0, 
02/05/2010 07:42:19,,,0.98,350.43,20.24,9,34.049254599072293577981651376146789,0, 
02/05/2010 07:42:20,,,0.98,357.51,20.24,11,33.970458203680228832951945080091533,0, 
02/05/2010 07:42:21,,,0.98,353.98,20.24,14,33.970458203680228832951945080091533,0, 
02/05/2010 07:42:22,,,0.98,359.28,20.57,9,33.970458203680228832951945080091533,0, 
02/05/2010 07:42:23,,,0.98,350.43,20.24,9,33.970458203680228832951945080091533,0, 
02/05/2010 07:42:24,,,0.98,350.43,20.24,8,33.970458203680228832951945080091533,0, 
02/05/2010 07:42:25,,,0.98,359.28,20.57,10,33.970458203680228832951945080091533,0, 
02/05/2010 07:42:26,,,0.98,357.51,20.24,16,33.970458203680228832951945080091533,0, 
02/05/2010 07:42:27,,,0.98,355.75,20.24,9,33.970458203680228832951945080091533,0, 
02/05/2010 07:42:28,,,0.98,359.28,20.57,13,33.970458203680228832951945080091533,0, 
02/05/2010 07:42:29,,,0.98,357.51,20.57,22,33.891538433365844748858447488584475,0, 
02/05/2010 07:42:31,,,0.98,355.75,20.24,12,33.891538433365844748858447488584475,0, 
02/05/2010 07:42:32,,,0.98,352.21,20.24,5,33.891538433365844748858447488584475,0, 
02/05/2010 07:42:33,,,0.98,353.98,20.57,8,33.891538433365844748858447488584475,0, 
02/05/2010 07:42:34,,,0.98,352.21,20.24,15,33.891538433365844748858447488584475,0, 
02/05/2010 07:42:35,,,0.98,352.21,20.24,10,33.891538433365844748858447488584475,0, 
02/05/2010 07:42:36,,,0.98,352.21,20.57,14,33.891538433365844748858447488584475,0, 
02/05/2010 07:42:37,,,0.98,352.21,20.24,5,33.891538433365844748858447488584475,0, 
02/05/2010 07:42:38,,,0.98,355.75,20.57,8,33.891538433365844748858447488584475,0, 
02/05/2010 07:42:39,,,0.98,355.75,20.57,6,33.891538433365844748858447488584475,0, 
02/05/2010 07:42:40,,,0.98,355.75,20.57,9,33.812495028091070615034168564920273,0, 
02/05/2010 07:42:41,,,0.98,355.75,20.24,14,33.812495028091070615034168564920273,0, 
02/05/2010 07:42:42,,,0.98,355.75,20.57,23,33.812495028091070615034168564920273,0, 
02/05/2010 07:42:43,,,0.98,353.98,20.24,8,33.812495028091070615034168564920273,0, 
02/05/2010 07:42:45,,,0.98,357.51,20.24,19,33.812495028091070615034168564920273,0, 
02/05/2010 07:42:46,,,0.98,352.21,20.57,12,33.812495028091070615034168564920273,0, 
02/05/2010 07:42:47,,,0.98,352.21,20.57,20,33.812495028091070615034168564920273,0, 
02/05/2010 07:42:48,,,0.98,355.75,20.57,6,33.812495028091070615034168564920273,0, 
02/05/2010 07:42:49,,,0.98,359.28,20.57,4,33.812495028091070615034168564920273,0, 
02/05/2010 07:42:50,,,0.98,355.75,20.57,3,33.733327730181818181818181818181818,0, 
02/05/2010 07:42:51,,,0.94,355.75,20.57,18,33.733327730181818181818181818181818,0, 
02/05/2010 07:42:52,,,0.98,352.21,20.57,5,33.733327730181818181818181818181818,0, 
02/05/2010 07:42:53,,,0.98,357.51,20.57,3,33.733327730181818181818181818181818,0, 
02/05/2010 07:42:54,,,0.98,352.21,20.57,5,33.733327730181818181818181818181818,0, 
02/05/2010 07:42:55,,,0.98,355.75,20.57,4,33.733327730181818181818181818181818,0, 
02/05/2010 07:42:56,,,0.98,357.51,20.57,15,33.733327730181818181818181818181818,0, 
02/05/2010 07:42:57,,,0.98,355.75,20.57,11,33.733327730181818181818181818181818,0, 
02/05/2010 07:42:59,,,0.98,357.51,20.57,13,33.733327730181818181818181818181818,0, 
02/05/2010 07:43:00,,,0.98,357.51,20.57,14,33.654036284301179138321995464852608,0, 
02/05/2010 07:43:01,,,0.98,359.28,20.57,10,33.654036284301179138321995464852608,0, 
02/05/2010 07:43:02,,,0.98,359.28,20.57,9,33.654036284301179138321995464852608,0, 
02/05/2010 07:43:03,,,0.98,359.28,20.57,7,33.654036284301179138321995464852608,0, 
02/05/2010 07:43:04,,,0.98,361.04,20.57,10,33.654036284301179138321995464852608,0, 
02/05/2010 07:43:05,,,0.98,357.51,20.57,8,33.654036284301179138321995464852608,0, 
02/05/2010 07:43:06,,,0.98,361.04,20.57,6,33.654036284301179138321995464852608,0, 
02/05/2010 07:43:07,,,0.98,359.28,20.57,5,33.654036284301179138321995464852608,0, 
02/05/2010 07:43:08,,,0.98,355.75,20.57,15,33.654036284301179138321995464852608,0, 
02/05/2010 07:43:09,,,0.98,357.51,20.57,6,33.574620437422986425339366515837104,0, 
02/05/2010 07:43:10,,,0.98,357.51,20.57,4,33.574620437422986425339366515837104,0, 
02/05/2010 07:43:12,,,0.98,353.98,20.57,7,33.574620437422986425339366515837104,0, 
02/05/2010 07:43:13,,,0.98,355.75,20.57,4,33.574620437422986425339366515837104,0, 
02/05/2010 07:43:14,,,0.98,355.75,20.57,2,33.574620437422986425339366515837104,0, 
02/05/2010 07:43:15,,,0.98,353.98,20.57,9,33.574620437422986425339366515837104,0, 
02/05/2010 07:43:16,,,0.98,355.75,20.57,6,33.574620437422986425339366515837104,0, 
02/05/2010 07:43:17,,,0.98,353.98,20.57,7,33.574620437422986425339366515837104,0, 
02/05/2010 07:43:18,,,0.98,353.98,20.57,5,33.495079938805733634311512415349887,0, 
02/05/2010 07:43:19,,,0.98,357.51,20.57,9,33.495079938805733634311512415349887,0, 
02/05/2010 07:43:20,,,0.98,355.75,20.57,6,33.495079938805733634311512415349887,0, 
02/05/2010 07:43:21,,,0.98,352.21,20.57,6,33.495079938805733634311512415349887,0, 
02/05/2010 07:43:22,,,0.98,357.51,20.57,4,33.495079938805733634311512415349887,0, 
02/05/2010 07:43:23,,,0.98,357.51,20.57,8,33.495079938805733634311512415349887,0, 
02/05/2010 07:43:24,,,0.98,350.43,20.57,7,33.495079938805733634311512415349887,0, 
02/05/2010 07:43:26,,,0.98,355.75,20.57,18,33.495079938805733634311512415349887,0, 
02/05/2010 07:43:27,,,0.98,353.98,20.57,8,33.495079938805733634311512415349887,0, 
02/05/2010 07:43:28,,,0.98,359.28,20.57,7,33.495079938805733634311512415349887,0, 
02/05/2010 07:43:29,,,0.98,355.75,20.57,11,33.415414539966846846846846846846847,0, 
02/05/2010 07:43:30,,,0.98,353.98,20.57,7,33.415414539966846846846846846846847,0, 
02/05/2010 07:43:31,,,0.98,353.98,20.57,33,33.415414539966846846846846846846847,0, 
02/05/2010 07:43:32,,,0.98,343.33,20.57,13,33.415414539966846846846846846846847,0, 
02/05/2010 07:43:33,,,0.98,350.43,20.57,6,33.415414539966846846846846846846847,0, 
02/05/2010 07:43:34,,,0.98,352.21,20.57,6,33.415414539966846846846846846846847,0, 
02/05/2010 07:43:35,,,0.98,352.21,20.57,8,33.415414539966846846846846846846847,0, 
02/05/2010 07:43:36,,,0.98,357.51,20.57,7,33.415414539966846846846846846846847,0, 
02/05/2010 07:43:37,,,0.98,355.75,20.57,6,33.415414539966846846846846846846847,0, 
02/05/2010 07:43:39,,,0.98,357.51,20.57,9,33.415414539966846846846846846846847,0, 
02/05/2010 07:43:40,,,0.98,353.98,20.57,11,33.415414539966846846846846846846847,0, 
02/05/2010 07:43:41,,,0.98,350.43,20.57,7,33.335623994657303370786516853932584,0, 
02/05/2010 07:43:42,,,0.98,355.75,20.57,11,33.335623994657303370786516853932584,0, 
02/05/2010 07:43:43,,,0.98,348.66,20.57,25,33.335623994657303370786516853932584,0, 
02/05/2010 07:43:44,,,0.98,353.98,20.57,26,33.335623994657303370786516853932584,0, 
02/05/2010 07:43:45,,,0.98,352.21,20.57,14,33.335623994657303370786516853932584,0, 
02/05/2010 07:43:46,,,0.98,355.75,20.57,15,33.335623994657303370786516853932584,0, 
02/05/2010 07:43:47,,,0.98,359.28,20.57,31,33.335623994657303370786516853932584,0, 
02/05/2010 07:43:48,,,0.98,361.04,20.57,9,33.335623994657303370786516853932584,0, 
02/05/2010 07:43:49,,,0.98,353.98,20.57,11,33.255708058836591928251121076233184,0, 
02/05/2010 07:43:50,,,0.98,359.28,20.57,13,33.255708058836591928251121076233184,0, 
02/05/2010 07:43:51,,,0.98,355.75,20.57,11,33.255708058836591928251121076233184,0, 
02/05/2010 07:43:53,,,0.98,359.28,20.57,17,33.255708058836591928251121076233184,0, 
02/05/2010 07:43:54,,,0.98,355.75,20.57,14,33.255708058836591928251121076233184,0, 
02/05/2010 07:43:55,,,0.98,352.21,20.57,8,33.255708058836591928251121076233184,0, 
02/05/2010 07:43:56,,,0.98,353.98,20.57,19,33.255708058836591928251121076233184,0, 
02/05/2010 07:43:57,,,0.98,355.75,20.57,20,33.255708058836591928251121076233184,0, 
02/05/2010 07:43:58,,,0.98,352.21,20.57,14,33.175666490648008948545861297539150,0, 
02/05/2010 07:43:59,,,0.98,353.98,20.57,22,33.175666490648008948545861297539150,0, 
02/05/2010 07:44:00,,,0.98,361.04,20.57,14,33.175666490648008948545861297539150,0, 
02/05/2010 07:44:01,,,0.98,353.98,20.57,6,33.175666490648008948545861297539150,0, 
02/05/2010 07:44:02,,,0.98,352.21,20.57,9,33.175666490648008948545861297539150,0, 
02/05/2010 07:44:03,,,0.98,362.80,20.57,6,33.175666490648008948545861297539150,0, 
02/05/2010 07:44:04,,,0.98,355.75,20.57,6,33.175666490648008948545861297539150,0, 
02/05/2010 07:44:06,,,0.98,359.28,20.57,8,33.175666490648008948545861297539150,0, 
02/05/2010 07:44:07,,,0.98,352.21,20.57,14,33.175666490648008948545861297539150,0, 
02/05/2010 07:44:08,,,0.98,357.51,20.57,16,33.175666490648008948545861297539150,0, 
02/05/2010 07:44:09,,,0.98,357.51,20.57,6,33.095499050394285714285714285714286,0, 
02/05/2010 07:44:10,,,0.98,353.98,20.57,7,33.095499050394285714285714285714286,0, 
02/05/2010 07:44:11,,,0.98,361.04,20.57,7,33.095499050394285714285714285714286,0, 
02/05/2010 07:44:12,,,0.98,357.51,20.57,13,33.095499050394285714285714285714286,0, 
02/05/2010 07:44:13,,,0.98,355.75,20.57,8,33.095499050394285714285714285714286,0, 
02/05/2010 07:44:14,,,0.98,357.51,20.57,11,33.095499050394285714285714285714286,0, 
02/05/2010 07:44:15,,,0.98,355.75,20.57,12,33.095499050394285714285714285714286,0, 
02/05/2010 07:44:16,,,0.98,359.28,20.57,11,33.095499050394285714285714285714286,0, 
02/05/2010 07:44:17,,,0.98,361.04,20.57,10,33.095499050394285714285714285714286,0, 
02/05/2010 07:44:18,,,0.98,359.28,20.57,14,33.015205500513541202672605790645880,0, 
02/05/2010 07:44:20,,,0.98,355.75,20.57,8,33.015205500513541202672605790645880,0, 
02/05/2010 07:44:21,,,0.98,353.98,20.57,18,33.015205500513541202672605790645880,0, 
02/05/2010 07:44:22,,,0.98,352.21,20.57,16,33.015205500513541202672605790645880,0, 
02/05/2010 07:44:23,,,0.98,355.75,20.57,9,33.015205500513541202672605790645880,0, 
02/05/2010 07:44:24,,,0.98,357.51,20.57,14,33.015205500513541202672605790645880,0, 
02/05/2010 07:44:25,,,0.98,355.75,20.57,10,33.015205500513541202672605790645880,0, 
02/05/2010 07:44:26,,,0.98,357.51,20.57,6,33.015205500513541202672605790645880,0, 
02/05/2010 07:44:27,,,0.98,361.04,20.57,8,33.015205500513541202672605790645880,0, 
02/05/2010 07:44:28,,,0.98,361.04,20.57,16,33.015205500513541202672605790645880,0, 
02/05/2010 07:44:29,,,0.98,359.28,20.57,7,32.934785605555555555555555555555556,0, 
02/05/2010 07:44:30,,,0.98,361.04,20.57,5,32.934785605555555555555555555555556,0, 
02/05/2010 07:44:31,,,0.98,355.75,20.57,5,32.934785605555555555555555555555556,0, 
02/05/2010 07:44:32,,,0.98,352.21,20.57,8,32.934785605555555555555555555555556,0, 
02/05/2010 07:44:34,,,0.98,355.75,20.57,12,32.934785605555555555555555555555556,0, 
02/05/2010 07:44:35,,,0.98,352.21,20.57,10,32.934785605555555555555555555555556,0, 
02/05/2010 07:44:36,,,0.98,359.28,20.57,14,32.934785605555555555555555555555556,0, 
02/05/2010 07:44:37,,,0.98,355.75,20.57,8,32.934785605555555555555555555555556,0, 
02/05/2010 07:44:38,,,0.98,355.75,20.57,5,32.934785605555555555555555555555556,0, 
02/05/2010 07:44:39,,,0.98,359.28,20.57,10,32.934785605555555555555555555555556,0, 
02/05/2010 07:44:40,,,0.98,355.75,20.57,4,32.854239132158359201773835920177384,0, 
02/05/2010 07:44:41,,,0.98,359.28,20.57,8,32.854239132158359201773835920177384,0, 
02/05/2010 07:44:42,,,0.98,361.04,20.57,3,32.854239132158359201773835920177384,0, 
02/05/2010 07:44:43,,,0.98,355.75,20.57,7,32.854239132158359201773835920177384,0, 
02/05/2010 07:44:44,,,0.98,355.75,20.57,7,32.854239132158359201773835920177384,0, 
02/05/2010 07:44:45,,,0.98,357.51,20.57,4,32.854239132158359201773835920177384,0, 
02/05/2010 07:44:47,,,0.98,357.51,20.57,10,32.854239132158359201773835920177384,0, 
02/05/2010 07:44:48,,,0.98,359.28,20.57,4,32.854239132158359201773835920177384,0, 
02/05/2010 07:44:49,,,0.98,357.51,20.57,6,32.854239132158359201773835920177384,0, 
02/05/2010 07:44:50,,,0.98,359.28,20.57,4,32.773565849025132743362831858407080,0, 
02/05/2010 07:44:51,,,0.98,355.75,20.57,7,32.773565849025132743362831858407080,0, 
02/05/2010 07:44:52,,,0.98,359.28,20.57,20,32.773565849025132743362831858407080,0, 
02/05/2010 07:44:53,,,0.98,355.75,20.57,6,32.773565849025132743362831858407080,0, 
02/05/2010 07:44:54,,,0.98,359.28,20.57,11,32.773565849025132743362831858407080,0, 
02/05/2010 07:44:55,,,0.98,353.98,20.57,6,32.773565849025132743362831858407080,0, 
02/05/2010 07:44:56,,,0.98,355.75,20.57,7,32.692765526901412803532008830022075,0, 
02/05/2010 07:44:57,,,0.98,359.28,20.57,14,32.692765526901412803532008830022075,0, 
02/05/2010 07:44:58,,,0.98,359.28,20.57,7,32.692765526901412803532008830022075,0, 
02/05/2010 07:45:00,,,0.98,359.28,20.57,13,32.692765526901412803532008830022075,0, 
02/05/2010 07:45:01,,,0.98,353.98,20.57,10,32.692765526901412803532008830022075,0, 
02/05/2010 07:45:02,,,0.98,353.98,20.57,13,32.692765526901412803532008830022075,0, 
02/05/2010 07:45:03,,,0.98,355.75,20.57,8,32.692765526901412803532008830022075,0, 
02/05/2010 07:45:04,,,0.98,359.28,20.57,6,32.692765526901412803532008830022075,0, 
02/05/2010 07:45:05,,,0.98,355.75,20.57,3,32.692765526901412803532008830022075,0, 
02/05/2010 07:45:06,,,0.98,357.51,20.57,6,32.611837938552599118942731277533040,0, 
02/05/2010 07:45:07,,,0.98,357.51,20.57,5,32.611837938552599118942731277533040,0, 
02/05/2010 07:45:08,,,0.98,355.75,20.57,6,32.611837938552599118942731277533040,0, 
02/05/2010 07:45:09,,,0.98,361.04,20.57,7,32.611837938552599118942731277533040,0, 
02/05/2010 07:45:10,,,0.98,355.75,20.57,12,32.611837938552599118942731277533040,0, 
02/05/2010 07:45:11,,,0.98,359.28,20.57,5,32.611837938552599118942731277533040,0, 
02/05/2010 07:45:12,,,0.98,357.51,20.57,7,32.611837938552599118942731277533040,0, 
02/05/2010 07:45:14,,,0.98,353.98,20.57,17,32.611837938552599118942731277533040,0, 
02/05/2010 07:45:15,,,0.98,357.51,20.57,9,32.611837938552599118942731277533040,0, 
02/05/2010 07:45:16,,,0.98,355.75,20.57,5,32.611837938552599118942731277533040,0, 
02/05/2010 07:45:17,,,0.98,355.75,20.57,6,32.611837938552599118942731277533040,0, 
02/05/2010 07:45:18,,,0.98,359.28,20.57,9,32.611837938552599118942731277533040,0, 
02/05/2010 07:45:19,,,0.98,361.04,20.57,12,32.611837938552599118942731277533040,0, 
02/05/2010 07:45:20,,,0.98,357.51,20.57,5,32.611837938552599118942731277533040,0, 
02/05/2010 07:45:21,,,0.98,362.80,20.57,6,32.611837938552599118942731277533040,0, 
02/05/2010 07:45:22,,,0.98,353.98,20.57,9,32.611837938552599118942731277533040,0, 
02/05/2010 07:45:23,,,0.98,352.21,20.57,8,32.530782858741758241758241758241758,0, 
02/05/2010 07:45:24,,,0.98,355.75,20.57,8,32.530782858741758241758241758241758,0, 
02/05/2010 07:45:25,,,0.98,357.51,20.57,4,32.530782858741758241758241758241758,0, 
02/05/2010 07:45:27,,,0.98,359.28,20.57,5,32.530782858741758241758241758241758,0, 
02/05/2010 07:45:28,,,0.98,353.98,20.57,6,32.530782858741758241758241758241758,0, 
02/05/2010 07:45:29,,,0.98,359.28,20.57,5,32.530782858741758241758241758241758,0, 
02/05/2010 07:45:30,,,0.98,361.04,20.57,5,32.530782858741758241758241758241758,0, 
02/05/2010 07:45:31,,,0.98,352.21,20.57,8,32.530782858741758241758241758241758,0, 
02/05/2010 07:45:32,,,0.98,355.75,20.57,3,32.530782858741758241758241758241758,0, 
02/05/2010 07:45:33,,,0.98,362.80,20.57,7,32.530782858741758241758241758241758,0, 
02/05/2010 07:45:34,,,0.98,355.75,20.57,3,32.449600064207719298245614035087719,0, 
02/05/2010 07:45:35,,,0.98,359.28,20.57,3,32.449600064207719298245614035087719,0, 
02/05/2010 07:45:36,,,0.98,361.04,20.57,4,32.449600064207719298245614035087719,0, 
02/05/2010 07:45:37,,,0.98,353.98,20.89,8,32.449600064207719298245614035087719,0, 
02/05/2010 07:45:38,,,0.98,362.80,20.57,7,32.449600064207719298245614035087719,0, 
02/05/2010 07:45:39,,,0.98,353.98,20.57,7,32.449600064207719298245614035087719,0, 
02/05/2010 07:45:41,,,0.98,355.75,20.89,4,32.449600064207719298245614035087719,0, 
02/05/2010 07:45:42,,,0.98,352.21,20.57,6,32.449600064207719298245614035087719,0, 
02/05/2010 07:45:43,,,0.98,355.75,20.57,10,32.449600064207719298245614035087719,0, 
02/05/2010 07:45:44,,,0.98,355.75,20.57,8,32.449600064207719298245614035087719,0, 
02/05/2010 07:45:45,,,0.98,352.21,20.57,4,32.449600064207719298245614035087719,0, 
02/05/2010 07:45:46,,,0.98,355.75,20.57,11,32.449600064207719298245614035087719,0, 
02/05/2010 07:45:47,,,0.98,355.75,20.57,7,32.449600064207719298245614035087719,0, 
02/05/2010 07:45:48,,,0.98,357.51,20.89,6,32.368289333643457330415754923413567,0, 
02/05/2010 07:45:49,,,0.98,355.75,20.89,4,32.368289333643457330415754923413567,0, 
02/05/2010 07:45:50,,,0.98,355.75,20.57,6,32.368289333643457330415754923413567,0, 
02/05/2010 07:45:51,,,0.98,355.75,20.57,6,32.368289333643457330415754923413567,0, 
02/05/2010 07:45:52,,,0.98,355.75,20.57,6,32.368289333643457330415754923413567,0, 
02/05/2010 07:45:54,,,0.98,355.75,20.57,3,32.368289333643457330415754923413567,0, 
02/05/2010 07:45:55,,,0.98,353.98,20.57,4,32.368289333643457330415754923413567,0, 
02/05/2010 07:45:56,,,0.98,359.28,20.89,5,32.368289333643457330415754923413567,0, 
02/05/2010 07:45:57,,,0.98,355.75,20.57,4,32.368289333643457330415754923413567,0, 
02/05/2010 07:45:58,,,0.98,359.28,20.57,5,32.368289333643457330415754923413567,0, 
02/05/2010 07:45:59,,,0.98,348.66,20.57,4,32.368289333643457330415754923413567,0, 
02/05/2010 07:46:00,,,0.98,348.66,20.57,6,32.368289333643457330415754923413567,0, 
02/05/2010 07:46:01,,,0.98,353.98,20.89,6,32.368289333643457330415754923413567,0, 
02/05/2010 07:46:02,,,0.98,353.98,20.89,7,32.368289333643457330415754923413567,0, 
02/05/2010 07:46:03,,,0.98,352.21,20.89,6,32.286850447674759825327510917030568,0, 
02/05/2010 07:46:04,,,0.98,353.98,20.57,3,32.286850447674759825327510917030568,0, 
02/05/2010 07:46:05,,,0.98,355.75,20.57,10,32.286850447674759825327510917030568,0, 
02/05/2010 07:46:07,,,0.98,350.43,20.57,10,32.286850447674759825327510917030568,0, 
02/05/2010 07:46:08,,,0.98,355.75,20.89,8,32.286850447674759825327510917030568,0, 
02/05/2010 07:46:09,,,0.98,353.98,20.89,9,32.286850447674759825327510917030568,0, 
02/05/2010 07:46:10,,,0.98,350.43,20.57,8,32.286850447674759825327510917030568,0, 
02/05/2010 07:46:11,,,0.98,353.98,20.57,6,32.286850447674759825327510917030568,0, 
02/05/2010 07:46:12,,,0.98,355.75,20.57,8,32.286850447674759825327510917030568,0, 
02/05/2010 07:46:13,,,0.98,352.21,20.89,6,32.286850447674759825327510917030568,0, 
02/05/2010 07:46:14,,,0.98,357.51,20.89,5,32.205283188839172113289760348583878,0, 
02/05/2010 07:46:15,,,0.98,353.98,20.89,4,32.205283188839172113289760348583878,0, 
02/05/2010 07:46:16,,,0.98,361.04,20.57,5,32.205283188839172113289760348583878,0, 
02/05/2010 07:46:17,,,0.98,353.98,20.89,9,32.205283188839172113289760348583878,0, 
02/05/2010 07:46:18,,,0.98,355.75,20.57,13,32.205283188839172113289760348583878,0, 
02/05/2010 07:46:19,,,0.98,355.75,20.57,12,32.205283188839172113289760348583878,0, 
02/05/2010 07:46:21,,,0.98,355.75,20.57,7,32.205283188839172113289760348583878,0, 
02/05/2010 07:46:22,,,0.98,353.98,20.89,6,32.205283188839172113289760348583878,0, 
02/05/2010 07:46:23,,,0.98,350.43,20.89,2,32.205283188839172113289760348583878,0, 
02/05/2010 07:46:24,,,0.98,350.43,20.89,9,32.205283188839172113289760348583878,0, 
02/05/2010 07:46:25,,,0.98,352.21,20.89,3,32.205283188839172113289760348583878,0, 
02/05/2010 07:46:26,,,0.98,357.51,20.89,3,32.205283188839172113289760348583878,0, 
02/05/2010 07:46:27,,,0.98,352.21,20.89,4,32.205283188839172113289760348583878,0, 
02/05/2010 07:46:28,,,0.98,359.28,20.89,6,32.123587341565217391304347826086957,0, 
02/05/2010 07:46:29,,,0.98,352.21,20.89,7,32.123587341565217391304347826086957,0, 
02/05/2010 07:46:30,,,0.98,361.04,20.89,14,32.123587341565217391304347826086957,0, 
02/05/2010 07:46:31,,,0.98,355.75,20.89,8,32.123587341565217391304347826086957,0, 
02/05/2010 07:46:32,,,0.98,353.98,20.89,7,32.123587341565217391304347826086957,0, 
02/05/2010 07:46:34,,,0.98,355.75,20.57,12,32.123587341565217391304347826086957,0, 
02/05/2010 07:46:35,,,0.98,355.75,20.89,14,32.123587341565217391304347826086957,0, 
02/05/2010 07:46:36,,,0.98,361.04,20.89,15,32.123587341565217391304347826086957,0, 
02/05/2010 07:46:37,,,0.98,359.28,20.89,6,32.123587341565217391304347826086957,0, 
02/05/2010 07:46:38,,,0.98,355.75,20.89,4,32.123587341565217391304347826086957,0, 
02/05/2010 07:46:39,,,0.98,352.21,20.89,4,32.123587341565217391304347826086957,0, 
02/05/2010 07:46:40,,,0.98,357.51,20.89,8,32.123587341565217391304347826086957,0, 
02/05/2010 07:46:41,,,0.98,355.75,20.89,4,32.123587341565217391304347826086957,0, 
02/05/2010 07:46:42,,,0.98,353.98,20.89,17,32.123587341565217391304347826086957,0, 
02/05/2010 07:46:43,,,0.98,355.75,20.89,25,32.123587341565217391304347826086957,0, 
02/05/2010 07:46:44,,,0.98,352.21,20.89,5,32.041762692151887201735357917570499,0, 
02/05/2010 07:46:45,,,0.98,355.75,20.89,22,32.041762692151887201735357917570499,0, 
02/05/2010 07:46:46,,,0.98,357.51,20.89,22,32.041762692151887201735357917570499,0, 
02/05/2010 07:46:48,,,0.98,357.51,20.89,11,32.041762692151887201735357917570499,0, 
02/05/2010 07:46:49,,,1.02,362.80,20.89,22,32.041762692151887201735357917570499,0, 
02/05/2010 07:46:50,,,0.98,359.28,20.89,12,32.041762692151887201735357917570499,0, 
02/05/2010 07:46:51,,,0.98,357.51,20.89,26,32.041762692151887201735357917570499,0, 
02/05/2010 07:46:52,,,0.98,357.51,20.89,17,32.041762692151887201735357917570499,0, 
02/05/2010 07:46:53,,,0.98,355.75,20.89,10,32.041762692151887201735357917570499,0, 
02/05/2010 07:46:54,,,0.98,359.28,20.57,30,32.041762692151887201735357917570499,0, 
02/05/2010 07:46:55,,,0.98,353.98,20.89,13,32.041762692151887201735357917570499,0, 
02/05/2010 07:46:56,,,0.98,353.98,20.89,15,32.041762692151887201735357917570499,0, 
02/05/2010 07:46:57,,,0.98,359.28,20.57,14,32.041762692151887201735357917570499,0, 
02/05/2010 07:46:58,,,0.98,352.21,20.57,20,32.041762692151887201735357917570499,0, 
02/05/2010 07:46:59,,,0.98,357.51,20.57,18,31.959809028748398268398268398268398,0, 
02/05/2010 07:47:00,,,0.98,355.75,20.89,16,31.959809028748398268398268398268398,0, 
02/05/2010 07:47:02,,,0.98,359.28,20.57,14,31.959809028748398268398268398268398,0, 
02/05/2010 07:47:03,,,0.98,357.51,20.57,13,31.959809028748398268398268398268398,0, 
02/05/2010 07:47:04,,,0.98,357.51,20.57,7,31.959809028748398268398268398268398,0, 
02/05/2010 07:47:05,,,0.98,353.98,20.89,15,31.959809028748398268398268398268398,0, 
02/05/2010 07:47:06,,,0.98,357.51,20.89,8,31.959809028748398268398268398268398,0, 
02/05/2010 07:47:07,,,0.98,357.51,20.89,12,31.959809028748398268398268398268398,0, 
02/05/2010 07:47:08,,,0.98,355.75,20.89,16,31.959809028748398268398268398268398,0, 
02/05/2010 07:47:09,,,0.98,355.75,20.89,7,31.959809028748398268398268398268398,0, 
02/05/2010 07:47:10,,,0.98,357.51,20.57,5,31.959809028748398268398268398268398,0, 
02/05/2010 07:47:11,,,0.98,353.98,20.89,5,31.959809028748398268398268398268398,0, 
02/05/2010 07:47:12,,,0.98,355.75,20.89,5,31.959809028748398268398268398268398,0, 
02/05/2010 07:47:13,,,0.98,359.28,20.89,9,31.959809028748398268398268398268398,0, 
02/05/2010 07:47:15,,,0.98,353.98,20.89,9,31.959809028748398268398268398268398,0, 
02/05/2010 07:47:16,,,0.98,361.04,20.89,11,31.877726141334211663066954643628510,0, 
02/05/2010 07:47:17,,,0.98,359.28,20.57,9,31.877726141334211663066954643628510,0, 
02/05/2010 07:47:18,,,0.98,359.28,20.89,6,31.877726141334211663066954643628510,0, 
02/05/2010 07:47:19,,,0.98,361.04,20.89,7,31.877726141334211663066954643628510,0, 
02/05/2010 07:47:20,,,0.98,353.98,20.89,6,31.877726141334211663066954643628510,0, 
02/05/2010 07:47:21,,,0.98,355.75,20.89,12,31.877726141334211663066954643628510,0, 
02/05/2010 07:47:22,,,0.98,355.75,20.89,8,31.877726141334211663066954643628510,0, 
02/05/2010 07:47:23,,,0.98,353.98,20.89,8,31.877726141334211663066954643628510,0, 
02/05/2010 07:47:24,,,0.98,355.75,20.89,8,31.877726141334211663066954643628510,0, 
02/05/2010 07:47:25,,,0.98,355.75,20.89,3,31.877726141334211663066954643628510,0, 
02/05/2010 07:47:26,,,0.98,353.98,20.89,5,31.877726141334211663066954643628510,0, 
02/05/2010 07:47:28,,,0.98,355.75,20.89,10,31.877726141334211663066954643628510,0, 
02/05/2010 07:47:29,,,0.98,353.98,20.89,7,31.877726141334211663066954643628510,0, 
02/05/2010 07:47:30,,,0.98,361.04,20.57,7,31.877726141334211663066954643628510,0, 
02/05/2010 07:47:31,,,0.98,353.98,20.89,6,31.877726141334211663066954643628510,0, 
02/05/2010 07:47:32,,,0.98,357.51,20.89,19,31.795513821699310344827586206896552,0, 
02/05/2010 07:47:33,,,0.98,357.51,20.57,20,31.877726141334211663066954643628510,0, 
02/05/2010 07:47:34,,,0.98,357.51,20.57,14,31.795513821699310344827586206896552,0, 
02/05/2010 07:47:35,,,0.98,355.75,20.89,8,31.795513821699310344827586206896552,0, 
02/05/2010 07:47:36,,,0.98,355.75,20.89,6,31.795513821699310344827586206896552,0, 
02/05/2010 07:47:37,,,0.98,355.75,20.89,7,31.713171863424731182795698924731183,0, 
02/05/2010 07:47:38,,,0.98,355.75,20.89,10,31.713171863424731182795698924731183,0, 
02/05/2010 07:47:39,,,0.98,362.80,20.89,11,31.713171863424731182795698924731183,0, 
02/05/2010 07:47:40,,,0.98,357.51,20.89,10,31.713171863424731182795698924731183,0, 
02/05/2010 07:47:42,,,0.98,353.98,20.89,18,31.713171863424731182795698924731183,0, 
02/05/2010 07:47:43,,,0.98,355.75,20.89,16,31.713171863424731182795698924731183,0, 
02/05/2010 07:47:44,,,0.98,359.28,20.89,18,31.630700061863347639484978540772532,0, 
02/05/2010 07:47:45,,,0.98,352.21,20.89,26,31.630700061863347639484978540772532,0, 
02/05/2010 07:47:46,,,0.98,352.21,20.89,9,31.630700061863347639484978540772532,0, 
02/05/2010 07:47:47,,,0.98,359.28,20.89,8,31.630700061863347639484978540772532,0, 
02/05/2010 07:47:48,,,0.98,361.04,20.57,9,31.630700061863347639484978540772532,0, 
02/05/2010 07:47:49,,,0.98,357.51,20.89,11,31.630700061863347639484978540772532,0, 
02/05/2010 07:47:50,,,0.98,359.28,20.89,3,31.630700061863347639484978540772532,0, 
02/05/2010 07:47:51,,,0.98,357.51,20.89,7,31.630700061863347639484978540772532,0, 
02/05/2010 07:47:52,,,0.98,352.21,20.89,4,31.630700061863347639484978540772532,0, 
02/05/2010 07:47:53,,,0.98,359.28,20.89,12,31.630700061863347639484978540772532,0, 
02/05/2010 07:47:54,,,0.98,357.51,20.89,6,31.630700061863347639484978540772532,0, 
02/05/2010 07:47:56,,,0.98,355.75,20.89,14,31.630700061863347639484978540772532,0, 
02/05/2010 07:47:57,,,0.98,357.51,20.89,11,31.548098214120899357601713062098501,0, 
02/05/2010 07:47:58,,,0.98,355.75,20.89,10,31.548098214120899357601713062098501,0, 
02/05/2010 07:47:59,,,0.98,361.04,20.89,10,31.548098214120899357601713062098501,0, 
02/05/2010 07:48:00,,,0.98,361.04,20.89,9,31.548098214120899357601713062098501,0, 
02/05/2010 07:48:01,,,0.98,357.51,20.89,4,31.548098214120899357601713062098501,0, 
02/05/2010 07:48:02,,,0.98,361.04,20.89,4,31.548098214120899357601713062098501,0, 
02/05/2010 07:48:03,,,0.98,361.04,20.89,11,31.548098214120899357601713062098501,0, 
02/05/2010 07:48:04,,,0.98,357.51,20.89,6,31.548098214120899357601713062098501,0, 
02/05/2010 07:48:05,,,0.98,362.80,20.89,12,31.548098214120899357601713062098501,0, 
02/05/2010 07:48:06,,,0.94,339.76,20.89,16,31.216386363763524416135881104033970,0, 
02/05/2010 07:48:07,,,0.98,314.61,20.89,6,31.216386363763524416135881104033970,0, 
