#PPSN:75
#DOU:Fri Feb 05 08:01:18 EST 2010
Time,Latitude,Longitude,Acceleration,Light,Temperature,Sound,Temperature Probe,Pedometer,Altitude
02/05/2010 07:37:33,,,1.09,0.00,19.28,6,22.215646447808441330998248686514886,0, 
02/05/2010 07:37:34,,,0.98,0.00,19.28,3,22.409447444600667838312829525483304,1, 
02/05/2010 07:37:35,,,0.98,0.00,19.28,11,22.409447444600667838312829525483304,0, 
02/05/2010 07:37:36,,,0.98,0.00,19.28,14,22.409447444600667838312829525483304,0, 
02/05/2010 07:37:37,,,0.98,0.00,19.28,5,22.987392838244653641207815275310835,0, 
02/05/2010 07:37:38,,,1.05,0.00,18.96,14,23.274425240571428571428571428571429,1, 
02/05/2010 07:37:39,,,0.98,0.00,18.96,3,23.083213810721992882562277580071174,0, 
02/05/2010 07:37:40,,,0.98,0.00,18.96,3,23.083213810721992882562277580071174,0, 
02/05/2010 07:37:41,,,0.98,0.00,18.96,26,23.178891246217504456327985739750446,0, 
02/05/2010 07:37:43,,,0.98,0.00,18.96,3,23.178891246217504456327985739750446,0, 
02/05/2010 07:37:44,,,0.98,0.00,18.96,3,23.178891246217504456327985739750446,0, 
02/05/2010 07:37:45,,,0.98,0.00,18.96,1,23.274425240571428571428571428571429,0, 
02/05/2010 07:37:46,,,0.98,0.00,18.63,3,23.274425240571428571428571428571429,0, 
02/05/2010 07:37:47,,,0.98,0.00,18.63,2,23.274425240571428571428571428571429,0, 
02/05/2010 07:37:48,,,0.98,0.00,18.31,1,23.274425240571428571428571428571429,0, 
02/05/2010 07:37:49,,,0.98,0.00,18.31,1,23.274425240571428571428571428571429,0, 
02/05/2010 07:37:50,,,0.98,0.00,18.31,1,23.274425240571428571428571428571429,0, 
02/05/2010 07:37:51,,,0.98,0.00,18.31,1,23.274425240571428571428571428571429,0, 
02/05/2010 07:37:52,,,0.98,0.00,17.99,1,23.274425240571428571428571428571429,0, 
02/05/2010 07:37:53,,,0.98,0.00,18.31,1,23.274425240571428571428571428571429,0, 
02/05/2010 07:37:54,,,0.98,0.00,17.99,1,23.274425240571428571428571428571429,0, 
02/05/2010 07:37:55,,,0.98,0.00,17.99,2,23.274425240571428571428571428571429,0, 
02/05/2010 07:37:56,,,0.98,0.00,17.67,2,23.274425240571428571428571428571429,0, 
02/05/2010 07:37:57,,,0.98,0.00,17.67,1,23.274425240571428571428571428571429,0, 
02/05/2010 07:37:58,,,0.98,0.00,17.67,2,23.274425240571428571428571428571429,0, 
02/05/2010 07:37:59,,,0.98,0.00,17.67,2,23.178891246217504456327985739750446,0, 
02/05/2010 07:38:01,,,0.98,0.00,17.34,1,23.178891246217504456327985739750446,0, 
02/05/2010 07:38:02,,,0.98,0.00,17.34,1,23.178891246217504456327985739750446,0, 
02/05/2010 07:38:03,,,0.98,0.00,17.34,2,23.178891246217504456327985739750446,0, 
02/05/2010 07:38:04,,,0.98,0.00,17.34,2,23.178891246217504456327985739750446,0, 
02/05/2010 07:38:05,,,0.98,0.00,17.02,1,23.178891246217504456327985739750446,0, 
02/05/2010 07:38:06,,,0.98,0.00,17.02,1,23.178891246217504456327985739750446,0, 
02/05/2010 07:38:07,,,0.98,0.00,17.02,1,23.083213810721992882562277580071174,0, 
02/05/2010 07:38:08,,,0.98,0.00,17.02,1,23.083213810721992882562277580071174,0, 
02/05/2010 07:38:09,,,0.98,0.00,16.70,1,23.083213810721992882562277580071174,0, 
02/05/2010 07:38:10,,,0.98,0.00,16.70,1,23.083213810721992882562277580071174,0, 
02/05/2010 07:38:11,,,0.98,0.00,16.70,1,23.083213810721992882562277580071174,0, 
02/05/2010 07:38:12,,,0.98,0.00,16.70,1,23.083213810721992882562277580071174,0, 
02/05/2010 07:38:13,,,0.98,0.00,16.38,1,22.987392838244653641207815275310835,0, 
02/05/2010 07:38:14,,,0.98,0.00,16.38,1,22.987392838244653641207815275310835,0, 
02/05/2010 07:38:15,,,0.98,0.00,16.38,1,22.987392838244653641207815275310835,0, 
02/05/2010 07:38:16,,,0.98,0.00,16.05,1,22.987392838244653641207815275310835,0, 
02/05/2010 07:38:18,,,0.98,0.00,16.05,1,22.987392838244653641207815275310835,0, 
02/05/2010 07:38:19,,,0.98,0.00,16.05,2,22.891428233624964539007092198581560,0, 
02/05/2010 07:38:20,,,0.98,0.00,16.05,1,22.891428233624964539007092198581560,0, 
02/05/2010 07:38:21,,,0.98,0.00,15.73,1,22.891428233624964539007092198581560,0, 
02/05/2010 07:38:22,,,0.98,0.00,15.73,1,22.891428233624964539007092198581560,0, 
02/05/2010 07:38:23,,,0.98,0.00,15.73,1,22.891428233624964539007092198581560,0, 
02/05/2010 07:38:24,,,0.98,0.00,15.73,2,22.891428233624964539007092198581560,0, 
02/05/2010 07:38:25,,,0.98,0.00,15.41,1,22.795319902376106194690265486725664,0, 
02/05/2010 07:38:26,,,0.98,0.00,15.41,1,22.795319902376106194690265486725664,0, 
02/05/2010 07:38:27,,,0.98,0.00,15.41,1,22.795319902376106194690265486725664,0, 
02/05/2010 07:38:28,,,0.98,0.00,15.41,2,22.795319902376106194690265486725664,0, 
02/05/2010 07:38:29,,,0.98,0.00,15.09,1,22.795319902376106194690265486725664,0, 
02/05/2010 07:38:30,,,0.98,0.00,15.09,2,22.699067750679010600706713780918728,0, 
02/05/2010 07:38:31,,,0.98,0.00,15.09,1,22.699067750679010600706713780918728,0, 
02/05/2010 07:38:32,,,0.98,0.00,15.09,2,22.699067750679010600706713780918728,0, 
02/05/2010 07:38:33,,,0.98,0.00,15.09,1,22.699067750679010600706713780918728,0, 
02/05/2010 07:38:35,,,0.98,0.00,15.09,2,22.699067750679010600706713780918728,0, 
02/05/2010 07:38:36,,,0.98,0.00,15.09,2,22.602671685376472663139329805996473,0, 
02/05/2010 07:38:37,,,0.98,0.00,14.77,1,22.602671685376472663139329805996473,0, 
02/05/2010 07:38:38,,,0.98,0.00,14.77,1,22.602671685376472663139329805996473,0, 
02/05/2010 07:38:39,,,0.98,0.00,14.77,1,22.602671685376472663139329805996473,0, 
02/05/2010 07:38:40,,,0.98,0.00,14.77,2,22.602671685376472663139329805996473,0, 
02/05/2010 07:38:41,,,0.98,0.00,14.44,2,22.506131613967323943661971830985915,0, 
02/05/2010 07:38:42,,,0.98,0.00,14.44,2,22.506131613967323943661971830985915,0, 
02/05/2010 07:38:43,,,0.98,0.00,14.44,1,22.506131613967323943661971830985915,0, 
02/05/2010 07:38:44,,,0.98,0.00,14.44,1,22.506131613967323943661971830985915,0, 
02/05/2010 07:38:45,,,0.98,0.00,14.12,1,22.506131613967323943661971830985915,0, 
02/05/2010 07:38:46,,,0.98,0.00,14.12,2,22.506131613967323943661971830985915,0, 
02/05/2010 07:38:47,,,0.98,0.00,14.12,1,22.409447444600667838312829525483304,0, 
02/05/2010 07:38:48,,,0.98,0.00,14.12,1,22.409447444600667838312829525483304,0, 
02/05/2010 07:38:49,,,0.98,0.00,14.12,1,22.409447444600667838312829525483304,0, 
02/05/2010 07:38:50,,,0.98,0.00,14.12,1,22.409447444600667838312829525483304,0, 
02/05/2010 07:38:52,,,0.98,0.00,13.80,2,22.409447444600667838312829525483304,0, 
02/05/2010 07:38:53,,,0.98,0.00,13.80,2,22.312619086070175438596491228070175,0, 
02/05/2010 07:38:54,,,0.98,0.00,13.80,1,22.312619086070175438596491228070175,0, 
02/05/2010 07:38:55,,,0.98,0.00,13.80,2,22.312619086070175438596491228070175,0, 
02/05/2010 07:38:56,,,0.98,0.00,13.80,2,22.312619086070175438596491228070175,0, 
02/05/2010 07:38:57,,,0.98,0.00,13.48,1,22.312619086070175438596491228070175,0, 
02/05/2010 07:38:58,,,0.98,0.00,13.48,1,22.312619086070175438596491228070175,0, 
02/05/2010 07:38:59,,,0.98,0.00,13.48,1,22.215646447808441330998248686514886,0, 
02/05/2010 07:39:00,,,0.98,0.00,13.48,1,22.215646447808441330998248686514886,0, 
02/05/2010 07:39:01,,,0.98,0.00,13.48,2,22.215646447808441330998248686514886,0, 
02/05/2010 07:39:02,,,0.98,0.00,13.15,2,22.215646447808441330998248686514886,0, 
02/05/2010 07:39:03,,,0.98,0.00,13.15,1,22.215646447808441330998248686514886,0, 
02/05/2010 07:39:04,,,0.98,0.00,13.15,1,22.215646447808441330998248686514886,0, 
02/05/2010 07:39:05,,,0.98,0.00,13.15,2,22.118529439881398601398601398601399,0, 
02/05/2010 07:39:06,,,0.98,0.00,13.15,1,22.118529439881398601398601398601399,0, 
02/05/2010 07:39:07,,,0.98,0.00,13.15,1,22.118529439881398601398601398601399,0, 
02/05/2010 07:39:09,,,0.98,0.00,12.83,1,22.118529439881398601398601398601399,0, 
02/05/2010 07:39:10,,,0.98,0.00,12.83,1,22.118529439881398601398601398601399,0, 
02/05/2010 07:39:11,,,0.98,0.00,12.83,2,22.118529439881398601398601398601399,0, 
02/05/2010 07:39:12,,,0.98,0.00,12.83,2,22.021267972982792321116928446771379,0, 
02/05/2010 07:39:13,,,0.98,0.00,12.83,1,22.021267972982792321116928446771379,0, 
02/05/2010 07:39:14,,,0.98,0.00,12.51,1,22.021267972982792321116928446771379,0, 
02/05/2010 07:39:15,,,0.98,0.00,12.51,1,22.021267972982792321116928446771379,0, 
02/05/2010 07:39:16,,,0.98,0.00,12.51,1,22.021267972982792321116928446771379,0, 
02/05/2010 07:39:17,,,0.98,0.00,12.51,2,22.021267972982792321116928446771379,0, 
02/05/2010 07:39:18,,,0.98,0.00,12.51,2,21.923861958428710801393728222996516,0, 
02/05/2010 07:39:19,,,0.98,0.00,12.51,2,21.923861958428710801393728222996516,0, 
02/05/2010 07:39:20,,,0.98,0.00,12.19,2,21.923861958428710801393728222996516,0, 
02/05/2010 07:39:21,,,0.98,0.00,12.19,1,21.923861958428710801393728222996516,0, 
02/05/2010 07:39:22,,,0.98,0.00,12.19,1,21.923861958428710801393728222996516,0, 
02/05/2010 07:39:23,,,0.98,0.00,12.19,2,21.923861958428710801393728222996516,0, 
02/05/2010 07:39:24,,,0.98,0.00,12.19,1,21.923861958428710801393728222996516,0, 
02/05/2010 07:39:25,,,0.98,0.00,12.19,1,21.826311308152173913043478260869565,0, 
02/05/2010 07:39:27,,,0.98,0.00,12.19,1,21.826311308152173913043478260869565,0, 
02/05/2010 07:39:28,,,0.98,0.00,12.19,1,21.826311308152173913043478260869565,0, 
02/05/2010 07:39:29,,,0.98,0.00,11.87,1,21.826311308152173913043478260869565,0, 
02/05/2010 07:39:30,,,0.98,0.00,11.87,1,21.826311308152173913043478260869565,0, 
02/05/2010 07:39:31,,,0.98,0.00,11.87,1,21.728615934697777777777777777777778,0, 
02/05/2010 07:39:32,,,0.98,0.00,11.87,1,21.728615934697777777777777777777778,0, 
02/05/2010 07:39:33,,,0.98,0.00,11.87,1,21.728615934697777777777777777777778,0, 
02/05/2010 07:39:34,,,0.98,0.00,11.54,1,21.728615934697777777777777777777778,0, 
02/05/2010 07:39:35,,,0.98,0.00,11.54,1,21.728615934697777777777777777777778,0, 
02/05/2010 07:39:36,,,0.98,0.00,11.54,1,21.728615934697777777777777777777778,0, 
02/05/2010 07:39:37,,,0.98,0.00,11.54,1,21.728615934697777777777777777777778,0, 
02/05/2010 07:39:38,,,0.98,0.00,11.54,1,21.630775751216395147313691507798960,0, 
02/05/2010 07:39:39,,,0.98,0.00,11.54,1,21.630775751216395147313691507798960,0, 
02/05/2010 07:39:40,,,0.98,0.00,11.54,2,21.630775751216395147313691507798960,0, 
02/05/2010 07:39:41,,,0.98,0.00,11.54,1,21.630775751216395147313691507798960,0, 
02/05/2010 07:39:42,,,0.98,0.00,11.22,1,21.630775751216395147313691507798960,0, 
02/05/2010 07:39:43,,,0.98,0.00,11.22,1,21.630775751216395147313691507798960,0, 
02/05/2010 07:39:45,,,0.98,0.00,11.22,2,21.532790671459930795847750865051903,0, 
02/05/2010 07:39:46,,,0.98,0.00,11.22,1,21.532790671459930795847750865051903,0, 
02/05/2010 07:39:47,,,0.98,0.00,11.22,1,21.532790671459930795847750865051903,0, 
02/05/2010 07:39:48,,,0.98,0.00,11.22,1,21.532790671459930795847750865051903,0, 
02/05/2010 07:39:49,,,0.98,0.00,11.22,1,21.532790671459930795847750865051903,0, 
02/05/2010 07:39:50,,,0.98,0.00,10.90,1,21.532790671459930795847750865051903,0, 
02/05/2010 07:39:51,,,0.98,0.00,10.90,2,21.434660609776131260794473229706390,0, 
02/05/2010 07:39:52,,,0.98,0.00,10.90,1,21.434660609776131260794473229706390,0, 
02/05/2010 07:39:53,,,0.98,0.00,10.90,1,21.434660609776131260794473229706390,0, 
02/05/2010 07:39:54,,,0.98,0.00,10.90,1,21.434660609776131260794473229706390,0, 
02/05/2010 07:39:55,,,0.98,0.00,10.90,1,21.434660609776131260794473229706390,0, 
02/05/2010 07:39:56,,,0.98,0.00,10.90,2,21.336385481103448275862068965517241,0, 
02/05/2010 07:39:57,,,0.98,0.00,10.58,1,21.336385481103448275862068965517241,0, 
02/05/2010 07:39:58,,,0.98,0.00,10.58,2,21.336385481103448275862068965517241,0, 
02/05/2010 07:39:59,,,0.98,0.00,10.58,1,21.336385481103448275862068965517241,0, 
02/05/2010 07:40:00,,,0.98,0.00,10.58,1,21.336385481103448275862068965517241,0, 
02/05/2010 07:40:02,,,0.98,0.00,10.58,1,21.336385481103448275862068965517241,0, 
02/05/2010 07:40:03,,,0.98,0.00,10.58,1,21.237965200965955249569707401032702,0, 
02/05/2010 07:40:04,,,0.98,0.00,10.58,1,21.237965200965955249569707401032702,0, 
02/05/2010 07:40:05,,,0.98,0.00,10.25,2,21.237965200965955249569707401032702,0, 
02/05/2010 07:40:06,,,0.98,0.00,10.25,1,21.237965200965955249569707401032702,0, 
02/05/2010 07:40:07,,,0.98,0.00,10.25,1,21.237965200965955249569707401032702,0, 
02/05/2010 07:40:08,,,0.98,0.00,10.25,1,21.139399685468316151202749140893471,0, 
02/05/2010 07:40:09,,,0.98,0.00,10.25,2,21.139399685468316151202749140893471,0, 
02/05/2010 07:40:10,,,0.98,0.00,10.25,1,21.139399685468316151202749140893471,0, 
02/05/2010 07:40:11,,,0.98,0.00,10.25,1,21.139399685468316151202749140893471,0, 
02/05/2010 07:40:12,,,0.98,0.00,10.25,1,21.139399685468316151202749140893471,0, 
02/05/2010 07:40:13,,,0.98,0.00,9.93,1,21.139399685468316151202749140893471,0, 
02/05/2010 07:40:14,,,0.98,0.00,9.93,2,21.040688851290806174957118353344768,0, 
02/05/2010 07:40:15,,,0.98,0.00,9.93,1,21.040688851290806174957118353344768,0, 
02/05/2010 07:40:16,,,0.98,0.00,9.93,2,21.040688851290806174957118353344768,0, 
02/05/2010 07:40:17,,,0.98,0.00,9.93,1,21.040688851290806174957118353344768,0, 
02/05/2010 07:40:18,,,0.98,0.00,9.93,2,21.040688851290806174957118353344768,0, 
02/05/2010 07:40:20,,,0.98,0.00,9.93,1,20.941832615684383561643835616438356,0, 
02/05/2010 07:40:21,,,0.98,0.00,9.61,1,20.941832615684383561643835616438356,0, 
02/05/2010 07:40:22,,,0.98,0.00,9.61,1,20.941832615684383561643835616438356,0, 
02/05/2010 07:40:23,,,0.98,0.00,9.61,1,20.941832615684383561643835616438356,0, 
02/05/2010 07:40:24,,,0.98,0.00,9.61,1,20.941832615684383561643835616438356,0, 
02/05/2010 07:40:25,,,0.98,0.00,9.61,1,20.941832615684383561643835616438356,0, 
02/05/2010 07:40:26,,,0.98,0.00,9.61,1,20.842830896465811965811965811965812,0, 
02/05/2010 07:40:27,,,0.98,0.00,9.61,1,20.842830896465811965811965811965812,0, 
02/05/2010 07:40:28,,,0.98,0.00,9.61,1,20.842830896465811965811965811965812,0, 
02/05/2010 07:40:29,,,0.98,0.00,9.61,1,20.842830896465811965811965811965812,0, 
02/05/2010 07:40:30,,,0.98,0.00,9.29,1,20.842830896465811965811965811965812,0, 
02/05/2010 07:40:31,,,0.98,0.00,9.29,2,20.743683612012832764505119453924915,0, 
02/05/2010 07:40:32,,,0.98,0.00,9.29,1,20.743683612012832764505119453924915,0, 
02/05/2010 07:40:33,,,0.98,0.00,9.29,1,20.743683612012832764505119453924915,0, 
02/05/2010 07:40:34,,,0.98,0.00,9.29,1,20.743683612012832764505119453924915,0, 
02/05/2010 07:40:35,,,0.98,0.00,9.29,1,20.743683612012832764505119453924915,0, 
02/05/2010 07:40:36,,,0.98,0.00,9.29,1,20.644390681259386712095400340715503,0, 
02/05/2010 07:40:37,,,0.98,0.00,8.96,1,20.644390681259386712095400340715503,0, 
02/05/2010 07:40:39,,,0.98,0.00,8.96,2,20.644390681259386712095400340715503,0, 
02/05/2010 07:40:40,,,0.98,0.00,8.96,1,20.644390681259386712095400340715503,0, 
02/05/2010 07:40:41,,,0.98,0.00,8.96,1,20.644390681259386712095400340715503,0, 
02/05/2010 07:40:42,,,0.98,0.00,8.96,2,20.544952023690884353741496598639456,0, 
02/05/2010 07:40:43,,,0.98,0.00,8.96,18,20.544952023690884353741496598639456,0, 
02/05/2010 07:40:44,,,0.98,160.20,8.96,4,20.544952023690884353741496598639456,0, 
02/05/2010 07:40:45,,,0.98,162.16,8.96,3,20.544952023690884353741496598639456,0, 
02/05/2010 07:40:46,,,0.98,158.25,8.96,3,20.544952023690884353741496598639456,0, 
02/05/2010 07:40:47,,,0.98,162.16,8.64,4,20.544952023690884353741496598639456,0, 
02/05/2010 07:40:48,,,0.98,160.20,8.96,3,20.445367559339524617996604414261460,0, 
02/05/2010 07:40:49,,,0.98,160.20,8.96,3,20.445367559339524617996604414261460,0, 
02/05/2010 07:40:50,,,0.98,160.20,8.64,5,20.445367559339524617996604414261460,0, 
02/05/2010 07:40:51,,,0.98,156.29,8.64,17,20.445367559339524617996604414261460,0, 
02/05/2010 07:40:52,,,0.98,47.80,8.96,6,20.445367559339524617996604414261460,0, 
02/05/2010 07:40:53,,,0.98,0.00,8.64,5,20.445367559339524617996604414261460,0, 
02/05/2010 07:40:54,,,0.98,0.00,8.64,8,20.345637208779661016949152542372881,0, 
02/05/2010 07:40:56,,,0.98,0.00,8.64,4,20.345637208779661016949152542372881,0, 
02/05/2010 07:40:57,,,0.98,0.00,8.64,2,20.345637208779661016949152542372881,0, 
02/05/2010 07:40:58,,,0.98,0.00,8.64,2,20.345637208779661016949152542372881,0, 
02/05/2010 07:40:59,,,0.98,0.00,8.64,1,20.345637208779661016949152542372881,0, 
02/05/2010 07:41:00,,,0.98,0.00,8.64,2,20.345637208779661016949152542372881,0, 
02/05/2010 07:41:01,,,0.98,0.00,8.64,1,20.245760893123214890016920473773266,0, 
02/05/2010 07:41:02,,,0.98,0.00,8.64,2,20.245760893123214890016920473773266,0, 
02/05/2010 07:41:03,,,0.98,0.00,8.64,5,20.245760893123214890016920473773266,0, 
02/05/2010 07:41:04,,,0.98,0.00,8.64,2,20.245760893123214890016920473773266,0, 
02/05/2010 07:41:05,,,0.98,0.00,8.64,2,20.245760893123214890016920473773266,0, 
02/05/2010 07:41:06,,,0.98,0.00,8.64,2,20.145738534015135135135135135135135,0, 
02/05/2010 07:41:07,,,0.98,0.00,8.64,2,20.145738534015135135135135135135135,0, 
02/05/2010 07:41:08,,,0.98,0.00,8.32,2,20.145738534015135135135135135135135,0, 
02/05/2010 07:41:09,,,0.98,0.00,8.32,2,20.145738534015135135135135135135135,0, 
02/05/2010 07:41:10,,,0.98,0.00,8.32,1,20.145738534015135135135135135135135,0, 
02/05/2010 07:41:11,,,0.98,0.00,8.64,1,20.045570053628903878583473861720067,0, 
02/05/2010 07:41:12,,,0.98,0.00,8.32,1,20.045570053628903878583473861720067,0, 
02/05/2010 07:41:13,,,0.98,0.00,8.32,1,20.045570053628903878583473861720067,0, 
02/05/2010 07:41:15,,,0.98,0.00,8.32,1,20.045570053628903878583473861720067,0, 
02/05/2010 07:41:16,,,0.98,0.00,8.32,1,20.045570053628903878583473861720067,0, 
02/05/2010 07:41:17,,,0.98,0.00,8.32,1,19.945255374662087542087542087542088,0, 
02/05/2010 07:41:18,,,0.98,0.00,8.32,1,19.945255374662087542087542087542088,0, 
02/05/2010 07:41:19,,,0.98,0.00,8.32,1,19.945255374662087542087542087542088,0, 
02/05/2010 07:41:20,,,0.98,0.00,8.00,1,19.945255374662087542087542087542088,0, 
02/05/2010 07:41:21,,,0.98,0.00,8.00,1,19.945255374662087542087542087542088,0, 
02/05/2010 07:41:22,,,0.98,0.00,8.00,3,19.844794420331932773109243697478992,0, 
02/05/2010 07:41:23,,,0.98,0.00,8.00,2,19.844794420331932773109243697478992,0, 
02/05/2010 07:41:24,,,0.98,0.00,8.00,2,19.844794420331932773109243697478992,0, 
02/05/2010 07:41:25,,,0.98,0.00,8.00,2,19.844794420331932773109243697478992,0, 
02/05/2010 07:41:26,,,0.98,0.00,8.00,1,19.844794420331932773109243697478992,0, 
02/05/2010 07:41:27,,,0.98,0.00,7.68,1,19.844794420331932773109243697478992,0, 
02/05/2010 07:41:28,,,0.98,0.00,7.68,2,19.744187114371006711409395973154362,0, 
02/05/2010 07:41:29,,,0.98,0.00,7.68,2,19.744187114371006711409395973154362,0, 
02/05/2010 07:41:30,,,0.98,0.00,7.68,1,19.744187114371006711409395973154362,0, 
02/05/2010 07:41:31,,,0.98,0.00,7.68,1,19.744187114371006711409395973154362,0, 
02/05/2010 07:41:33,,,0.98,0.00,7.68,1,19.744187114371006711409395973154362,0, 
02/05/2010 07:41:34,,,0.98,0.00,7.68,2,19.643433381022881072026800670016750,0, 
02/05/2010 07:41:35,,,0.98,0.00,7.68,2,19.643433381022881072026800670016750,0, 
02/05/2010 07:41:36,,,0.98,0.00,7.68,2,19.643433381022881072026800670016750,0, 
02/05/2010 07:41:37,,,0.98,0.00,7.68,2,19.643433381022881072026800670016750,0, 
02/05/2010 07:41:38,,,0.98,0.00,7.68,2,19.643433381022881072026800670016750,0, 
02/05/2010 07:41:39,,,0.98,0.00,7.35,2,19.542533145037859531772575250836120,0, 
02/05/2010 07:41:40,,,0.98,0.00,7.35,1,19.542533145037859531772575250836120,0, 
02/05/2010 07:41:41,,,0.98,0.00,7.35,2,19.542533145037859531772575250836120,0, 
02/05/2010 07:41:42,,,0.98,0.00,7.35,2,19.542533145037859531772575250836120,0, 
02/05/2010 07:41:43,,,0.98,0.00,7.35,2,19.542533145037859531772575250836120,0, 
02/05/2010 07:41:44,,,0.98,0.00,7.35,1,19.542533145037859531772575250836120,0, 
02/05/2010 07:41:45,,,0.98,0.00,7.35,2,19.441486331668747913188647746243740,0, 
02/05/2010 07:41:46,,,0.98,0.00,7.35,1,19.441486331668747913188647746243740,0, 
02/05/2010 07:41:47,,,0.98,0.00,7.35,2,19.441486331668747913188647746243740,0, 
02/05/2010 07:41:48,,,0.98,0.00,7.35,1,19.441486331668747913188647746243740,0, 
02/05/2010 07:41:49,,,0.98,0.00,7.03,1,19.340292866666666666666666666666667,0, 
02/05/2010 07:41:51,,,0.98,0.00,7.03,1,19.340292866666666666666666666666667,0, 
02/05/2010 07:41:52,,,0.98,0.00,7.03,2,19.340292866666666666666666666666667,0, 
02/05/2010 07:41:53,,,0.98,0.00,7.03,2,19.340292866666666666666666666666667,0, 
02/05/2010 07:41:54,,,0.98,0.00,7.03,2,19.340292866666666666666666666666667,0, 
02/05/2010 07:41:55,,,0.98,0.00,7.03,3,19.340292866666666666666666666666667,0, 
02/05/2010 07:41:56,,,0.98,0.00,7.03,4,19.238952676276905158069883527454243,0, 
02/05/2010 07:41:57,,,0.98,0.00,7.03,8,19.238952676276905158069883527454243,0, 
02/05/2010 07:41:58,,,0.98,0.00,6.71,7,19.238952676276905158069883527454243,0, 
02/05/2010 07:41:59,,,0.98,0.00,6.71,5,19.238952676276905158069883527454243,0, 
02/05/2010 07:42:00,,,0.98,0.00,6.71,6,19.238952676276905158069883527454243,0, 
02/05/2010 07:42:01,,,0.98,0.00,6.71,6,19.238952676276905158069883527454243,0, 
02/05/2010 07:42:02,,,0.98,0.00,6.71,9,19.137465687234817275747508305647841,0, 
02/05/2010 07:42:03,,,0.98,0.00,6.71,8,19.137465687234817275747508305647841,0, 
02/05/2010 07:42:04,,,0.98,0.00,6.39,6,19.137465687234817275747508305647841,0, 
02/05/2010 07:42:05,,,0.98,0.00,6.39,4,19.137465687234817275747508305647841,0, 
02/05/2010 07:42:06,,,0.98,0.00,6.39,5,19.035831826761757877280265339966833,0, 
02/05/2010 07:42:07,,,0.98,0.00,6.39,6,19.035831826761757877280265339966833,0, 
02/05/2010 07:42:08,,,0.98,0.00,6.39,6,19.035831826761757877280265339966833,0, 
02/05/2010 07:42:10,,,0.98,0.00,6.06,6,19.035831826761757877280265339966833,0, 
02/05/2010 07:42:11,,,0.98,0.00,6.06,7,19.035831826761757877280265339966833,0, 
02/05/2010 07:42:12,,,0.98,0.00,6.06,7,18.934051022561059602649006622516556,0, 
02/05/2010 07:42:13,,,0.98,0.00,6.06,8,18.934051022561059602649006622516556,0, 
02/05/2010 07:42:14,,,0.98,0.00,5.74,8,18.934051022561059602649006622516556,0, 
02/05/2010 07:42:15,,,0.98,0.00,5.74,5,18.934051022561059602649006622516556,0, 
02/05/2010 07:42:16,,,0.98,0.00,5.74,8,18.934051022561059602649006622516556,0, 
02/05/2010 07:42:17,,,0.98,0.00,5.74,7,18.832123202814049586776859504132231,0, 
02/05/2010 07:42:18,,,0.98,0.00,5.74,7,18.832123202814049586776859504132231,0, 
02/05/2010 07:42:19,,,0.98,0.00,5.42,8,18.832123202814049586776859504132231,0, 
02/05/2010 07:42:20,,,0.98,0.00,5.42,6,18.832123202814049586776859504132231,0, 
02/05/2010 07:42:21,,,0.98,0.00,5.42,5,18.832123202814049586776859504132231,0, 
02/05/2010 07:42:22,,,0.98,0.00,5.10,5,18.730048296176105610561056105610561,0, 
02/05/2010 07:42:23,,,0.98,0.00,5.10,6,18.730048296176105610561056105610561,0, 
02/05/2010 07:42:24,,,0.98,0.00,5.10,10,18.730048296176105610561056105610561,0, 
02/05/2010 07:42:25,,,0.98,0.00,5.10,6,18.730048296176105610561056105610561,0, 
02/05/2010 07:42:26,,,0.98,0.00,4.78,5,18.730048296176105610561056105610561,0, 
02/05/2010 07:42:27,,,0.98,0.00,4.78,7,18.627826231772751235584843492586491,0, 
02/05/2010 07:42:29,,,0.98,0.00,4.78,4,18.627826231772751235584843492586491,0, 
02/05/2010 07:42:30,,,0.98,0.00,4.78,7,18.627826231772751235584843492586491,0, 
02/05/2010 07:42:31,,,0.98,0.00,4.78,5,18.627826231772751235584843492586491,0, 
02/05/2010 07:42:32,,,0.98,0.00,4.45,5,18.627826231772751235584843492586491,0, 
02/05/2010 07:42:33,,,0.98,0.00,4.45,9,18.525456939195789473684210526315789,0, 
02/05/2010 07:42:34,,,0.98,0.00,4.45,6,18.525456939195789473684210526315789,0, 
02/05/2010 07:42:35,,,0.98,0.00,4.45,5,18.525456939195789473684210526315789,0, 
02/05/2010 07:42:36,,,0.98,0.00,4.13,7,18.525456939195789473684210526315789,0, 
02/05/2010 07:42:37,,,0.98,0.00,4.13,6,18.422940348499474548440065681444992,0, 
02/05/2010 07:42:38,,,0.98,0.00,4.13,6,18.422940348499474548440065681444992,0, 
02/05/2010 07:42:39,,,0.98,0.00,4.13,4,18.422940348499474548440065681444992,0, 
02/05/2010 07:42:40,,,0.98,0.00,4.13,7,18.422940348499474548440065681444992,0, 
02/05/2010 07:42:41,,,0.98,0.00,3.81,5,18.422940348499474548440065681444992,0, 
02/05/2010 07:42:42,,,0.98,0.00,3.81,8,18.320276390196721311475409836065574,0, 
02/05/2010 07:42:43,,,0.98,0.00,3.81,8,18.320276390196721311475409836065574,0, 
02/05/2010 07:42:44,,,0.98,0.00,3.49,8,18.320276390196721311475409836065574,0, 
02/05/2010 07:42:45,,,0.98,0.00,3.49,9,18.320276390196721311475409836065574,0, 
02/05/2010 07:42:46,,,0.98,0.00,3.49,5,18.320276390196721311475409836065574,0, 
02/05/2010 07:42:48,,,0.98,0.00,3.49,6,18.217464995255351882160392798690671,0, 
02/05/2010 07:42:49,,,0.98,0.00,3.16,6,18.217464995255351882160392798690671,0, 
02/05/2010 07:42:50,,,0.98,0.00,3.16,7,18.217464995255351882160392798690671,0, 
02/05/2010 07:42:51,,,0.98,0.00,3.16,5,18.217464995255351882160392798690671,0, 
02/05/2010 07:42:52,,,0.98,0.00,3.16,7,18.114506095094379084967320261437908,0, 
02/05/2010 07:42:53,,,0.98,0.00,3.16,8,18.114506095094379084967320261437908,0, 
02/05/2010 07:42:54,,,0.98,0.00,2.84,6,18.114506095094379084967320261437908,0, 
02/05/2010 07:42:55,,,0.98,0.00,2.84,9,18.114506095094379084967320261437908,0, 
02/05/2010 07:42:56,,,0.98,0.00,2.84,4,18.114506095094379084967320261437908,0, 
02/05/2010 07:42:57,,,0.98,0.00,2.84,6,18.011399621580326264274061990212072,0, 
02/05/2010 07:42:58,,,0.98,0.00,2.52,7,18.011399621580326264274061990212072,0, 
02/05/2010 07:42:59,,,0.98,0.00,2.52,6,18.011399621580326264274061990212072,0, 
02/05/2010 07:43:00,,,0.98,0.00,2.52,8,18.011399621580326264274061990212072,0, 
02/05/2010 07:43:01,,,0.98,0.00,2.20,6,17.908145507023583061889250814332248,0, 
02/05/2010 07:43:02,,,0.98,0.00,2.20,5,17.908145507023583061889250814332248,0, 
02/05/2010 07:43:03,,,0.98,0.00,2.20,5,17.908145507023583061889250814332248,0, 
02/05/2010 07:43:04,,,0.98,0.00,2.20,5,17.908145507023583061889250814332248,0, 
02/05/2010 07:43:05,,,0.98,0.00,2.20,6,17.908145507023583061889250814332248,0, 
02/05/2010 07:43:06,,,0.98,0.00,1.87,7,17.804743684174796747967479674796748,0, 
02/05/2010 07:43:08,,,0.98,0.00,1.87,5,17.804743684174796747967479674796748,0, 
02/05/2010 07:43:09,,,0.98,0.00,1.87,5,17.804743684174796747967479674796748,0, 
02/05/2010 07:43:10,,,0.98,0.00,1.87,6,17.804743684174796747967479674796748,0, 
02/05/2010 07:43:11,,,0.98,0.00,1.87,5,17.701194086221298701298701298701299,0, 
02/05/2010 07:43:12,,,0.98,0.00,1.55,7,17.701194086221298701298701298701299,0, 
02/05/2010 07:43:13,,,0.98,0.00,1.55,6,17.701194086221298701298701298701299,0, 
02/05/2010 07:43:14,,,0.98,0.00,1.55,8,17.701194086221298701298701298701299,0, 
02/05/2010 07:43:15,,,0.98,0.00,1.55,7,17.597496646783565640194489465153971,0, 
02/05/2010 07:43:16,,,0.98,0.00,1.55,5,17.597496646783565640194489465153971,0, 
02/05/2010 07:43:17,,,0.98,0.00,1.55,6,17.597496646783565640194489465153971,0, 
02/05/2010 07:43:18,,,0.98,0.00,1.23,6,17.597496646783565640194489465153971,0, 
02/05/2010 07:43:19,,,0.98,0.00,1.23,7,17.597496646783565640194489465153971,0, 
02/05/2010 07:43:20,,,0.98,0.00,1.23,6,17.597496646783565640194489465153971,0, 
02/05/2010 07:43:21,,,0.98,0.00,1.23,5,17.493651299911715210355987055016181,0, 
02/05/2010 07:43:22,,,0.98,0.00,0.91,7,17.493651299911715210355987055016181,0, 
02/05/2010 07:43:23,,,0.98,0.00,0.91,7,17.493651299911715210355987055016181,0, 
02/05/2010 07:43:24,,,0.98,0.00,0.91,6,17.493651299911715210355987055016181,0, 
02/05/2010 07:43:25,,,0.98,0.00,0.91,7,17.389657980082035541195476575121163,0, 
02/05/2010 07:43:27,,,0.98,0.00,0.91,5,17.389657980082035541195476575121163,0, 
02/05/2010 07:43:28,,,0.98,0.00,0.59,5,17.389657980082035541195476575121163,0, 
02/05/2010 07:43:29,,,0.98,0.00,0.59,5,17.389657980082035541195476575121163,0, 
02/05/2010 07:43:30,,,0.98,0.00,0.59,6,17.389657980082035541195476575121163,0, 
02/05/2010 07:43:31,,,0.98,0.00,0.59,6,17.285516622193548387096774193548387,0, 
02/05/2010 07:43:32,,,0.98,0.00,0.26,7,17.285516622193548387096774193548387,0, 
02/05/2010 07:43:33,,,0.98,0.00,0.26,6,17.285516622193548387096774193548387,0, 
02/05/2010 07:43:34,,,0.98,0.00,0.26,7,17.285516622193548387096774193548387,0, 
02/05/2010 07:43:35,,,0.98,0.00,0.26,8,17.285516622193548387096774193548387,0, 
02/05/2010 07:43:36,,,0.98,0.00,-0.06,6,17.181227161564605475040257648953301,0, 
02/05/2010 07:43:37,,,0.98,0.00,-0.06,9,17.181227161564605475040257648953301,0, 
02/05/2010 07:43:38,,,0.98,0.00,-0.06,11,17.181227161564605475040257648953301,0, 
02/05/2010 07:43:39,,,0.98,0.00,-0.06,8,17.181227161564605475040257648953301,0, 
02/05/2010 07:43:40,,,0.98,0.00,-0.06,6,17.076789533929517684887459807073955,0, 
02/05/2010 07:43:41,,,0.98,0.00,-0.06,7,17.076789533929517684887459807073955,0, 
02/05/2010 07:43:42,,,0.98,0.00,-0.38,4,17.076789533929517684887459807073955,0, 
02/05/2010 07:43:43,,,0.98,0.00,-0.38,6,17.076789533929517684887459807073955,0, 
02/05/2010 07:43:44,,,0.98,0.00,-0.38,6,16.972203675435216693418940609951846,0, 
02/05/2010 07:43:45,,,0.98,0.00,-0.38,6,16.972203675435216693418940609951846,0, 
02/05/2010 07:43:47,,,0.98,0.00,-0.70,5,16.972203675435216693418940609951846,0, 
02/05/2010 07:43:48,,,0.98,0.00,-0.70,7,16.972203675435216693418940609951846,0, 
02/05/2010 07:43:49,,,0.98,0.00,-0.70,7,16.972203675435216693418940609951846,0, 
02/05/2010 07:43:50,,,0.98,0.00,-0.70,9,16.867469522637948717948717948717949,0, 
02/05/2010 07:43:51,,,0.98,0.00,-0.70,7,16.867469522637948717948717948717949,0, 
02/05/2010 07:43:52,,,0.98,0.00,-0.70,5,16.867469522637948717948717948717949,0, 
02/05/2010 07:43:53,,,0.98,0.00,-1.03,7,16.867469522637948717948717948717949,0, 
02/05/2010 07:43:54,,,0.98,0.00,-1.03,7,16.867469522637948717948717948717949,0, 
02/05/2010 07:43:55,,,0.98,0.00,-1.03,7,16.76258701250,0, 
02/05/2010 07:43:56,,,0.98,0.00,-1.03,5,16.76258701250,0, 
02/05/2010 07:43:57,,,0.98,0.00,-1.03,5,16.76258701250,0, 
02/05/2010 07:43:58,,,0.98,0.00,-1.35,7,16.76258701250,0, 
02/05/2010 07:43:59,,,0.98,0.00,-1.35,7,16.657556082386453674121405750798722,0, 
02/05/2010 07:44:00,,,0.98,0.00,-1.35,6,16.657556082386453674121405750798722,0, 
02/05/2010 07:44:01,,,0.98,0.00,-1.35,4,16.657556082386453674121405750798722,0, 
02/05/2010 07:44:02,,,0.98,0.00,-1.35,7,16.657556082386453674121405750798722,0, 
02/05/2010 07:44:03,,,0.98,0.00,-1.67,5,16.552376670061977671451355661881978,0, 
02/05/2010 07:44:04,,,0.98,0.00,-1.35,8,16.552376670061977671451355661881978,0, 
02/05/2010 07:44:06,,,0.98,0.00,-1.67,5,16.552376670061977671451355661881978,0, 
02/05/2010 07:44:07,,,0.98,0.00,-1.67,6,16.552376670061977671451355661881978,0, 
02/05/2010 07:44:08,,,0.98,0.00,-1.67,6,16.552376670061977671451355661881978,0, 
02/05/2010 07:44:09,,,0.98,0.00,-1.99,6,16.447048713687643312101910828025478,0, 
02/05/2010 07:44:10,,,0.98,0.00,-1.99,5,16.447048713687643312101910828025478,0, 
02/05/2010 07:44:11,,,0.98,0.00,-1.99,6,16.447048713687643312101910828025478,0, 
02/05/2010 07:44:12,,,0.98,0.00,-1.99,7,16.447048713687643312101910828025478,0, 
02/05/2010 07:44:13,,,0.98,0.00,-1.99,5,16.341572151817774244833068362480127,0, 
02/05/2010 07:44:14,,,0.98,0.00,-1.99,4,16.341572151817774244833068362480127,0, 
02/05/2010 07:44:15,,,0.98,0.00,-1.99,7,16.341572151817774244833068362480127,0, 
02/05/2010 07:44:16,,,0.98,0.00,-2.31,5,16.341572151817774244833068362480127,0, 
02/05/2010 07:44:17,,,0.98,0.00,-2.31,6,16.341572151817774244833068362480127,0, 
02/05/2010 07:44:18,,,0.98,0.00,-2.31,6,16.235946923396825396825396825396825,0, 
02/05/2010 07:44:19,,,0.98,0.00,-2.31,8,16.235946923396825396825396825396825,0, 
02/05/2010 07:44:20,,,0.98,0.00,-2.31,9,16.235946923396825396825396825396825,0, 
02/05/2010 07:44:21,,,0.98,0.00,-2.31,5,16.235946923396825396825396825396825,0, 
02/05/2010 07:44:22,,,0.98,0.00,-2.64,7,16.235946923396825396825396825396825,0, 
02/05/2010 07:44:23,,,0.98,0.00,-2.64,6,16.130172967756291600633914421553090,0, 
02/05/2010 07:44:25,,,0.98,0.00,-2.64,6,16.130172967756291600633914421553090,0, 
02/05/2010 07:44:26,,,0.98,0.00,-2.64,6,16.130172967756291600633914421553090,0, 
02/05/2010 07:44:27,,,0.98,0.00,-2.64,7,16.130172967756291600633914421553090,0, 
02/05/2010 07:44:28,,,0.98,0.00,-2.64,6,16.024250224611645569620253164556962,0, 
02/05/2010 07:44:29,,,0.98,0.00,-2.64,6,16.024250224611645569620253164556962,0, 
02/05/2010 07:44:30,,,0.98,0.00,-2.96,8,16.024250224611645569620253164556962,0, 
02/05/2010 07:44:31,,,0.98,0.00,-2.96,8,16.024250224611645569620253164556962,0, 
02/05/2010 07:44:32,,,0.98,0.00,-2.96,5,16.024250224611645569620253164556962,0, 
02/05/2010 07:44:33,,,0.98,0.00,-2.96,6,15.918178634059304897314375987361769,0, 
02/05/2010 07:44:34,,,0.98,0.00,-2.96,7,15.918178634059304897314375987361769,0, 
02/05/2010 07:44:35,,,0.98,0.00,-3.28,4,15.918178634059304897314375987361769,0, 
02/05/2010 07:44:36,,,0.98,0.00,-3.28,5,15.918178634059304897314375987361769,0, 
02/05/2010 07:44:37,,,0.98,0.00,-3.28,9,15.811958136573627760252365930599369,0, 
02/05/2010 07:44:38,,,0.98,0.00,-3.28,7,15.811958136573627760252365930599369,0, 
02/05/2010 07:44:39,,,0.98,0.00,-3.28,8,15.811958136573627760252365930599369,0, 
02/05/2010 07:44:40,,,0.98,0.00,-3.28,6,15.811958136573627760252365930599369,0, 
02/05/2010 07:44:41,,,0.98,0.00,-3.60,6,15.811958136573627760252365930599369,0, 
02/05/2010 07:44:42,,,0.98,0.00,-3.60,6,15.705588673003937007874015748031496,0, 
02/05/2010 07:44:44,,,0.98,0.00,-3.60,5,15.705588673003937007874015748031496,0, 
02/05/2010 07:44:45,,,0.98,0.00,-3.60,7,15.705588673003937007874015748031496,0, 
02/05/2010 07:44:46,,,0.98,0.00,-3.60,8,15.705588673003937007874015748031496,0, 
02/05/2010 07:44:47,,,0.98,0.00,-3.60,5,15.599070184571572327044025157232704,0, 
02/05/2010 07:44:48,,,0.98,0.00,-3.60,6,15.599070184571572327044025157232704,0, 
02/05/2010 07:44:49,,,0.98,0.00,-3.60,7,15.599070184571572327044025157232704,0, 
02/05/2010 07:44:50,,,0.98,0.00,-3.93,4,15.599070184571572327044025157232704,0, 
02/05/2010 07:44:51,,,0.98,0.00,-3.93,6,15.599070184571572327044025157232704,0, 
02/05/2010 07:44:52,,,0.98,0.00,-3.93,4,15.492402612866970172684458398744113,0, 
02/05/2010 07:44:53,,,0.98,0.00,-3.93,4,15.492402612866970172684458398744113,0, 
02/05/2010 07:44:54,,,0.98,0.00,-3.93,6,15.492402612866970172684458398744113,0, 
02/05/2010 07:44:55,,,0.98,0.00,-3.93,7,15.492402612866970172684458398744113,0, 
02/05/2010 07:44:56,,,0.98,0.00,-4.25,5,15.492402612866970172684458398744113,0, 
02/05/2010 07:44:57,,,0.98,0.00,-4.25,7,15.385585899846771159874608150470219,0, 
02/05/2010 07:44:58,,,0.98,0.00,-4.25,7,15.385585899846771159874608150470219,0, 
02/05/2010 07:44:59,,,0.98,0.00,-4.25,7,15.385585899846771159874608150470219,0, 
02/05/2010 07:45:00,,,0.98,0.00,-4.25,4,15.385585899846771159874608150470219,0, 
02/05/2010 07:45:01,,,0.98,0.00,-4.25,5,15.278619987830954616588419405320814,0, 
02/05/2010 07:45:02,,,0.98,0.00,-4.25,6,15.278619987830954616588419405320814,0, 
02/05/2010 07:45:04,,,0.98,0.00,-4.25,5,15.278619987830954616588419405320814,0, 
02/05/2010 07:45:05,,,0.98,0.00,-4.57,8,15.278619987830954616588419405320814,0, 
02/05/2010 07:45:06,,,0.98,0.00,-4.57,8,15.278619987830954616588419405320814,0, 
02/05/2010 07:45:07,,,0.98,0.00,-4.57,5,15.17150481950,0, 
02/05/2010 07:45:08,,,0.98,0.00,-4.57,5,15.17150481950,0, 
02/05/2010 07:45:09,,,0.98,0.00,-4.57,6,15.17150481950,0, 
02/05/2010 07:45:10,,,0.98,0.00,-4.89,5,15.17150481950,0, 
02/05/2010 07:45:11,,,0.98,0.00,-4.57,7,15.064240337892074882995319812792512,0, 
02/05/2010 07:45:12,,,0.98,0.00,-4.89,6,15.064240337892074882995319812792512,0, 
02/05/2010 07:45:13,,,0.98,0.00,-4.89,5,15.064240337892074882995319812792512,0, 
02/05/2010 07:45:14,,,0.98,0.00,-4.89,6,15.064240337892074882995319812792512,0, 
02/05/2010 07:45:15,,,0.98,0.00,-4.89,5,15.064240337892074882995319812792512,0, 
02/05/2010 07:45:16,,,0.98,0.00,-4.89,6,14.956826486400249221183800623052960,0, 
02/05/2010 07:45:17,,,0.98,0.00,-4.89,7,14.956826486400249221183800623052960,0, 
02/05/2010 07:45:18,,,0.98,0.00,-5.21,5,14.956826486400249221183800623052960,0, 
02/05/2010 07:45:19,,,0.98,0.00,-5.21,5,14.956826486400249221183800623052960,0, 
02/05/2010 07:45:20,,,0.98,0.00,-5.21,5,14.956826486400249221183800623052960,0, 
02/05/2010 07:45:21,,,0.98,0.00,-5.21,5,14.849263208769735614307931570762053,0, 
02/05/2010 07:45:23,,,0.98,0.00,-5.21,6,14.849263208769735614307931570762053,0, 
02/05/2010 07:45:24,,,0.98,0.00,-5.21,6,14.849263208769735614307931570762053,0, 
02/05/2010 07:45:25,,,0.98,0.00,-5.21,6,14.849263208769735614307931570762053,0, 
02/05/2010 07:45:26,,,0.98,0.00,-5.21,5,14.741550449095155279503105590062112,0, 
02/05/2010 07:45:27,,,0.98,0.00,-5.21,8,14.741550449095155279503105590062112,0, 
02/05/2010 07:45:28,,,0.98,0.00,-5.54,5,14.741550449095155279503105590062112,0, 
02/05/2010 07:45:29,,,0.98,0.00,-5.54,5,14.741550449095155279503105590062112,0, 
02/05/2010 07:45:30,,,0.98,0.00,-5.54,6,14.741550449095155279503105590062112,0, 
02/05/2010 07:45:31,,,0.98,0.00,-5.54,5,14.633688151817829457364341085271318,0, 
02/05/2010 07:45:32,,,0.98,0.00,-5.54,10,14.633688151817829457364341085271318,0, 
02/05/2010 07:45:33,,,0.98,0.00,-5.54,5,14.633688151817829457364341085271318,0, 
02/05/2010 07:45:34,,,0.98,0.00,-5.54,6,14.633688151817829457364341085271318,0, 
02/05/2010 07:45:35,,,0.98,0.00,-5.54,5,14.525676261723095975232198142414861,0, 
02/05/2010 07:45:36,,,0.98,0.00,-5.86,6,14.525676261723095975232198142414861,0, 
02/05/2010 07:45:37,,,0.98,0.00,-5.86,4,14.525676261723095975232198142414861,0, 
02/05/2010 07:45:38,,,0.98,0.00,-5.86,5,14.525676261723095975232198142414861,0, 
02/05/2010 07:45:39,,,0.98,0.00,-5.86,6,14.525676261723095975232198142414861,0, 
02/05/2010 07:45:40,,,0.98,0.00,-5.86,5,14.417514723937650695517774343122102,0, 
02/05/2010 07:45:41,,,0.98,0.00,-5.86,5,14.417514723937650695517774343122102,0, 
02/05/2010 07:45:43,,,0.98,0.00,-5.86,6,14.417514723937650695517774343122102,0, 
02/05/2010 07:45:44,,,0.98,0.00,-5.86,5,14.417514723937650695517774343122102,0, 
02/05/2010 07:45:45,,,0.98,0.00,-6.18,6,14.309203483926913580246913580246914,0, 
02/05/2010 07:45:46,,,0.98,0.00,-6.18,7,14.309203483926913580246913580246914,0, 
02/05/2010 07:45:47,,,0.98,0.00,-6.18,4,14.309203483926913580246913580246914,0, 
02/05/2010 07:45:48,,,0.98,0.00,-6.18,5,14.309203483926913580246913580246914,0, 
02/05/2010 07:45:49,,,0.98,0.00,-6.18,6,14.309203483926913580246913580246914,0, 
02/05/2010 07:45:50,,,0.98,0.00,-6.18,6,14.200742487492419106317411402157165,0, 
02/05/2010 07:45:51,,,0.98,0.00,-6.18,6,14.200742487492419106317411402157165,0, 
02/05/2010 07:45:52,,,0.98,0.00,-6.18,5,14.200742487492419106317411402157165,0, 
02/05/2010 07:45:53,,,0.98,0.00,-6.18,5,14.200742487492419106317411402157165,0, 
02/05/2010 07:45:54,,,0.98,0.00,-6.18,6,14.200742487492419106317411402157165,0, 
02/05/2010 07:45:55,,,0.98,0.00,-6.50,6,14.092131680769230769230769230769231,0, 
02/05/2010 07:45:56,,,0.98,0.00,-6.50,6,14.092131680769230769230769230769231,0, 
02/05/2010 07:45:57,,,0.98,0.00,-6.50,6,14.092131680769230769230769230769231,0, 
02/05/2010 07:45:58,,,0.98,0.00,-6.50,7,14.092131680769230769230769230769231,0, 
02/05/2010 07:45:59,,,0.98,0.00,-6.50,8,14.092131680769230769230769230769231,0, 
02/05/2010 07:46:00,,,0.98,0.00,-6.50,6,13.983371010223379416282642089093702,0, 
02/05/2010 07:46:01,,,0.98,0.00,-6.50,7,13.983371010223379416282642089093702,0, 
02/05/2010 07:46:03,,,0.98,0.00,-6.50,5,13.983371010223379416282642089093702,0, 
02/05/2010 07:46:04,,,0.98,0.00,-6.83,6,13.983371010223379416282642089093702,0, 
02/05/2010 07:46:05,,,0.98,0.00,-6.83,5,13.983371010223379416282642089093702,0, 
02/05/2010 07:46:06,,,1.02,0.00,-6.83,8,13.874460422649325153374233128834356,0, 
02/05/2010 07:46:07,,,0.98,0.00,-6.83,6,13.874460422649325153374233128834356,0, 
02/05/2010 07:46:08,,,0.98,0.00,-6.83,9,13.874460422649325153374233128834356,0, 
02/05/2010 07:46:09,,,0.98,0.00,-6.83,7,13.874460422649325153374233128834356,0, 
02/05/2010 07:46:10,,,0.98,0.00,-6.83,6,13.765399865167442572741194486983155,0, 
02/05/2010 07:46:11,,,0.98,0.00,-6.83,7,13.765399865167442572741194486983155,0, 
02/05/2010 07:46:12,,,0.98,0.00,-6.83,6,13.765399865167442572741194486983155,0, 
02/05/2010 07:46:13,,,0.98,0.00,-6.83,5,13.765399865167442572741194486983155,0, 
02/05/2010 07:46:14,,,0.98,0.00,-7.15,4,13.765399865167442572741194486983155,0, 
02/05/2010 07:46:15,,,0.98,0.00,-7.15,7,13.656189285221529051987767584097859,0, 
02/05/2010 07:46:16,,,0.98,0.00,-7.15,6,13.656189285221529051987767584097859,0, 
02/05/2010 07:46:17,,,0.98,0.00,-7.15,6,13.656189285221529051987767584097859,0, 
02/05/2010 07:46:18,,,0.98,0.00,-7.15,5,13.656189285221529051987767584097859,0, 
02/05/2010 07:46:19,,,0.98,0.00,-7.15,5,13.656189285221529051987767584097859,0, 
02/05/2010 07:46:20,,,0.98,0.00,-7.15,6,13.546828630576335877862595419847328,0, 
02/05/2010 07:46:22,,,0.98,0.00,-7.15,5,13.546828630576335877862595419847328,0, 
02/05/2010 07:46:23,,,0.98,0.00,-7.15,4,13.546828630576335877862595419847328,0, 
02/05/2010 07:46:24,,,0.98,0.00,-7.15,5,13.546828630576335877862595419847328,0, 
02/05/2010 07:46:25,,,0.98,0.00,-7.15,6,13.546828630576335877862595419847328,0, 
02/05/2010 07:46:26,,,0.98,0.00,-7.47,6,13.437317849315121951219512195121951,0, 
02/05/2010 07:46:27,,,0.98,0.00,-7.47,5,13.437317849315121951219512195121951,0, 
02/05/2010 07:46:28,,,0.98,0.00,-7.47,5,13.437317849315121951219512195121951,0, 
02/05/2010 07:46:29,,,0.98,0.00,-7.47,5,13.437317849315121951219512195121951,0, 
02/05/2010 07:46:30,,,0.98,0.00,-7.47,5,13.437317849315121951219512195121951,0, 
02/05/2010 07:46:31,,,0.98,0.00,-7.47,5,13.327656889837229832572298325722983,0, 
02/05/2010 07:46:32,,,0.98,0.00,-7.47,7,13.327656889837229832572298325722983,0, 
02/05/2010 07:46:33,,,1.02,0.00,-7.79,5,13.327656889837229832572298325722983,0, 
02/05/2010 07:46:34,,,0.98,0.00,-7.79,4,13.327656889837229832572298325722983,0, 
02/05/2010 07:46:35,,,0.98,0.00,-7.79,6,13.327656889837229832572298325722983,0, 
02/05/2010 07:46:36,,,0.98,0.00,-7.79,7,13.217845700855683890577507598784195,0, 
02/05/2010 07:46:37,,,0.98,0.00,-7.79,6,13.217845700855683890577507598784195,0, 
02/05/2010 07:46:38,,,0.98,0.00,-7.79,6,13.217845700855683890577507598784195,0, 
02/05/2010 07:46:39,,,0.98,0.00,-7.79,6,13.217845700855683890577507598784195,0, 
02/05/2010 07:46:40,,,0.98,0.00,-7.79,5,13.217845700855683890577507598784195,0, 
02/05/2010 07:46:42,,,0.98,0.00,-7.79,7,13.107884231394810318664643399089530,0, 
02/05/2010 07:46:43,,,0.98,0.00,-7.79,5,13.107884231394810318664643399089530,0, 
02/05/2010 07:46:44,,,0.98,0.00,-8.12,5,13.107884231394810318664643399089530,0, 
02/05/2010 07:46:45,,,0.98,0.00,-8.12,6,13.107884231394810318664643399089530,0, 
02/05/2010 07:46:46,,,0.98,0.00,-7.79,6,13.107884231394810318664643399089530,0, 
02/05/2010 07:46:47,,,0.98,0.00,-8.12,6,12.997772430787878787878787878787879,0, 
02/05/2010 07:46:48,,,0.98,0.00,-8.12,5,12.997772430787878787878787878787879,0, 
02/05/2010 07:46:49,,,0.98,0.00,-8.12,5,12.997772430787878787878787878787879,0, 
02/05/2010 07:46:50,,,0.98,0.00,-8.12,5,12.997772430787878787878787878787879,0, 
02/05/2010 07:46:51,,,0.98,0.00,-8.12,6,12.997772430787878787878787878787879,0, 
02/05/2010 07:46:52,,,0.98,0.00,-8.12,6,12.887510248674765506807866868381241,0, 
02/05/2010 07:46:53,,,0.98,0.00,-8.12,7,12.887510248674765506807866868381241,0, 
02/05/2010 07:46:54,,,0.98,0.00,-8.12,5,12.887510248674765506807866868381241,0, 
02/05/2010 07:46:55,,,0.98,0.00,-8.12,7,12.887510248674765506807866868381241,0, 
02/05/2010 07:46:56,,,0.98,0.00,-8.44,6,12.887510248674765506807866868381241,0, 
02/05/2010 07:46:57,,,0.98,0.00,-8.44,5,12.777097634999637462235649546827795,0, 
02/05/2010 07:46:58,,,0.98,0.00,-8.44,7,12.777097634999637462235649546827795,0, 
02/05/2010 07:46:59,,,0.98,0.00,-8.44,6,12.777097634999637462235649546827795,0, 
02/05/2010 07:47:00,,,0.98,0.00,-8.44,6,12.777097634999637462235649546827795,0, 
02/05/2010 07:47:01,,,0.98,0.00,-8.44,7,12.666534540008657616892911010558069,0, 
02/05/2010 07:47:03,,,0.98,0.00,-8.44,6,12.666534540008657616892911010558069,0, 
02/05/2010 07:47:04,,,0.98,0.00,-8.44,7,12.666534540008657616892911010558069,0, 
02/05/2010 07:47:05,,,0.98,0.00,-8.44,5,12.666534540008657616892911010558069,0, 
02/05/2010 07:47:06,,,0.98,0.00,-8.44,5,12.666534540008657616892911010558069,0, 
02/05/2010 07:47:07,,,0.98,0.00,-8.44,5,12.555820914247710843373493975903614,0, 
02/05/2010 07:47:08,,,0.98,0.00,-8.76,5,12.555820914247710843373493975903614,0, 
02/05/2010 07:47:09,,,0.98,0.00,-8.76,7,12.555820914247710843373493975903614,0, 
02/05/2010 07:47:10,,,1.02,0.00,-8.76,6,12.555820914247710843373493975903614,0, 
02/05/2010 07:47:11,,,0.98,0.00,-8.76,6,12.555820914247710843373493975903614,0, 
02/05/2010 07:47:12,,,0.98,0.00,-8.76,6,12.444956708560150375939849624060150,0, 
02/05/2010 07:47:13,,,0.98,0.00,-8.76,5,12.444956708560150375939849624060150,0, 
02/05/2010 07:47:14,,,0.98,0.00,-8.76,6,12.444956708560150375939849624060150,0, 
02/05/2010 07:47:15,,,0.98,0.00,-8.76,5,12.444956708560150375939849624060150,0, 
02/05/2010 07:47:16,,,0.98,0.00,-8.76,7,12.444956708560150375939849624060150,0, 
02/05/2010 07:47:17,,,0.98,0.00,-8.76,6,12.333941874084564564564564564564565,0, 
02/05/2010 07:47:18,,,0.98,0.00,-9.08,5,12.333941874084564564564564564564565,0, 
02/05/2010 07:47:19,,,0.98,0.00,-9.08,5,12.333941874084564564564564564564565,0, 
02/05/2010 07:47:20,,,0.98,0.00,-9.08,6,12.333941874084564564564564564564565,0, 
02/05/2010 07:47:21,,,0.98,0.00,-9.08,5,12.333941874084564564564564564564565,0, 
02/05/2010 07:47:23,,,0.98,0.00,-9.08,6,12.222776362252563718140929535232384,0, 
02/05/2010 07:47:24,,,0.98,0.00,-9.08,5,12.222776362252563718140929535232384,0, 
02/05/2010 07:47:25,,,0.98,0.00,-9.08,9,12.222776362252563718140929535232384,0, 
02/05/2010 07:47:26,,,0.98,0.00,-9.08,5,12.222776362252563718140929535232384,0, 
02/05/2010 07:47:27,,,0.98,0.00,-9.08,6,12.222776362252563718140929535232384,0, 
02/05/2010 07:47:28,,,0.98,0.00,-9.08,8,12.111460124786586826347305389221557,0, 
02/05/2010 07:47:29,,,0.98,0.00,-9.08,8,12.111460124786586826347305389221557,0, 
02/05/2010 07:47:30,,,0.98,0.00,-9.08,6,12.111460124786586826347305389221557,0, 
02/05/2010 07:47:31,,,0.98,0.00,-9.40,5,12.111460124786586826347305389221557,0, 
02/05/2010 07:47:32,,,0.98,0.00,-9.40,6,12.111460124786586826347305389221557,0, 
02/05/2010 07:47:33,,,0.98,0.00,-9.40,6,11.999993113697727952167414050822123,0, 
02/05/2010 07:47:34,,,0.98,0.00,-9.40,6,11.999993113697727952167414050822123,0, 
02/05/2010 07:47:35,,,1.02,0.00,-9.40,8,11.999993113697727952167414050822123,0, 
02/05/2010 07:47:36,,,0.98,0.00,-9.40,6,11.999993113697727952167414050822123,0, 
02/05/2010 07:47:37,,,0.98,0.00,-9.40,6,11.999993113697727952167414050822123,0, 
02/05/2010 07:47:38,,,0.98,0.00,-9.40,4,11.888375281283582089552238805970149,0, 
02/05/2010 07:47:39,,,0.98,0.00,-9.40,5,11.888375281283582089552238805970149,0, 
02/05/2010 07:47:40,,,0.98,0.00,-9.40,6,11.888375281283582089552238805970149,0, 
02/05/2010 07:47:41,,,0.98,0.00,-9.40,6,11.888375281283582089552238805970149,0, 
02/05/2010 07:47:43,,,0.98,0.00,-9.40,5,11.888375281283582089552238805970149,0, 
02/05/2010 07:47:44,,,0.98,0.00,-9.40,8,11.776606580126110283159463487332340,0, 
02/05/2010 07:47:45,,,0.98,0.00,-9.73,5,11.776606580126110283159463487332340,0, 
02/05/2010 07:47:46,,,0.98,0.00,-9.73,4,11.776606580126110283159463487332340,0, 
02/05/2010 07:47:47,,,0.98,0.00,-9.73,6,11.776606580126110283159463487332340,0, 
02/05/2010 07:47:48,,,0.98,0.00,-9.73,6,11.776606580126110283159463487332340,0, 
02/05/2010 07:47:49,,,0.98,0.00,-9.73,4,11.664686963089523809523809523809524,0, 
02/05/2010 07:47:50,,,0.98,0.00,-9.73,8,11.664686963089523809523809523809524,0, 
02/05/2010 07:47:51,,,0.98,0.00,-9.73,6,11.664686963089523809523809523809524,0, 
02/05/2010 07:47:52,,,0.98,0.00,-9.73,18,11.664686963089523809523809523809524,0, 
02/05/2010 07:47:53,,,1.02,0.00,-9.73,13,11.664686963089523809523809523809524,1, 
02/05/2010 07:47:54,,,0.90,0.00,-9.40,17,11.664686963089523809523809523809524,0, 
02/05/2010 07:47:55,,,0.98,0.00,-9.40,21,11.328022149537037037037037037037037,0, 
