,time
,1277821200
,1277821201
,1277821202
,1277821203
,1277821204
,1277821205
,1277821206
,1277821207
,1277821208
,1277821209
,1277821210
,1277821211
,1277821212
,1277821213
,1277821214
,1277821215
,1277821216
,1277821217
,1277821218
,1277821219
,1277821220
,1277821221
,1277821222
,1277821223
,1277821224
,1277821225
,1277821226
,1277821227
,1277821228
,1277821229
,1277821230
,1277821231
,1277821232
,1277821233
,1277821234
,1277821235
,1277821236
,1277821237
,1277821238
,1277821239
,1277821240
,1277821241
,1277821242
,1277821243
,1277821244
,1277821245
,1277821246
,1277821247
,1277821248
,1277821249
,1277821250
,1277821251
,1277821252
,1277821253
,1277821254
,1277821255
,1277821256
,1277821257
,1277821258
,1277821259
,1277821260
,1277821261
,1277821262
,1277821263
,1277821264
,1277821265
,1277821266
,1277821267
,1277821268
,1277821269
,1277821270
,1277821271
,1277821272
,1277821273
