time,lat,lon,acc,light,temp,sound
"Jun 26 2009 13:36:38",0.0,0.0,0.58,77.00,16.14,0.00
"Jun 26 2009 13:36:39",0.0,0.0,0.54,77.00,16.14,0.00
"Jun 26 2009 13:36:40",0.0,0.0,0.58,77.00,16.14,0.00
"Jun 26 2009 13:36:41",0.0,0.0,0.62,77.00,16.14,0.00
"Jun 26 2009 13:36:42",0.0,0.0,0.58,77.00,16.14,5.00
"Jun 26 2009 13:36:43",0.0,0.0,0.62,77.00,16.14,0.00
"Jun 26 2009 13:36:45",0.0,0.0,0.62,77.00,16.14,0.00
"Jun 26 2009 13:36:46",0.0,0.0,0.62,77.00,16.14,0.00
"Jun 26 2009 13:36:47",0.0,0.0,0.62,77.00,16.14,0.00
"Jun 26 2009 13:36:48",0.0,0.0,0.58,77.00,16.14,0.00
"Jun 26 2009 13:36:49",0.0,0.0,0.58,77.00,16.14,0.00
"Jun 26 2009 13:36:50",0.0,0.0,0.54,77.00,16.14,27.00
"Jun 26 2009 13:36:51",0.0,0.0,0.66,77.00,16.14,0.00
"Jun 26 2009 13:36:52",0.0,0.0,0.58,77.00,16.14,0.00
"Jun 26 2009 13:36:53",0.0,0.0,0.58,77.00,16.14,0.00
"Jun 26 2009 13:36:54",0.0,0.0,0.58,77.00,16.14,0.00
"Jun 26 2009 13:36:55",0.0,0.0,0.58,77.00,16.14,0.00
"Jun 26 2009 13:36:56",0.0,0.0,0.58,77.00,16.14,0.00
"Jun 26 2009 13:36:57",0.0,0.0,0.54,77.00,16.14,0.00
"Jun 26 2009 13:36:58",0.0,0.0,0.54,77.00,16.14,16.00
"Jun 26 2009 13:37:00",0.0,0.0,0.54,77.00,16.14,0.00
"Jun 26 2009 13:37:01",0.0,0.0,0.50,77.00,16.14,0.00
"Jun 26 2009 13:37:02",0.0,0.0,0.66,77.00,16.14,0.00
"Jun 26 2009 13:37:03",0.0,0.0,0.58,77.00,16.14,0.00
"Jun 26 2009 13:37:04",0.0,0.0,0.58,77.00,16.14,8.00
"Jun 26 2009 13:37:05",0.0,0.0,0.54,77.00,16.14,0.00
"Jun 26 2009 13:37:06",0.0,0.0,0.58,77.00,16.14,0.00
"Jun 26 2009 13:37:07",0.0,0.0,0.54,77.00,16.14,0.00
"Jun 26 2009 13:37:08",0.0,0.0,0.50,77.00,16.14,0.00
"Jun 26 2009 13:37:09",0.0,0.0,0.54,77.00,16.14,2.00
"Jun 26 2009 13:37:10",0.0,0.0,0.54,77.00,16.14,0.00
"Jun 26 2009 13:37:11",0.0,0.0,0.54,77.00,16.14,0.00
"Jun 26 2009 13:37:12",0.0,0.0,0.50,77.00,16.14,0.00
"Jun 26 2009 13:37:14",0.0,0.0,0.54,42.00,16.14,0.00
"Jun 26 2009 13:37:15",0.0,0.0,0.70,43.00,16.14,0.00
"Jun 26 2009 13:37:16",0.0,0.0,0.66,77.00,16.14,0.00
"Jun 26 2009 13:37:17",0.0,0.0,0.66,77.00,16.14,0.00
"Jun 26 2009 13:37:18",0.0,0.0,0.54,77.00,16.14,56.00
"Jun 26 2009 13:37:19",0.0,0.0,0.54,77.00,16.14,0.00
"Jun 26 2009 13:37:20",0.0,0.0,0.54,77.00,16.14,0.00
"Jun 26 2009 13:37:21",0.0,0.0,0.50,77.00,16.14,0.00
"Jun 26 2009 13:37:22",0.0,0.0,0.50,77.00,16.14,0.00
"Jun 26 2009 13:37:23",0.0,0.0,0.54,77.00,16.14,0.00
"Jun 26 2009 13:37:24",0.0,0.0,0.50,77.00,16.14,0.00
"Jun 26 2009 13:37:25",0.0,0.0,0.50,77.00,16.14,0.00
"Jun 26 2009 13:37:26",0.0,0.0,0.50,77.00,16.14,0.00
"Jun 26 2009 13:37:27",0.0,0.0,0.50,77.00,16.14,0.00
"Jun 26 2009 13:37:29",0.0,0.0,0.58,77.00,16.14,18.00
"Jun 26 2009 13:37:30",0.0,0.0,0.54,77.00,16.14,0.00
"Jun 26 2009 13:37:31",0.0,0.0,0.54,77.00,16.14,0.00
"Jun 26 2009 13:37:32",0.0,0.0,0.50,77.00,16.14,0.00
"Jun 26 2009 13:37:33",0.0,0.0,0.50,77.00,16.14,0.00
"Jun 26 2009 13:37:34",0.0,0.0,0.50,77.00,16.14,0.00
"Jun 26 2009 13:37:35",0.0,0.0,0.50,77.00,16.14,23.00
"Jun 26 2009 13:37:36",0.0,0.0,0.54,77.00,16.14,0.00
"Jun 26 2009 13:37:37",0.0,0.0,0.50,77.00,16.14,0.00
"Jun 26 2009 13:37:38",0.0,0.0,0.54,77.00,16.14,0.00
"Jun 26 2009 13:37:39",0.0,0.0,0.50,77.00,16.14,0.00
"Jun 26 2009 13:37:40",0.0,0.0,0.50,77.00,16.14,0.00
"Jun 26 2009 13:37:41",0.0,0.0,0.50,77.00,16.14,0.00
"Jun 26 2009 13:37:43",0.0,0.0,0.50,77.00,16.14,0.00
"Jun 26 2009 13:37:44",0.0,0.0,0.50,76.00,16.14,0.00
"Jun 26 2009 13:37:45",0.0,0.0,0.54,76.00,16.14,0.00
"Jun 26 2009 13:37:46",0.0,0.0,0.50,76.00,16.14,0.00
"Jun 26 2009 13:37:47",0.0,0.0,0.50,76.00,16.14,0.00
"Jun 26 2009 13:37:48",0.0,0.0,0.50,76.00,16.14,0.00
"Jun 26 2009 13:37:49",0.0,0.0,0.50,77.00,16.14,7.00
"Jun 26 2009 13:37:50",0.0,0.0,0.58,77.00,16.14,0.00
"Jun 26 2009 13:37:51",0.0,0.0,0.54,77.00,16.14,0.00
"Jun 26 2009 13:37:52",0.0,0.0,0.50,77.00,16.14,16.00
"Jun 26 2009 13:37:53",0.0,0.0,0.50,77.00,16.14,0.00
"Jun 26 2009 13:37:54",0.0,0.0,0.46,77.00,16.14,0.00
"Jun 26 2009 13:37:55",0.0,0.0,0.46,77.00,16.14,0.00
"Jun 26 2009 13:37:56",0.0,0.0,0.50,78.00,16.14,0.00
"Jun 26 2009 13:37:58",0.0,0.0,0.50,78.00,16.14,0.00
"Jun 26 2009 13:37:59",0.0,0.0,0.58,78.00,16.14,0.00
"Jun 26 2009 13:38:00",0.0,0.0,0.54,78.00,16.14,1.00
"Jun 26 2009 13:38:01",0.0,0.0,0.50,78.00,16.14,36.00
"Jun 26 2009 13:38:02",0.0,0.0,0.54,78.00,16.14,0.00
"Jun 26 2009 13:38:03",0.0,0.0,0.54,78.00,16.14,0.00
"Jun 26 2009 13:38:04",0.0,0.0,0.54,78.00,16.14,0.00
"Jun 26 2009 13:38:05",0.0,0.0,0.54,78.00,16.14,0.00
"Jun 26 2009 13:38:06",0.0,0.0,0.54,77.00,16.14,0.00
"Jun 26 2009 13:38:07",0.0,0.0,0.58,78.00,16.14,0.00
"Jun 26 2009 13:38:08",0.0,0.0,0.54,78.00,16.14,0.00
"Jun 26 2009 13:38:09",0.0,0.0,0.58,78.00,16.14,0.00
"Jun 26 2009 13:38:10",0.0,0.0,0.82,77.00,16.14,0.00
"Jun 26 2009 13:38:12",0.0,0.0,0.82,77.00,16.14,0.00
"Jun 26 2009 13:38:13",0.0,0.0,0.62,78.00,16.14,0.00
"Jun 26 2009 13:38:14",0.0,0.0,0.54,78.00,16.14,0.00
"Jun 26 2009 13:38:15",0.0,0.0,0.54,78.00,16.14,0.00
"Jun 26 2009 13:38:16",0.0,0.0,0.54,78.00,16.14,0.00
"Jun 26 2009 13:38:17",0.0,0.0,0.54,78.00,16.14,0.00
"Jun 26 2009 13:38:18",0.0,0.0,0.54,78.00,16.14,32.00
"Jun 26 2009 13:38:19",0.0,0.0,0.46,78.00,16.14,13.00
"Jun 26 2009 13:38:20",0.0,0.0,0.46,78.00,16.14,0.00
"Jun 26 2009 13:38:21",0.0,0.0,0.50,78.00,16.14,0.00
"Jun 26 2009 13:38:22",0.0,0.0,0.54,78.00,16.14,0.00
"Jun 26 2009 13:38:23",0.0,0.0,0.50,78.00,16.14,0.00
"Jun 26 2009 13:38:24",0.0,0.0,0.58,78.00,16.14,0.00
"Jun 26 2009 13:38:25",0.0,0.0,0.50,78.00,16.14,0.00
"Jun 26 2009 13:38:27",0.0,0.0,0.54,78.00,16.14,0.00
"Jun 26 2009 13:38:28",0.0,0.0,0.46,78.00,16.14,0.00
"Jun 26 2009 13:38:29",0.0,0.0,0.50,78.00,16.14,23.00
"Jun 26 2009 13:38:30",0.0,0.0,0.70,77.00,16.14,0.00
"Jun 26 2009 13:38:31",0.0,0.0,0.78,77.00,16.14,0.00
"Jun 26 2009 13:38:32",0.0,0.0,1.14,76.00,16.14,0.00
"Jun 26 2009 13:38:33",0.0,0.0,0.62,77.00,16.14,0.00
"Jun 26 2009 13:38:34",0.0,0.0,0.54,78.00,16.14,0.00
"Jun 26 2009 13:38:35",0.0,0.0,0.98,77.00,16.14,0.00
"Jun 26 2009 13:38:36",0.0,0.0,1.02,77.00,16.14,0.00
"Jun 26 2009 13:38:37",0.0,0.0,0.98,77.00,16.14,0.00
"Jun 26 2009 13:38:38",0.0,0.0,0.86,77.00,16.14,0.00
"Jun 26 2009 13:38:39",0.0,0.0,0.62,77.00,16.14,14.00
"Jun 26 2009 13:38:40",0.0,0.0,0.54,77.00,16.14,0.00
"Jun 26 2009 13:38:42",0.0,0.0,0.50,77.00,16.14,0.00
"Jun 26 2009 13:38:43",0.0,0.0,0.54,78.00,16.14,33.00
"Jun 26 2009 13:38:44",0.0,0.0,0.50,78.00,16.14,26.00
"Jun 26 2009 13:38:45",0.0,0.0,0.46,77.00,16.14,0.00
"Jun 26 2009 13:38:46",0.0,0.0,0.46,78.00,16.14,13.00
"Jun 26 2009 13:38:47",0.0,0.0,0.50,78.00,16.14,0.00
"Jun 26 2009 13:38:48",0.0,0.0,0.46,78.00,16.14,41.00
"Jun 26 2009 13:38:49",0.0,0.0,0.42,77.00,16.14,0.00
"Jun 26 2009 13:38:50",0.0,0.0,0.42,78.00,16.14,0.00
"Jun 26 2009 13:38:51",0.0,0.0,0.42,77.00,16.14,0.00
"Jun 26 2009 13:38:52",0.0,0.0,0.42,77.00,16.14,0.00
"Jun 26 2009 13:38:53",0.0,0.0,0.42,78.00,16.14,0.00
"Jun 26 2009 13:38:54",0.0,0.0,0.46,78.00,16.14,0.00
"Jun 26 2009 13:38:56",0.0,0.0,0.42,78.00,16.14,0.00
"Jun 26 2009 13:38:57",0.0,0.0,0.46,78.00,16.14,0.00
"Jun 26 2009 13:38:58",0.0,0.0,0.46,78.00,16.14,0.00
"Jun 26 2009 13:38:59",0.0,0.0,0.42,78.00,16.14,0.00
"Jun 26 2009 13:39:00",0.0,0.0,0.46,78.00,16.14,14.00
"Jun 26 2009 13:39:01",0.0,0.0,0.46,78.00,16.14,11.00
"Jun 26 2009 13:39:02",0.0,0.0,0.46,78.00,16.14,20.00
"Jun 26 2009 13:39:03",0.0,0.0,0.46,77.00,16.14,0.00
"Jun 26 2009 13:39:04",0.0,0.0,0.54,78.00,16.14,0.00
"Jun 26 2009 13:39:05",0.0,0.0,0.50,78.00,16.14,0.00
"Jun 26 2009 13:39:06",0.0,0.0,0.46,78.00,16.14,0.00
"Jun 26 2009 13:39:07",0.0,0.0,0.46,78.00,16.14,0.00
"Jun 26 2009 13:39:08",0.0,0.0,0.46,78.00,16.14,0.00
"Jun 26 2009 13:39:09",0.0,0.0,0.46,78.00,16.14,0.00
"Jun 26 2009 13:39:11",0.0,0.0,0.50,78.00,16.14,0.00
"Jun 26 2009 13:39:12",0.0,0.0,0.46,78.00,16.14,0.00
"Jun 26 2009 13:39:13",0.0,0.0,0.54,78.00,16.14,0.00
"Jun 26 2009 13:39:14",0.0,0.0,0.50,78.00,16.14,0.00
"Jun 26 2009 13:39:15",0.0,0.0,0.46,77.00,16.14,0.00
"Jun 26 2009 13:39:16",0.0,0.0,0.50,78.00,16.14,0.00
"Jun 26 2009 13:39:17",0.0,0.0,0.54,78.00,16.14,0.00
"Jun 26 2009 13:39:18",0.0,0.0,0.50,78.00,16.14,0.00
"Jun 26 2009 13:39:19",0.0,0.0,0.50,77.00,16.14,0.00
"Jun 26 2009 13:39:20",0.0,0.0,0.50,78.00,16.14,0.00
"Jun 26 2009 13:39:21",0.0,0.0,0.50,78.00,16.14,13.00
"Jun 26 2009 13:39:22",0.0,0.0,0.46,78.00,16.14,0.00
"Jun 26 2009 13:39:23",0.0,0.0,0.50,78.00,16.14,0.00
"Jun 26 2009 13:39:25",0.0,0.0,0.46,78.00,16.14,0.00
"Jun 26 2009 13:39:26",0.0,0.0,0.46,78.00,16.14,0.00
"Jun 26 2009 13:39:27",0.0,0.0,0.46,78.00,16.14,0.00
"Jun 26 2009 13:39:28",0.0,0.0,0.50,78.00,16.14,0.00
"Jun 26 2009 13:39:29",0.0,0.0,0.46,77.00,16.14,0.00
"Jun 26 2009 13:39:30",0.0,0.0,0.50,78.00,16.14,13.00
"Jun 26 2009 13:39:31",0.0,0.0,0.50,77.00,16.14,7.00
"Jun 26 2009 13:39:32",0.0,0.0,0.46,77.00,16.14,0.00
"Jun 26 2009 13:39:33",0.0,0.0,0.50,77.00,16.14,0.00
"Jun 26 2009 13:39:34",0.0,0.0,0.50,77.00,16.14,0.00
"Jun 26 2009 13:39:35",0.0,0.0,0.50,78.00,16.14,0.00
"Jun 26 2009 13:39:36",0.0,0.0,0.54,77.00,16.14,0.00
"Jun 26 2009 13:39:37",0.0,0.0,0.50,77.00,16.14,0.00
"Jun 26 2009 13:39:38",0.0,0.0,0.50,77.00,16.14,0.00
"Jun 26 2009 13:39:40",0.0,0.0,0.50,77.00,16.14,14.00
"Jun 26 2009 13:39:41",0.0,0.0,0.50,77.00,16.14,1.00
"Jun 26 2009 13:39:42",0.0,0.0,0.54,77.00,16.14,15.00
"Jun 26 2009 13:39:43",0.0,0.0,0.58,77.00,16.14,0.00
"Jun 26 2009 13:39:44",0.0,0.0,1.62,77.00,16.14,20.00
"Jun 26 2009 13:39:45",0.0,0.0,0.94,76.00,16.14,1.00
"Jun 26 2009 13:39:46",0.0,0.0,1.70,76.00,16.14,0.00
"Jun 26 2009 13:39:47",0.0,0.0,1.58,75.00,16.14,0.00
"Jun 26 2009 13:39:48",0.0,0.0,0.62,75.00,16.14,0.00
"Jun 26 2009 13:39:49",0.0,0.0,0.98,75.00,16.14,0.00
"Jun 26 2009 13:39:50",0.0,0.0,1.22,75.00,16.14,3.00
"Jun 26 2009 13:39:51",0.0,0.0,0.90,74.00,16.14,0.00
"Jun 26 2009 13:39:52",0.0,0.0,0.74,74.00,16.14,0.00
"Jun 26 2009 13:39:54",0.0,0.0,0.82,74.00,16.14,0.00
"Jun 26 2009 13:39:55",0.0,0.0,0.86,75.00,16.14,0.00
"Jun 26 2009 13:39:56",0.0,0.0,0.66,76.00,16.14,17.00
"Jun 26 2009 13:39:57",0.0,0.0,0.46,76.00,16.14,0.00
"Jun 26 2009 13:39:58",0.0,0.0,0.50,77.00,16.14,0.00
"Jun 26 2009 13:39:59",0.0,0.0,0.46,77.00,16.14,0.00
"Jun 26 2009 13:40:00",0.0,0.0,0.42,77.00,16.14,0.00
"Jun 26 2009 13:40:01",0.0,0.0,0.42,77.00,16.14,14.00
"Jun 26 2009 13:40:02",0.0,0.0,0.42,77.00,16.14,0.00
"Jun 26 2009 13:40:03",0.0,0.0,0.42,77.00,16.14,0.00
"Jun 26 2009 13:40:04",0.0,0.0,0.42,77.00,16.14,0.00
"Jun 26 2009 13:40:05",0.0,0.0,0.46,77.00,16.14,7.00
"Jun 26 2009 13:40:06",0.0,0.0,0.42,77.00,16.14,0.00
"Jun 26 2009 13:40:07",0.0,0.0,0.46,77.00,16.14,0.00
"Jun 26 2009 13:40:09",0.0,0.0,0.42,77.00,16.14,0.00
"Jun 26 2009 13:40:10",0.0,0.0,0.46,77.00,16.14,9.00
"Jun 26 2009 13:40:11",0.0,0.0,0.46,77.00,16.14,0.00
"Jun 26 2009 13:40:12",0.0,0.0,0.42,77.00,16.14,0.00
"Jun 26 2009 13:40:13",0.0,0.0,0.42,77.00,17.52,2.00
"Jun 26 2009 13:40:14",0.0,0.0,0.46,76.00,16.14,0.00
"Jun 26 2009 13:40:15",0.0,0.0,0.50,76.00,16.14,0.00
"Jun 26 2009 13:40:16",0.0,0.0,0.54,77.00,16.14,6.00
"Jun 26 2009 13:40:17",0.0,0.0,0.46,77.00,16.14,0.00
"Jun 26 2009 13:40:18",0.0,0.0,0.50,77.00,16.14,0.00
"Jun 26 2009 13:40:19",0.0,0.0,0.54,77.00,16.14,0.00
"Jun 26 2009 13:40:20",0.0,0.0,0.54,77.00,16.14,0.00
"Jun 26 2009 13:40:21",0.0,0.0,0.54,76.00,16.14,0.00
"Jun 26 2009 13:40:22",0.0,0.0,0.46,76.00,16.14,0.00
"Jun 26 2009 13:40:24",0.0,0.0,0.50,76.00,16.14,0.00
"Jun 26 2009 13:40:25",0.0,0.0,0.50,76.00,16.14,0.00
"Jun 26 2009 13:40:26",0.0,0.0,0.54,76.00,16.14,0.00
"Jun 26 2009 13:40:27",0.0,0.0,0.54,76.00,16.14,0.00
"Jun 26 2009 13:40:28",0.0,0.0,0.58,76.00,16.14,0.00
"Jun 26 2009 13:40:29",0.0,0.0,0.50,76.00,16.14,0.00
"Jun 26 2009 13:40:30",0.0,0.0,0.46,76.00,16.14,0.00
"Jun 26 2009 13:40:31",0.0,0.0,0.46,76.00,16.14,0.00
"Jun 26 2009 13:40:32",0.0,0.0,0.62,76.00,16.14,0.00
"Jun 26 2009 13:40:33",0.0,0.0,0.46,76.00,16.14,0.00
"Jun 26 2009 13:40:34",0.0,0.0,0.62,39.00,16.14,12.00
"Jun 26 2009 13:40:35",0.0,0.0,0.78,42.00,16.14,16.00
"Jun 26 2009 13:40:36",0.0,0.0,0.86,42.00,16.14,0.00
"Jun 26 2009 13:40:38",0.0,0.0,0.94,38.00,16.14,6.00
"Jun 26 2009 13:40:39",0.0,0.0,0.98,40.00,16.14,0.00
"Jun 26 2009 13:40:40",0.0,0.0,1.02,41.00,16.14,0.00
"Jun 26 2009 13:40:41",0.0,0.0,1.02,41.00,16.14,0.00
"Jun 26 2009 13:40:42",0.0,0.0,1.02,41.00,16.14,0.00
"Jun 26 2009 13:40:43",0.0,0.0,1.02,42.00,16.14,0.00
"Jun 26 2009 13:40:44",0.0,0.0,1.02,42.00,16.14,0.00
"Jun 26 2009 13:40:45",0.0,0.0,1.02,40.00,16.14,0.00
"Jun 26 2009 13:40:46",0.0,0.0,1.02,42.00,16.14,0.00
"Jun 26 2009 13:40:47",0.0,0.0,0.98,49.00,16.14,0.00
"Jun 26 2009 13:40:48",0.0,0.0,0.82,70.00,16.14,0.00
"Jun 26 2009 13:40:49",0.0,0.0,0.66,77.00,16.14,10.00
"Jun 26 2009 13:40:50",0.0,0.0,0.62,77.00,16.14,0.00
"Jun 26 2009 13:40:51",0.0,0.0,0.54,77.00,16.14,0.00
"Jun 26 2009 13:40:53",0.0,0.0,0.54,77.00,16.14,0.00
"Jun 26 2009 13:40:54",0.0,0.0,0.58,77.00,16.14,0.00
"Jun 26 2009 13:40:55",0.0,0.0,0.58,77.00,16.14,4.00
"Jun 26 2009 13:40:56",0.0,0.0,0.58,77.00,16.14,20.00
"Jun 26 2009 13:40:57",0.0,0.0,0.50,77.00,16.14,0.00
"Jun 26 2009 13:40:58",0.0,0.0,0.46,77.00,16.14,0.00
"Jun 26 2009 13:40:59",0.0,0.0,0.70,78.00,16.14,0.00
"Jun 26 2009 13:41:00",0.0,0.0,0.66,77.00,16.14,5.00
"Jun 26 2009 13:41:01",0.0,0.0,0.50,77.00,16.14,0.00
"Jun 26 2009 13:41:02",0.0,0.0,0.54,77.00,16.14,0.00
"Jun 26 2009 13:41:03",0.0,0.0,0.42,77.00,16.14,53.00
"Jun 26 2009 13:41:04",0.0,0.0,0.46,77.00,16.14,0.00
"Jun 26 2009 13:41:05",0.0,0.0,0.42,77.00,16.14,0.00
"Jun 26 2009 13:41:07",0.0,0.0,0.46,77.00,16.14,0.00
"Jun 26 2009 13:41:08",0.0,0.0,0.42,77.00,16.14,0.00
"Jun 26 2009 13:41:09",0.0,0.0,0.42,77.00,16.14,0.00
"Jun 26 2009 13:41:10",0.0,0.0,0.46,77.00,16.14,0.00
"Jun 26 2009 13:41:11",0.0,0.0,0.58,77.00,16.14,0.00
"Jun 26 2009 13:41:12",0.0,0.0,0.50,77.00,16.14,0.00
"Jun 26 2009 13:41:13",0.0,0.0,0.42,77.00,16.14,0.00
"Jun 26 2009 13:41:14",0.0,0.0,0.54,77.00,16.14,0.00
"Jun 26 2009 13:41:15",0.0,0.0,0.46,76.00,16.14,15.00
"Jun 26 2009 13:41:16",0.0,0.0,0.62,76.00,16.14,13.00
"Jun 26 2009 13:41:17",0.0,0.0,0.66,76.00,16.14,0.00
"Jun 26 2009 13:41:18",0.0,0.0,0.42,76.00,16.14,0.00
"Jun 26 2009 13:41:19",0.0,0.0,0.46,77.00,17.52,0.00
"Jun 26 2009 13:41:20",0.0,0.0,0.42,77.00,16.14,0.00
"Jun 26 2009 13:41:22",0.0,0.0,0.42,77.00,16.14,0.00
"Jun 26 2009 13:41:23",0.0,0.0,0.42,77.00,16.14,8.00
"Jun 26 2009 13:41:24",0.0,0.0,0.42,78.00,16.14,0.00
"Jun 26 2009 13:41:25",0.0,0.0,0.42,78.00,16.14,0.00
"Jun 26 2009 13:41:26",0.0,0.0,0.38,77.00,16.14,0.00
"Jun 26 2009 13:41:27",0.0,0.0,0.50,77.00,16.14,0.00
"Jun 26 2009 13:41:28",0.0,0.0,0.46,77.00,16.14,0.00
"Jun 26 2009 13:41:29",0.0,0.0,0.38,78.00,16.14,0.00
"Jun 26 2009 13:41:30",0.0,0.0,0.42,77.00,17.52,0.00
"Jun 26 2009 13:41:31",0.0,0.0,0.42,78.00,16.14,0.00
"Jun 26 2009 13:41:32",0.0,0.0,0.38,78.00,17.52,0.00
"Jun 26 2009 13:41:33",0.0,0.0,0.42,78.00,16.14,0.00
"Jun 26 2009 13:41:34",0.0,0.0,0.46,78.00,16.14,17.00
"Jun 26 2009 13:41:35",0.0,0.0,0.38,78.00,17.52,0.00
"Jun 26 2009 13:41:37",0.0,0.0,0.38,77.00,17.52,0.00
"Jun 26 2009 13:41:38",0.0,0.0,0.42,77.00,16.14,0.00
"Jun 26 2009 13:41:39",0.0,0.0,0.42,78.00,17.52,0.00
"Jun 26 2009 13:41:40",0.0,0.0,0.38,78.00,16.14,0.00
"Jun 26 2009 13:41:41",0.0,0.0,0.38,77.00,16.14,0.00
"Jun 26 2009 13:41:42",0.0,0.0,0.42,78.00,17.52,27.00
"Jun 26 2009 13:41:43",0.0,0.0,0.38,78.00,17.52,0.00
"Jun 26 2009 13:41:44",0.0,0.0,0.58,78.00,17.52,16.00
"Jun 26 2009 13:41:45",0.0,0.0,0.74,78.00,17.52,0.00
"Jun 26 2009 13:41:46",0.0,0.0,0.58,78.00,17.52,0.00
"Jun 26 2009 13:41:47",0.0,0.0,0.46,77.00,17.52,0.00
"Jun 26 2009 13:41:48",0.0,0.0,0.70,78.00,17.52,0.00
"Jun 26 2009 13:41:49",0.0,0.0,0.58,77.00,17.52,0.00
"Jun 26 2009 13:41:51",0.0,0.0,0.42,78.00,17.52,0.00
"Jun 26 2009 13:41:52",0.0,0.0,0.54,78.00,16.14,3.00
"Jun 26 2009 13:41:53",0.0,0.0,0.50,77.00,17.52,0.00
"Jun 26 2009 13:41:54",0.0,0.0,0.42,77.00,17.52,0.00
"Jun 26 2009 13:41:55",0.0,0.0,0.42,77.00,17.52,0.00
"Jun 26 2009 13:41:56",0.0,0.0,0.42,77.00,17.52,0.00
"Jun 26 2009 13:41:57",0.0,0.0,0.42,77.00,17.52,0.00
"Jun 26 2009 13:41:58",0.0,0.0,0.38,77.00,17.52,0.00
"Jun 26 2009 13:41:59",0.0,0.0,0.42,77.00,17.52,0.00
"Jun 26 2009 13:42:00",0.0,0.0,0.46,77.00,17.52,22.00
"Jun 26 2009 13:42:01",0.0,0.0,0.42,77.00,17.52,0.00
"Jun 26 2009 13:42:02",0.0,0.0,0.42,77.00,17.52,13.00
"Jun 26 2009 13:42:03",0.0,0.0,0.50,77.00,17.52,8.00
"Jun 26 2009 13:42:04",0.0,0.0,0.50,77.00,17.52,19.00
"Jun 26 2009 13:42:06",0.0,0.0,0.50,77.00,17.52,0.00
"Jun 26 2009 13:42:07",0.0,0.0,0.42,77.00,17.52,0.00
"Jun 26 2009 13:42:08",0.0,0.0,0.50,77.00,16.14,0.00
"Jun 26 2009 13:42:09",0.0,0.0,0.50,77.00,16.14,0.00
"Jun 26 2009 13:42:10",0.0,0.0,0.50,77.00,16.14,0.00
"Jun 26 2009 13:42:11",0.0,0.0,0.46,77.00,16.14,0.00
"Jun 26 2009 13:42:12",0.0,0.0,0.46,77.00,17.52,0.00
"Jun 26 2009 13:42:13",0.0,0.0,0.42,77.00,17.52,0.00
"Jun 26 2009 13:42:14",0.0,0.0,0.46,77.00,17.52,0.00
"Jun 26 2009 13:42:15",0.0,0.0,0.54,77.00,17.52,3.00
"Jun 26 2009 13:42:16",0.0,0.0,0.50,77.00,17.52,0.00
"Jun 26 2009 13:42:17",0.0,0.0,0.50,77.00,17.52,0.00
"Jun 26 2009 13:42:18",0.0,0.0,0.38,77.00,17.52,0.00
"Jun 26 2009 13:42:19",0.0,0.0,0.62,77.00,17.52,0.00
"Jun 26 2009 13:42:21",0.0,0.0,0.50,77.00,17.52,0.00
"Jun 26 2009 13:42:22",0.0,0.0,0.38,77.00,17.52,0.00
"Jun 26 2009 13:42:23",0.0,0.0,0.46,77.00,17.52,0.00
"Jun 26 2009 13:42:24",0.0,0.0,0.38,77.00,17.52,0.00
"Jun 26 2009 13:42:25",0.0,0.0,0.54,76.00,17.52,0.00
"Jun 26 2009 13:42:26",0.0,0.0,0.74,76.00,17.52,0.00
"Jun 26 2009 13:42:27",0.0,0.0,0.70,69.00,17.52,0.00
"Jun 26 2009 13:42:28",0.0,0.0,0.74,5.00,17.52,0.00
"Jun 26 2009 13:42:29",0.0,0.0,0.86,40.00,17.52,1.00
"Jun 26 2009 13:42:30",0.0,0.0,0.74,36.00,17.52,0.00
"Jun 26 2009 13:42:31",0.0,0.0,0.86,27.00,17.52,0.00
"Jun 26 2009 13:42:32",0.0,0.0,0.82,39.00,17.52,0.00
"Jun 26 2009 13:42:33",0.0,0.0,0.58,72.00,17.52,0.00
"Jun 26 2009 13:42:35",0.0,0.0,0.50,73.00,17.52,12.00
"Jun 26 2009 13:42:36",0.0,0.0,0.46,74.00,17.52,0.00
"Jun 26 2009 13:42:37",0.0,0.0,0.42,73.00,17.52,0.00
"Jun 26 2009 13:42:38",0.0,0.0,0.38,73.00,17.52,0.00
"Jun 26 2009 13:42:39",0.0,0.0,0.38,74.00,17.52,19.00
"Jun 26 2009 13:42:40",0.0,0.0,0.34,74.00,17.52,0.00
"Jun 26 2009 13:42:41",0.0,0.0,0.30,74.00,17.52,0.00
"Jun 26 2009 13:42:42",0.0,0.0,0.26,74.00,17.52,0.00
"Jun 26 2009 13:42:43",0.0,0.0,0.26,74.00,17.52,5.00
"Jun 26 2009 13:42:44",0.0,0.0,0.34,71.00,17.52,0.00
"Jun 26 2009 13:42:45",0.0,0.0,0.26,73.00,17.52,0.00
"Jun 26 2009 13:42:46",0.0,0.0,0.38,73.00,17.52,3.00
"Jun 26 2009 13:42:47",0.0,0.0,0.38,72.00,17.52,0.00
"Jun 26 2009 13:42:48",0.0,0.0,0.62,54.00,17.52,0.00
"Jun 26 2009 13:42:50",0.0,0.0,0.54,76.00,17.52,0.00
"Jun 26 2009 13:42:51",0.0,0.0,0.18,76.00,17.52,0.00
"Jun 26 2009 13:42:52",0.0,0.0,0.10,77.00,17.52,0.00
"Jun 26 2009 13:42:53",0.0,0.0,0.10,77.00,17.52,0.00
"Jun 26 2009 13:42:54",0.0,0.0,0.22,77.00,17.52,0.00
"Jun 26 2009 13:42:55",0.0,0.0,0.18,77.00,17.52,0.00
"Jun 26 2009 13:42:56",0.0,0.0,0.26,77.00,17.52,0.00
"Jun 26 2009 13:42:57",0.0,0.0,0.18,77.00,17.52,0.00
"Jun 26 2009 13:42:58",0.0,0.0,0.30,77.00,17.52,5.00
"Jun 26 2009 13:42:59",0.0,0.0,0.30,77.00,17.52,3.00
"Jun 26 2009 13:43:00",0.0,0.0,0.30,77.00,17.52,0.00
"Jun 26 2009 13:43:01",0.0,0.0,0.26,77.00,17.52,0.00
"Jun 26 2009 13:43:02",0.0,0.0,0.22,76.00,17.52,0.00
"Jun 26 2009 13:43:04",0.0,0.0,0.26,77.00,17.52,0.00
"Jun 26 2009 13:43:05",0.0,0.0,0.26,77.00,17.52,0.00
"Jun 26 2009 13:43:06",0.0,0.0,0.22,77.00,17.52,0.00
"Jun 26 2009 13:43:07",0.0,0.0,0.26,77.00,17.52,0.00
"Jun 26 2009 13:43:08",0.0,0.0,0.26,77.00,17.52,0.00
"Jun 26 2009 13:43:09",0.0,0.0,0.34,77.00,17.52,0.00
"Jun 26 2009 13:43:10",0.0,0.0,0.30,77.00,17.52,0.00
"Jun 26 2009 13:43:11",0.0,0.0,0.34,77.00,17.52,20.00
"Jun 26 2009 13:43:12",0.0,0.0,0.30,77.00,17.52,0.00
"Jun 26 2009 13:43:13",0.0,0.0,0.30,77.00,17.52,0.00
"Jun 26 2009 13:43:14",0.0,0.0,0.26,77.00,17.52,0.00
"Jun 26 2009 13:43:15",0.0,0.0,0.46,78.00,17.52,0.00
"Jun 26 2009 13:43:16",0.0,0.0,0.34,77.00,17.52,0.00
"Jun 26 2009 13:43:17",0.0,0.0,0.50,77.00,17.52,0.00
"Jun 26 2009 13:43:19",0.0,0.0,0.50,77.00,17.52,0.00
"Jun 26 2009 13:43:20",0.0,0.0,0.58,77.00,17.52,0.00
"Jun 26 2009 13:43:21",0.0,0.0,0.46,77.00,17.52,0.00
"Jun 26 2009 13:43:22",0.0,0.0,0.46,77.00,17.52,0.00
"Jun 26 2009 13:43:23",0.0,0.0,0.50,77.00,17.52,0.00
"Jun 26 2009 13:43:24",0.0,0.0,0.50,77.00,17.52,0.00
"Jun 26 2009 13:43:25",0.0,0.0,0.46,77.00,17.52,0.00
"Jun 26 2009 13:43:26",0.0,0.0,0.46,77.00,17.52,0.00
"Jun 26 2009 13:43:27",0.0,0.0,0.42,77.00,17.52,0.00
"Jun 26 2009 13:43:28",0.0,0.0,0.42,77.00,17.52,0.00
"Jun 26 2009 13:43:29",0.0,0.0,0.46,77.00,17.52,0.00
"Jun 26 2009 13:43:30",0.0,0.0,0.46,77.00,17.52,0.00
"Jun 26 2009 13:43:31",0.0,0.0,0.38,77.00,17.52,0.00
"Jun 26 2009 13:43:32",0.0,0.0,0.46,77.00,17.52,0.00
"Jun 26 2009 13:43:34",0.0,0.0,0.42,77.00,17.52,0.00
"Jun 26 2009 13:43:35",0.0,0.0,0.42,77.00,17.52,0.00
"Jun 26 2009 13:43:36",0.0,0.0,0.38,77.00,17.52,0.00
"Jun 26 2009 13:43:37",0.0,0.0,0.42,75.00,17.52,0.00
"Jun 26 2009 13:43:38",0.0,0.0,0.42,74.00,17.52,12.00
"Jun 26 2009 13:43:39",0.0,0.0,0.42,73.00,17.52,0.00
"Jun 26 2009 13:43:40",0.0,0.0,0.46,73.00,17.52,0.00
"Jun 26 2009 13:43:41",0.0,0.0,0.42,74.00,17.52,0.00
"Jun 26 2009 13:43:42",0.0,0.0,0.42,74.00,17.52,0.00
"Jun 26 2009 13:43:43",0.0,0.0,0.42,73.00,17.52,0.00
"Jun 26 2009 13:43:44",0.0,0.0,0.42,73.00,17.52,0.00
"Jun 26 2009 13:43:45",0.0,0.0,0.42,73.00,17.52,16.00
"Jun 26 2009 13:43:46",0.0,0.0,0.42,74.00,17.52,0.00
"Jun 26 2009 13:43:48",0.0,0.0,0.50,74.00,17.52,0.00
"Jun 26 2009 13:43:49",0.0,0.0,0.46,74.00,17.52,0.00
"Jun 26 2009 13:43:50",0.0,0.0,0.50,74.00,17.52,0.00
"Jun 26 2009 13:43:51",0.0,0.0,0.50,72.00,17.52,0.00
"Jun 26 2009 13:43:52",0.0,0.0,0.46,72.00,17.52,0.00
"Jun 26 2009 13:43:53",0.0,0.0,0.42,74.00,17.52,0.00
"Jun 26 2009 13:43:54",0.0,0.0,0.46,74.00,17.52,6.00
"Jun 26 2009 13:43:55",0.0,0.0,0.46,74.00,17.52,0.00
"Jun 26 2009 13:43:56",0.0,0.0,0.46,72.00,17.52,0.00
"Jun 26 2009 13:43:57",0.0,0.0,0.58,69.00,17.52,0.00
"Jun 26 2009 13:43:58",0.0,0.0,0.50,72.00,17.52,0.00
"Jun 26 2009 13:43:59",0.0,0.0,0.50,70.00,17.52,0.00
"Jun 26 2009 13:44:00",0.0,0.0,0.54,57.00,17.52,0.00
"Jun 26 2009 13:44:01",0.0,0.0,0.70,35.00,17.52,0.00
"Jun 26 2009 13:44:03",0.0,0.0,0.74,41.00,17.52,0.00
"Jun 26 2009 13:44:04",0.0,0.0,0.74,52.00,17.52,0.00
"Jun 26 2009 13:44:05",0.0,0.0,0.78,41.00,17.52,0.00
"Jun 26 2009 13:44:06",0.0,0.0,0.82,34.00,17.52,22.00
"Jun 26 2009 13:44:07",0.0,0.0,0.90,25.00,17.52,7.00
"Jun 26 2009 13:44:08",0.0,0.0,0.94,30.00,17.52,0.00
"Jun 26 2009 13:44:09",0.0,0.0,0.90,41.00,17.52,0.00
"Jun 26 2009 13:44:10",0.0,0.0,0.90,55.00,17.52,0.00
"Jun 26 2009 13:44:11",0.0,0.0,0.78,60.00,17.52,0.00
"Jun 26 2009 13:44:12",0.0,0.0,0.74,59.00,17.52,0.00
"Jun 26 2009 13:44:13",0.0,0.0,0.70,65.00,17.52,34.00
"Jun 26 2009 13:44:14",0.0,0.0,0.62,71.00,17.52,26.00
"Jun 26 2009 13:44:15",0.0,0.0,0.54,74.00,17.52,0.00
"Jun 26 2009 13:44:17",0.0,0.0,0.54,74.00,17.52,0.00
"Jun 26 2009 13:44:18",0.0,0.0,0.54,72.00,17.52,0.00
"Jun 26 2009 13:44:19",0.0,0.0,0.54,74.00,17.52,0.00
"Jun 26 2009 13:44:20",0.0,0.0,0.54,74.00,17.52,0.00
"Jun 26 2009 13:44:21",0.0,0.0,0.62,74.00,17.52,61.00
"Jun 26 2009 13:44:22",0.0,0.0,0.58,71.00,17.52,0.00
"Jun 26 2009 13:44:23",0.0,0.0,0.58,72.00,17.52,0.00
"Jun 26 2009 13:44:24",0.0,0.0,0.54,67.00,17.52,0.00
"Jun 26 2009 13:44:25",0.0,0.0,0.58,59.00,17.52,0.00
"Jun 26 2009 13:44:26",0.0,0.0,0.70,32.00,17.52,0.00
"Jun 26 2009 13:44:27",0.0,0.0,0.86,31.00,17.52,0.00
"Jun 26 2009 13:44:28",0.0,0.0,0.94,31.00,17.52,0.00
"Jun 26 2009 13:44:29",0.0,0.0,0.98,25.00,17.52,0.00
"Jun 26 2009 13:44:30",0.0,0.0,0.98,27.00,17.52,7.00
"Jun 26 2009 13:44:32",0.0,0.0,1.02,27.00,17.52,8.00
"Jun 26 2009 13:44:33",0.0,0.0,1.02,26.00,17.52,0.00
"Jun 26 2009 13:44:34",0.0,0.0,1.06,23.00,17.52,0.00
"Jun 26 2009 13:44:35",0.0,0.0,1.10,23.00,17.52,0.00
"Jun 26 2009 13:44:36",0.0,0.0,1.06,26.00,17.52,0.00
"Jun 26 2009 13:44:37",0.0,0.0,1.06,25.00,17.52,0.00
"Jun 26 2009 13:44:38",0.0,0.0,1.06,29.00,17.52,0.00
"Jun 26 2009 13:44:39",0.0,0.0,1.02,28.00,17.52,0.00
"Jun 26 2009 13:44:40",0.0,0.0,1.02,30.00,17.52,0.00
"Jun 26 2009 13:44:41",0.0,0.0,0.98,31.00,17.52,0.00
"Jun 26 2009 13:44:42",0.0,0.0,1.02,32.00,17.52,0.00
"Jun 26 2009 13:44:43",0.0,0.0,0.94,29.00,17.52,0.00
"Jun 26 2009 13:44:44",0.0,0.0,0.98,32.00,17.52,0.00
"Jun 26 2009 13:44:46",0.0,0.0,1.02,32.00,17.52,0.00
"Jun 26 2009 13:44:47",0.0,0.0,0.98,24.00,17.52,0.00
"Jun 26 2009 13:44:48",0.0,0.0,1.02,23.00,17.52,0.00
"Jun 26 2009 13:44:49",0.0,0.0,1.06,18.00,17.52,0.00
"Jun 26 2009 13:44:50",0.0,0.0,1.10,18.00,17.52,0.00
"Jun 26 2009 13:44:51",0.0,0.0,1.10,18.00,17.52,6.00
"Jun 26 2009 13:44:52",0.0,0.0,1.14,18.00,17.52,0.00
"Jun 26 2009 13:44:53",0.0,0.0,1.14,19.00,17.52,0.00
"Jun 26 2009 13:44:54",0.0,0.0,1.14,20.00,17.52,4.00
"Jun 26 2009 13:44:55",0.0,0.0,1.14,20.00,17.52,0.00
"Jun 26 2009 13:44:56",0.0,0.0,1.22,52.00,17.52,0.00
"Jun 26 2009 13:44:57",0.0,0.0,0.86,76.00,17.52,0.00
