time,lat,lon,acc,light,temp,sound
"Jun 26 2009 13:36:13",0.0,0.0,0.82,74.00,21.67,0.00
"Jun 26 2009 13:36:14",0.0,0.0,0.82,75.00,21.67,0.00
"Jun 26 2009 13:36:15",0.0,0.0,0.86,75.00,21.67,0.00
"Jun 26 2009 13:36:16",0.0,0.0,0.78,75.00,21.67,0.00
"Jun 26 2009 13:36:17",0.0,0.0,0.70,75.00,21.67,0.00
"Jun 26 2009 13:36:18",0.0,0.0,0.78,75.00,21.67,21.00
"Jun 26 2009 13:36:19",0.0,0.0,0.82,75.00,21.67,0.00
"Jun 26 2009 13:36:20",0.0,0.0,0.74,75.00,21.67,0.00
"Jun 26 2009 13:36:21",0.0,0.0,0.98,75.00,23.06,0.00
"Jun 26 2009 13:36:22",0.0,0.0,0.90,75.00,21.67,0.00
"Jun 26 2009 13:36:23",0.0,0.0,0.86,75.00,23.06,0.00
"Jun 26 2009 13:36:24",0.0,0.0,0.78,75.00,23.06,10.00
"Jun 26 2009 13:36:26",0.0,0.0,0.78,76.00,23.06,21.00
"Jun 26 2009 13:36:27",0.0,0.0,0.78,75.00,23.06,0.00
"Jun 26 2009 13:36:28",0.0,0.0,0.78,75.00,21.67,9.00
"Jun 26 2009 13:36:29",0.0,0.0,0.82,75.00,21.67,0.00
"Jun 26 2009 13:36:30",0.0,0.0,0.82,75.00,23.06,0.00
"Jun 26 2009 13:36:31",0.0,0.0,0.78,75.00,21.67,0.00
"Jun 26 2009 13:36:32",0.0,0.0,0.78,75.00,23.06,14.00
"Jun 26 2009 13:36:33",0.0,0.0,0.82,75.00,23.06,0.00
"Jun 26 2009 13:36:34",0.0,0.0,0.78,75.00,21.67,0.00
"Jun 26 2009 13:36:35",0.0,0.0,0.82,75.00,21.67,0.00
"Jun 26 2009 13:36:36",0.0,0.0,0.82,75.00,23.06,0.00
"Jun 26 2009 13:36:37",0.0,0.0,0.82,75.00,23.06,0.00
"Jun 26 2009 13:36:38",42.504166,-71.24441,0.82,75.00,23.06,0.00
"Jun 26 2009 13:36:39",42.504337,-71.24486,0.78,75.00,23.06,0.00
"Jun 26 2009 13:36:40",42.504402,-71.24478,0.78,75.00,23.06,0.00
"Jun 26 2009 13:36:42",42.504417,-71.2447,0.78,75.00,23.06,0.00
"Jun 26 2009 13:36:43",42.504337,-71.24462,0.78,75.00,23.06,0.00
"Jun 26 2009 13:36:44",42.504288,-71.24426,0.82,75.00,23.06,0.00
"Jun 26 2009 13:36:45",42.504345,-71.24467,0.82,75.00,23.06,0.00
"Jun 26 2009 13:36:46",42.504288,-71.24436,0.90,74.00,23.06,36.00
"Jun 26 2009 13:36:47",42.504257,-71.24388,1.02,74.00,23.06,0.00
"Jun 26 2009 13:36:48",42.504093,-71.24352,0.82,75.00,23.06,0.00
"Jun 26 2009 13:36:49",42.50433,-71.2448,0.78,75.00,23.06,0.00
"Jun 26 2009 13:36:50",42.50433,-71.2448,0.82,75.00,23.06,0.00
"Jun 26 2009 13:36:51",42.504013,-71.24331,0.46,75.00,23.06,0.00
"Jun 26 2009 13:36:53",42.504013,-71.24331,0.86,75.00,23.06,0.00
"Jun 26 2009 13:36:53",42.504013,-71.24331,1.10,75.00,23.06,24.00
"Jun 26 2009 13:36:55",42.50437,-71.244736,0.70,75.00,23.06,0.00
"Jun 26 2009 13:36:56",42.50425,-71.24386,0.86,75.00,23.06,3.00
"Jun 26 2009 13:36:57",42.504128,-71.24308,0.82,75.00,23.06,0.00
"Jun 26 2009 13:36:58",42.504295,-71.24406,1.18,75.00,23.06,12.00
"Jun 26 2009 13:36:59",42.504295,-71.24406,1.14,74.00,23.06,0.00
"Jun 26 2009 13:37:00",42.50428,-71.2441,0.94,74.00,23.06,0.00
"Jun 26 2009 13:37:01",42.50428,-71.2441,0.62,75.00,23.06,15.00
"Jun 26 2009 13:37:02",42.50428,-71.2441,0.78,75.00,23.06,0.00
"Jun 26 2009 13:37:03",42.50428,-71.2441,0.82,75.00,23.06,0.00
"Jun 26 2009 13:37:04",42.504475,-71.24511,0.74,75.00,23.06,0.00
"Jun 26 2009 13:37:05",42.504475,-71.24511,0.90,75.00,23.06,0.00
"Jun 26 2009 13:37:07",42.504387,-71.24512,0.90,74.00,23.06,0.00
"Jun 26 2009 13:37:08",42.504387,-71.24512,0.86,74.00,23.06,0.00
"Jun 26 2009 13:37:09",42.504387,-71.24512,0.82,74.00,23.06,0.00
"Jun 26 2009 13:37:10",42.504387,-71.24512,0.82,74.00,23.06,0.00
"Jun 26 2009 13:37:11",42.504387,-71.24512,0.82,74.00,23.06,0.00
"Jun 26 2009 13:37:12",42.504387,-71.24512,0.82,74.00,23.06,0.00
"Jun 26 2009 13:37:13",42.504387,-71.24512,0.82,74.00,23.06,0.00
"Jun 26 2009 13:37:14",42.504387,-71.24512,0.82,74.00,23.06,0.00
"Jun 26 2009 13:37:15",42.504387,-71.24512,0.82,74.00,23.06,0.00
"Jun 26 2009 13:37:16",42.504387,-71.24512,1.06,74.00,23.06,0.00
"Jun 26 2009 13:37:17",42.504387,-71.24512,1.54,74.00,23.06,0.00
"Jun 26 2009 13:37:18",42.504387,-71.24512,0.74,75.00,23.06,0.00
"Jun 26 2009 13:37:20",42.504387,-71.24512,0.86,75.00,23.06,0.00
"Jun 26 2009 13:37:20",42.504387,-71.24512,0.86,74.00,23.06,64.00
"Jun 26 2009 13:37:22",42.504265,-71.24415,0.58,75.00,23.06,0.00
"Jun 26 2009 13:37:23",42.504467,-71.24498,0.54,75.00,23.06,45.00
"Jun 26 2009 13:37:24",42.50438,-71.24459,0.86,75.00,23.06,23.00
"Jun 26 2009 13:37:25",42.504467,-71.24508,0.78,75.00,23.06,0.00
"Jun 26 2009 13:37:26",42.504417,-71.2449,0.82,75.00,23.06,0.00
"Jun 26 2009 13:37:27",42.504417,-71.24466,0.74,75.00,23.06,0.00
"Jun 26 2009 13:37:28",42.504417,-71.24466,0.82,75.00,23.06,0.00
"Jun 26 2009 13:37:29",42.504417,-71.24466,1.02,75.00,23.06,0.00
"Jun 26 2009 13:37:30",42.504417,-71.24466,0.98,75.00,23.06,0.00
"Jun 26 2009 13:37:31",42.50445,-71.244865,0.74,75.00,23.06,15.00
"Jun 26 2009 13:37:32",42.50438,-71.24444,0.86,75.00,23.06,0.00
"Jun 26 2009 13:37:33",42.504314,-71.24417,0.82,75.00,23.06,0.00
"Jun 26 2009 13:37:35",42.504402,-71.24454,0.70,75.00,23.06,0.00
"Jun 26 2009 13:37:36",42.504272,-71.244095,0.78,75.00,23.06,0.00
"Jun 26 2009 13:37:37",42.504063,-71.24354,0.78,75.00,23.06,0.00
"Jun 26 2009 13:37:38",42.504192,-71.24382,0.70,75.00,23.06,30.00
"Jun 26 2009 13:37:39",42.50436,-71.2444,0.74,75.00,23.06,21.00
"Jun 26 2009 13:37:40",42.504322,-71.244194,0.86,75.00,23.06,0.00
"Jun 26 2009 13:37:41",42.504322,-71.244194,0.82,75.00,23.06,0.00
"Jun 26 2009 13:37:42",42.504322,-71.244194,0.66,75.00,23.06,0.00
"Jun 26 2009 13:37:43",42.504322,-71.244194,0.82,75.00,23.06,0.00
"Jun 26 2009 13:37:44",42.504322,-71.244194,0.78,75.00,23.06,0.00
"Jun 26 2009 13:37:45",42.504322,-71.244194,0.78,75.00,23.06,21.00
"Jun 26 2009 13:37:46",42.50443,-71.24394,0.82,75.00,23.06,0.00
"Jun 26 2009 13:37:47",42.504417,-71.24403,0.86,75.00,23.06,0.00
"Jun 26 2009 13:37:49",42.504387,-71.24373,0.82,74.00,23.06,0.00
"Jun 26 2009 13:37:50",42.504353,-71.243706,0.70,74.00,23.06,0.00
"Jun 26 2009 13:37:51",42.504272,-71.24357,0.70,75.00,23.06,0.00
"Jun 26 2009 13:37:52",42.504307,-71.24369,0.78,75.00,23.06,0.00
"Jun 26 2009 13:37:53",42.50425,-71.2439,0.70,75.00,23.06,0.00
"Jun 26 2009 13:37:54",42.50424,-71.24381,0.86,75.00,23.06,1.00
"Jun 26 2009 13:37:55",42.504272,-71.244095,0.98,75.00,23.06,0.00
"Jun 26 2009 13:37:56",42.504265,-71.244125,1.10,75.00,23.06,0.00
"Jun 26 2009 13:37:57",42.50436,-71.24413,0.94,75.00,23.06,0.00
"Jun 26 2009 13:37:58",42.50436,-71.24413,0.82,75.00,23.06,0.00
"Jun 26 2009 13:38:00",42.50436,-71.24413,0.66,75.00,23.06,0.00
"Jun 26 2009 13:38:01",42.50436,-71.24413,0.70,75.00,23.06,0.00
"Jun 26 2009 13:38:02",42.50441,-71.244125,0.66,75.00,23.06,0.00
"Jun 26 2009 13:38:03",42.504387,-71.244125,0.62,75.00,23.06,10.00
"Jun 26 2009 13:38:04",42.504387,-71.24389,0.66,75.00,23.06,0.00
"Jun 26 2009 13:38:05",42.50436,-71.24389,0.66,75.00,23.06,0.00
"Jun 26 2009 13:38:06",42.504387,-71.24407,0.58,75.00,23.06,3.00
"Jun 26 2009 13:38:07",42.50424,-71.243126,0.50,75.00,23.06,0.00
"Jun 26 2009 13:38:08",42.50441,-71.24423,0.58,76.00,23.06,11.00
"Jun 26 2009 13:38:09",42.50437,-71.24391,0.62,76.00,23.06,8.00
"Jun 26 2009 13:38:10",42.50437,-71.24391,0.54,75.00,23.06,0.00
"Jun 26 2009 13:38:11",42.50437,-71.24391,0.70,76.00,23.06,0.00
"Jun 26 2009 13:38:12",42.50437,-71.24391,0.62,76.00,23.06,0.00
"Jun 26 2009 13:38:13",42.50437,-71.24391,0.62,76.00,23.06,0.00
"Jun 26 2009 13:38:14",42.504345,-71.24383,0.70,76.00,23.06,0.00
"Jun 26 2009 13:38:16",42.504265,-71.24321,0.66,75.00,23.06,0.00
"Jun 26 2009 13:38:17",42.504314,-71.2434,0.82,76.00,24.44,9.00
"Jun 26 2009 13:38:18",42.504395,-71.24373,0.78,76.00,23.06,0.00
"Jun 26 2009 13:38:19",42.504265,-71.24363,0.66,76.00,23.06,0.00
"Jun 26 2009 13:38:20",42.504353,-71.24376,0.66,76.00,23.06,0.00
"Jun 26 2009 13:38:21",42.504337,-71.243706,0.66,76.00,23.06,0.00
"Jun 26 2009 13:38:22",42.504265,-71.24333,0.66,76.00,23.06,0.00
"Jun 26 2009 13:38:23",42.504272,-71.24338,0.62,76.00,23.06,0.00
"Jun 26 2009 13:38:24",42.50428,-71.243355,0.86,76.00,24.44,0.00
"Jun 26 2009 13:38:25",42.504295,-71.24355,1.02,76.00,23.06,0.00
"Jun 26 2009 13:38:26",42.504322,-71.24356,0.94,76.00,23.06,0.00
"Jun 26 2009 13:38:26",42.504322,-71.24356,1.02,76.00,23.06,0.00
"Jun 26 2009 13:38:29",42.50433,-71.24312,0.98,76.00,23.06,0.00
"Jun 26 2009 13:38:30",42.50438,-71.24342,0.94,76.00,23.06,0.00
"Jun 26 2009 13:38:31",42.50436,-71.24336,0.90,76.00,23.06,0.00
"Jun 26 2009 13:38:32",42.504288,-71.24301,1.06,76.00,24.44,0.00
"Jun 26 2009 13:38:33",42.504314,-71.242714,0.78,76.00,23.06,0.00
"Jun 26 2009 13:38:34",42.504322,-71.24283,1.06,76.00,23.06,0.00
"Jun 26 2009 13:38:35",42.504322,-71.24282,0.90,76.00,23.06,31.00
"Jun 26 2009 13:38:36",42.504345,-71.24327,1.06,76.00,23.06,0.00
"Jun 26 2009 13:38:37",42.504295,-71.24301,0.90,76.00,24.44,0.00
"Jun 26 2009 13:38:38",42.504314,-71.243095,0.98,76.00,23.06,0.00
"Jun 26 2009 13:38:39",42.50433,-71.243004,0.98,76.00,23.06,0.00
"Jun 26 2009 13:38:41",42.50433,-71.243004,0.86,76.00,23.06,0.00
"Jun 26 2009 13:38:42",42.50433,-71.243004,0.70,76.00,23.06,0.00
"Jun 26 2009 13:38:43",42.50433,-71.243004,0.62,76.00,23.06,0.00
"Jun 26 2009 13:38:44",42.50433,-71.243004,0.74,76.00,23.06,0.00
"Jun 26 2009 13:38:45",42.504345,-71.243286,0.70,76.00,23.06,3.00
"Jun 26 2009 13:38:46",42.50438,-71.24299,0.70,76.00,23.06,0.00
"Jun 26 2009 13:38:47",42.504337,-71.24317,0.70,76.00,23.06,0.00
"Jun 26 2009 13:38:48",42.504345,-71.24341,0.86,76.00,23.06,0.00
"Jun 26 2009 13:38:49",42.50441,-71.243904,0.82,76.00,23.06,0.00
"Jun 26 2009 13:38:50",42.504314,-71.243385,0.86,76.00,24.44,43.00
"Jun 26 2009 13:38:51",42.50445,-71.24364,0.82,76.00,24.44,44.00
"Jun 26 2009 13:38:52",42.504387,-71.24373,0.82,76.00,23.06,0.00
"Jun 26 2009 13:38:54",42.504387,-71.24356,0.82,76.00,24.44,0.00
"Jun 26 2009 13:38:55",42.504387,-71.24356,0.82,76.00,23.06,0.00
"Jun 26 2009 13:38:56",42.504387,-71.24356,0.78,76.00,23.06,0.00
"Jun 26 2009 13:38:57",42.504387,-71.24356,0.78,76.00,23.06,0.00
"Jun 26 2009 13:38:58",42.504395,-71.24354,0.78,76.00,24.44,0.00
"Jun 26 2009 13:38:59",42.504395,-71.24354,0.82,75.00,24.44,0.00
"Jun 26 2009 13:39:00",42.504185,-71.24303,0.82,76.00,24.44,0.00
"Jun 26 2009 13:39:01",42.504093,-71.242874,0.78,76.00,24.44,26.00
"Jun 26 2009 13:39:02",42.504223,-71.24313,0.78,76.00,23.06,0.00
"Jun 26 2009 13:39:03",42.504295,-71.24337,0.86,76.00,24.44,0.00
"Jun 26 2009 13:39:04",42.50425,-71.24334,0.90,76.00,24.44,0.00
"Jun 26 2009 13:39:05",42.50433,-71.24339,0.78,76.00,24.44,0.00
"Jun 26 2009 13:39:06",42.504387,-71.243774,0.90,76.00,24.44,0.00
"Jun 26 2009 13:39:07",42.50433,-71.2435,0.66,76.00,24.44,0.00
"Jun 26 2009 13:39:08",42.504208,-71.24313,0.62,76.00,24.44,0.00
"Jun 26 2009 13:39:10",42.504116,-71.24288,0.38,76.00,24.44,0.00
"Jun 26 2009 13:39:11",42.504307,-71.2435,0.38,76.00,23.06,0.00
"Jun 26 2009 13:39:12",42.504314,-71.24352,0.90,76.00,24.44,0.00
"Jun 26 2009 13:39:13",42.50433,-71.2436,1.06,76.00,23.06,0.00
"Jun 26 2009 13:39:14",42.50433,-71.2436,1.02,76.00,23.06,23.00
"Jun 26 2009 13:39:15",42.504475,-71.24384,0.90,76.00,24.44,0.00
"Jun 26 2009 13:39:16",42.504295,-71.243385,1.10,76.00,23.06,0.00
"Jun 26 2009 13:39:17",42.504265,-71.243355,1.02,76.00,24.44,0.00
"Jun 26 2009 13:39:18",42.504265,-71.24339,0.94,76.00,24.44,0.00
"Jun 26 2009 13:39:19",42.504208,-71.24325,0.94,75.00,24.44,0.00
"Jun 26 2009 13:39:20",42.504345,-71.24354,0.70,75.00,24.44,0.00
"Jun 26 2009 13:39:21",42.50425,-71.24329,0.70,76.00,23.06,0.00
"Jun 26 2009 13:39:23",42.504143,-71.24291,0.78,76.00,24.44,0.00
"Jun 26 2009 13:39:24",42.504307,-71.243355,0.94,76.00,24.44,0.00
"Jun 26 2009 13:39:25",42.504337,-71.243454,0.78,76.00,24.44,2.00
"Jun 26 2009 13:39:26",42.50433,-71.24342,1.06,76.00,24.44,0.00
"Jun 26 2009 13:39:27",42.50433,-71.24342,0.90,76.00,24.44,31.00
"Jun 26 2009 13:39:28",42.50433,-71.24358,0.98,76.00,24.44,0.00
"Jun 26 2009 13:39:29",42.50441,-71.24374,0.98,76.00,24.44,0.00
"Jun 26 2009 13:39:30",42.504272,-71.24318,0.98,76.00,24.44,0.00
"Jun 26 2009 13:39:31",42.504272,-71.24318,1.82,76.00,24.44,0.00
"Jun 26 2009 13:39:32",42.504295,-71.24331,1.50,76.00,24.44,0.00
"Jun 26 2009 13:39:33",42.50428,-71.24312,1.02,76.00,24.44,21.00
"Jun 26 2009 13:39:34",42.50433,-71.24318,1.02,76.00,24.44,0.00
"Jun 26 2009 13:39:35",42.50423,-71.242905,0.82,76.00,24.44,0.00
"Jun 26 2009 13:39:37",42.504337,-71.243385,0.78,76.00,24.44,0.00
"Jun 26 2009 13:39:38",42.50425,-71.24264,0.66,76.00,24.44,0.00
"Jun 26 2009 13:39:39",42.50423,-71.24239,0.42,76.00,24.44,0.00
"Jun 26 2009 13:39:40",42.504295,-71.24294,0.50,76.00,24.44,0.00
"Jun 26 2009 13:39:41",42.504337,-71.242905,0.34,76.00,24.44,0.00
"Jun 26 2009 13:39:42",42.50423,-71.24248,0.62,76.00,24.44,0.00
"Jun 26 2009 13:39:43",42.504322,-71.243095,0.42,76.00,24.44,0.00
"Jun 26 2009 13:39:44",42.504337,-71.24295,0.46,76.00,24.44,0.00
"Jun 26 2009 13:39:45",42.50433,-71.24295,0.62,76.00,24.44,4.00
"Jun 26 2009 13:39:46",42.504322,-71.24282,0.86,76.00,24.44,20.00
"Jun 26 2009 13:39:47",42.50437,-71.24321,0.94,76.00,24.44,0.00
"Jun 26 2009 13:39:48",42.5045,-71.24336,0.98,76.00,24.44,0.00
"Jun 26 2009 13:39:50",42.504295,-71.24313,0.98,76.00,24.44,11.00
"Jun 26 2009 13:39:51",42.504215,-71.24238,0.86,76.00,24.44,0.00
"Jun 26 2009 13:39:52",42.50438,-71.24254,1.30,76.00,24.44,0.00
"Jun 26 2009 13:39:53",42.504295,-71.242455,1.26,76.00,24.44,0.00
"Jun 26 2009 13:39:54",42.504295,-71.24263,1.18,76.00,24.44,1.00
"Jun 26 2009 13:39:55",42.50425,-71.24257,1.14,76.00,24.44,0.00
"Jun 26 2009 13:39:56",42.504314,-71.24265,0.74,76.00,24.44,0.00
"Jun 26 2009 13:39:57",42.50433,-71.24245,0.54,76.00,24.44,27.00
"Jun 26 2009 13:39:58",42.504314,-71.24262,0.62,76.00,24.44,0.00
"Jun 26 2009 13:39:59",42.504322,-71.24252,0.66,76.00,24.44,0.00
"Jun 26 2009 13:40:00",42.50428,-71.24278,0.46,76.00,24.44,0.00
"Jun 26 2009 13:40:01",42.504295,-71.24275,0.46,76.00,24.44,0.00
"Jun 26 2009 13:40:01",42.504295,-71.24275,0.58,76.00,24.44,0.00
"Jun 26 2009 13:40:04",42.504295,-71.24259,0.34,76.00,24.44,0.00
"Jun 26 2009 13:40:05",42.50438,-71.24299,0.50,76.00,24.44,0.00
"Jun 26 2009 13:40:06",42.50424,-71.24275,0.66,76.00,24.44,0.00
"Jun 26 2009 13:40:07",42.504265,-71.24263,0.62,76.00,24.44,1.00
"Jun 26 2009 13:40:08",42.504257,-71.24283,0.74,76.00,24.44,0.00
"Jun 26 2009 13:40:09",42.504265,-71.24267,0.94,76.00,24.44,0.00
"Jun 26 2009 13:40:10",42.5041,-71.242195,1.10,76.00,24.44,0.00
"Jun 26 2009 13:40:11",42.504208,-71.24268,1.06,76.00,24.44,2.00
"Jun 26 2009 13:40:12",42.504208,-71.24268,0.98,76.00,24.44,0.00
"Jun 26 2009 13:40:13",42.504208,-71.24268,0.98,76.00,24.44,0.00
"Jun 26 2009 13:40:14",42.504208,-71.24268,1.18,76.00,24.44,0.00
"Jun 26 2009 13:40:15",42.504208,-71.24268,0.90,76.00,24.44,0.00
"Jun 26 2009 13:40:16",42.50403,-71.24253,0.78,76.00,24.44,0.00
"Jun 26 2009 13:40:18",42.504166,-71.24279,1.14,76.00,24.44,0.00
"Jun 26 2009 13:40:19",42.504185,-71.24262,1.30,76.00,24.44,0.00
"Jun 26 2009 13:40:20",42.504093,-71.24265,0.86,76.00,24.44,0.00
"Jun 26 2009 13:40:21",42.504036,-71.24233,0.58,76.00,24.44,0.00
"Jun 26 2009 13:40:22",42.504013,-71.242294,0.34,76.00,23.06,0.00
"Jun 26 2009 13:40:23",42.504078,-71.24244,0.34,76.00,24.44,0.00
"Jun 26 2009 13:40:24",42.5042,-71.24312,0.58,75.00,23.06,0.00
"Jun 26 2009 13:40:25",42.504036,-71.24267,0.46,75.00,24.44,0.00
"Jun 26 2009 13:40:26",42.50395,-71.242355,0.50,76.00,23.06,0.00
"Jun 26 2009 13:40:27",42.50395,-71.242355,0.74,76.00,24.44,0.00
"Jun 26 2009 13:40:28",42.504078,-71.24229,0.50,76.00,24.44,0.00
"Jun 26 2009 13:40:29",42.50389,-71.24148,0.42,76.00,23.06,0.00
"Jun 26 2009 13:40:31",42.50389,-71.24162,0.50,76.00,23.06,0.00
"Jun 26 2009 13:40:32",42.50389,-71.24162,0.58,76.00,23.06,0.00
"Jun 26 2009 13:40:33",42.50389,-71.24162,0.66,76.00,24.44,0.00
"Jun 26 2009 13:40:34",42.50389,-71.24162,0.50,76.00,24.44,0.00
"Jun 26 2009 13:40:35",42.50389,-71.24162,0.70,76.00,23.06,0.00
"Jun 26 2009 13:40:36",42.50389,-71.24162,0.70,76.00,23.06,16.00
"Jun 26 2009 13:40:37",42.504013,-71.24242,0.66,76.00,24.44,0.00
"Jun 26 2009 13:40:38",42.50395,-71.24174,0.38,75.00,23.06,0.00
"Jun 26 2009 13:40:39",42.503994,-71.24206,0.46,75.00,24.44,0.00
"Jun 26 2009 13:40:40",42.50407,-71.24239,0.54,76.00,23.06,0.00
"Jun 26 2009 13:40:41",42.504013,-71.24196,0.74,75.00,23.06,0.00
"Jun 26 2009 13:40:42",42.504063,-71.242676,0.78,76.00,23.06,25.00
"Jun 26 2009 13:40:43",42.504128,-71.243004,0.86,75.00,23.06,0.00
"Jun 26 2009 13:40:45",42.5039,-71.24215,0.74,75.00,23.06,0.00
"Jun 26 2009 13:40:46",42.50397,-71.242355,0.66,76.00,24.44,14.00
"Jun 26 2009 13:40:47",42.50397,-71.242355,0.66,76.00,23.06,1.00
"Jun 26 2009 13:40:48",42.50397,-71.242355,0.74,76.00,23.06,0.00
"Jun 26 2009 13:40:49",42.50397,-71.242355,0.78,76.00,24.44,3.00
"Jun 26 2009 13:40:50",42.50397,-71.242355,0.90,75.00,23.06,0.00
"Jun 26 2009 13:40:51",42.50397,-71.242355,0.78,76.00,24.44,9.00
"Jun 26 2009 13:40:52",42.50397,-71.242355,0.74,75.00,23.06,0.00
"Jun 26 2009 13:40:53",42.503864,-71.24251,0.74,75.00,24.44,0.00
"Jun 26 2009 13:40:54",42.50392,-71.242676,1.26,75.00,23.06,0.00
"Jun 26 2009 13:40:55",42.504013,-71.242966,0.66,75.00,23.06,0.00
"Jun 26 2009 13:40:56",42.50395,-71.24292,0.58,75.00,23.06,0.00
"Jun 26 2009 13:40:57",42.50384,-71.24262,0.78,75.00,23.06,0.00
"Jun 26 2009 13:40:59",42.503914,-71.24239,0.66,75.00,24.44,0.00
"Jun 26 2009 13:41:00",42.50403,-71.24292,0.70,75.00,24.44,0.00
"Jun 26 2009 13:41:01",42.503994,-71.24326,0.86,75.00,23.06,0.00
"Jun 26 2009 13:41:02",42.503994,-71.24326,0.74,75.00,23.06,0.00
"Jun 26 2009 13:41:03",42.503994,-71.24326,0.38,75.00,23.06,0.00
"Jun 26 2009 13:41:04",42.503994,-71.24326,0.86,75.00,23.06,0.00
"Jun 26 2009 13:41:05",42.503994,-71.24326,0.86,75.00,23.06,0.00
"Jun 26 2009 13:41:06",42.503994,-71.24326,1.22,74.00,23.06,0.00
"Jun 26 2009 13:41:07",42.50403,-71.24316,0.82,74.00,24.44,0.00
"Jun 26 2009 13:41:08",42.504086,-71.24364,0.78,74.00,23.06,0.00
"Jun 26 2009 13:41:10",42.50402,-71.24301,0.78,75.00,23.06,0.00
"Jun 26 2009 13:41:11",42.50402,-71.24301,0.82,75.00,23.06,0.00
"Jun 26 2009 13:41:12",42.50402,-71.24301,0.78,75.00,23.06,0.00
"Jun 26 2009 13:41:13",42.50402,-71.24301,0.82,75.00,23.06,27.00
"Jun 26 2009 13:41:14",42.50402,-71.24301,0.78,75.00,23.06,0.00
"Jun 26 2009 13:41:15",42.50402,-71.24301,0.78,75.00,23.06,22.00
"Jun 26 2009 13:41:16",42.50402,-71.24301,0.78,75.00,23.06,0.00
"Jun 26 2009 13:41:17",42.50402,-71.24301,0.82,75.00,23.06,0.00
"Jun 26 2009 13:41:18",42.50402,-71.24301,0.82,75.00,23.06,0.00
"Jun 26 2009 13:41:19",42.50402,-71.24301,0.78,75.00,23.06,11.00
"Jun 26 2009 13:41:20",42.50402,-71.24301,0.82,75.00,23.06,0.00
"Jun 26 2009 13:41:21",42.50402,-71.24301,0.82,75.00,23.06,0.00
"Jun 26 2009 13:41:22",42.50402,-71.24301,0.82,75.00,23.06,0.00
"Jun 26 2009 13:41:23",42.50402,-71.24301,0.82,75.00,23.06,0.00
"Jun 26 2009 13:41:23",42.50402,-71.24301,0.82,75.00,23.06,0.00
"Jun 26 2009 13:41:26",42.503994,-71.24292,0.82,75.00,23.06,0.00
"Jun 26 2009 13:41:27",42.504005,-71.24293,0.78,75.00,23.06,0.00
"Jun 26 2009 13:41:28",42.504005,-71.2428,0.82,75.00,23.06,5.00
"Jun 26 2009 13:41:29",42.504005,-71.24259,0.82,74.00,23.06,0.00
"Jun 26 2009 13:41:30",42.503963,-71.242134,0.42,72.00,23.06,33.00
"Jun 26 2009 13:41:31",42.503986,-71.242424,0.82,72.00,23.06,0.00
"Jun 26 2009 13:41:32",42.503883,-71.24265,0.86,74.00,23.06,0.00
"Jun 26 2009 13:41:33",42.504013,-71.24294,0.82,75.00,23.06,0.00
"Jun 26 2009 13:41:34",42.504005,-71.24207,0.94,75.00,23.06,0.00
"Jun 26 2009 13:41:35",42.50403,-71.24223,0.74,75.00,23.06,0.00
"Jun 26 2009 13:41:36",42.504086,-71.24247,0.78,75.00,23.06,0.00
"Jun 26 2009 13:41:37",42.50415,-71.24224,0.62,75.00,23.06,0.00
"Jun 26 2009 13:41:38",42.504135,-71.242805,0.74,75.00,23.06,0.00
"Jun 26 2009 13:41:40",42.504314,-71.242775,1.42,75.00,23.06,0.00
"Jun 26 2009 13:41:41",42.50407,-71.24121,0.82,75.00,23.06,0.00
"Jun 26 2009 13:41:42",42.50407,-71.24106,0.94,75.00,23.06,0.00
"Jun 26 2009 13:41:43",42.503906,-71.240456,0.86,75.00,23.06,0.00
"Jun 26 2009 13:41:44",42.50397,-71.24125,0.94,75.00,23.06,81.00
"Jun 26 2009 13:41:45",42.50392,-71.241646,1.22,75.00,23.06,0.00
"Jun 26 2009 13:41:46",42.50397,-71.24162,1.10,75.00,23.06,0.00
"Jun 26 2009 13:41:47",42.503994,-71.24187,1.06,75.00,23.06,0.00
"Jun 26 2009 13:41:48",42.50402,-71.2424,0.66,75.00,23.06,0.00
"Jun 26 2009 13:41:49",42.50395,-71.24272,0.38,75.00,23.06,0.00
"Jun 26 2009 13:41:50",42.50415,-71.24362,0.34,75.00,24.44,0.00
"Jun 26 2009 13:41:51",42.504036,-71.24324,0.34,75.00,23.06,0.00
"Jun 26 2009 13:41:53",42.504135,-71.243614,0.54,75.00,23.06,0.00
"Jun 26 2009 13:41:54",42.504036,-71.24254,0.34,75.00,23.06,0.00
"Jun 26 2009 13:41:55",42.503994,-71.24278,0.18,75.00,23.06,0.00
"Jun 26 2009 13:41:56",42.50394,-71.24306,0.46,75.00,23.06,0.00
"Jun 26 2009 13:41:57",42.50371,-71.24234,0.66,75.00,23.06,0.00
"Jun 26 2009 13:41:58",42.503883,-71.24288,0.82,75.00,23.06,0.00
"Jun 26 2009 13:41:59",42.50379,-71.24278,1.06,75.00,23.06,0.00
"Jun 26 2009 13:42:00",42.50384,-71.242966,0.90,75.00,23.06,0.00
"Jun 26 2009 13:42:01",42.503872,-71.2429,0.74,75.00,23.06,0.00
"Jun 26 2009 13:42:02",42.50393,-71.24303,0.54,75.00,23.06,0.00
"Jun 26 2009 13:42:03",42.50407,-71.24312,0.66,75.00,23.06,40.00
"Jun 26 2009 13:42:04",42.503906,-71.242775,0.58,75.00,23.06,0.00
"Jun 26 2009 13:42:05",42.503963,-71.243286,0.78,75.00,23.06,0.00
"Jun 26 2009 13:42:07",42.503994,-71.24312,1.22,75.00,23.06,0.00
"Jun 26 2009 13:42:08",42.504166,-71.24375,0.90,75.00,23.06,0.00
"Jun 26 2009 13:42:09",42.50402,-71.24322,1.34,75.00,23.06,0.00
"Jun 26 2009 13:42:10",42.50411,-71.24364,0.74,75.00,23.06,0.00
"Jun 26 2009 13:42:11",42.504086,-71.243484,0.30,75.00,23.06,0.00
"Jun 26 2009 13:42:12",42.504044,-71.24297,0.50,75.00,23.06,5.00
"Jun 26 2009 13:42:13",42.50415,-71.24369,0.62,75.00,23.06,0.00
"Jun 26 2009 13:42:14",42.504063,-71.2434,0.54,75.00,23.06,0.00
"Jun 26 2009 13:42:15",42.504192,-71.24361,0.90,75.00,24.44,0.00
"Jun 26 2009 13:42:16",42.504143,-71.24361,0.94,75.00,23.06,16.00
"Jun 26 2009 13:42:17",42.504078,-71.24337,0.58,75.00,23.06,0.00
"Jun 26 2009 13:42:18",42.50398,-71.24318,1.26,75.00,23.06,7.00
"Jun 26 2009 13:42:19",42.50398,-71.24304,0.86,75.00,23.06,0.00
"Jun 26 2009 13:42:21",42.50393,-71.24315,0.74,75.00,23.06,0.00
"Jun 26 2009 13:42:22",42.50392,-71.24261,0.70,75.00,23.06,0.00
"Jun 26 2009 13:42:23",42.50392,-71.24261,1.06,75.00,23.06,0.00
"Jun 26 2009 13:42:24",42.50411,-71.243065,0.94,75.00,23.06,0.00
"Jun 26 2009 13:42:25",42.50403,-71.24238,0.62,75.00,23.06,0.00
"Jun 26 2009 13:42:26",42.50397,-71.242165,1.10,75.00,23.06,0.00
"Jun 26 2009 13:42:27",42.504078,-71.242226,0.74,75.00,23.06,0.00
"Jun 26 2009 13:42:28",42.504128,-71.24251,1.74,75.00,23.06,0.00
"Jun 26 2009 13:42:29",42.5041,-71.242645,0.74,75.00,23.06,0.00
"Jun 26 2009 13:42:30",42.504185,-71.24271,0.42,75.00,23.06,16.00
"Jun 26 2009 13:42:31",42.504116,-71.24272,0.62,75.00,23.06,0.00
"Jun 26 2009 13:42:32",42.50411,-71.24271,0.74,75.00,23.06,0.00
"Jun 26 2009 13:42:33",42.504166,-71.24309,0.42,75.00,23.06,0.00
"Jun 26 2009 13:42:35",42.50437,-71.243454,0.66,75.00,23.06,0.00
"Jun 26 2009 13:42:36",42.504208,-71.24283,0.78,75.00,23.06,0.00
"Jun 26 2009 13:42:37",42.50428,-71.2435,1.02,75.00,23.06,0.00
"Jun 26 2009 13:42:38",42.504337,-71.24326,0.98,75.00,23.06,0.00
"Jun 26 2009 13:42:39",42.50437,-71.243515,0.86,75.00,23.06,0.00
"Jun 26 2009 13:42:40",42.50437,-71.24339,0.38,75.00,23.06,0.00
"Jun 26 2009 13:42:41",42.50436,-71.2434,0.74,75.00,23.06,0.00
"Jun 26 2009 13:42:42",42.504257,-71.24308,0.54,75.00,23.06,0.00
"Jun 26 2009 13:42:43",42.50423,-71.24341,0.82,74.00,23.06,0.00
"Jun 26 2009 13:42:44",42.504173,-71.24301,0.86,74.00,23.06,8.00
"Jun 26 2009 13:42:45",42.504173,-71.24311,0.78,74.00,23.06,0.00
"Jun 26 2009 13:42:46",42.504215,-71.24343,1.10,75.00,23.06,0.00
"Jun 26 2009 13:42:48",42.504166,-71.243935,1.18,75.00,23.06,28.00
"Jun 26 2009 13:42:49",42.50424,-71.244095,0.74,75.00,23.06,0.00
"Jun 26 2009 13:42:50",42.504158,-71.24375,0.86,75.00,23.06,0.00
"Jun 26 2009 13:42:51",42.504185,-71.24325,1.62,75.00,23.06,0.00
"Jun 26 2009 13:42:52",42.504272,-71.24404,0.90,74.00,23.06,0.00
"Jun 26 2009 13:42:53",42.504173,-71.24385,0.54,74.00,23.06,0.00
"Jun 26 2009 13:42:54",42.504166,-71.2437,0.42,74.00,23.06,0.00
"Jun 26 2009 13:42:55",42.50425,-71.24425,0.54,74.00,23.06,0.00
"Jun 26 2009 13:42:56",42.504215,-71.24419,0.70,74.00,23.06,0.00
"Jun 26 2009 13:42:57",42.50423,-71.24437,0.18,74.00,23.06,0.00
"Jun 26 2009 13:42:58",42.50423,-71.24437,0.46,74.00,23.06,9.00
"Jun 26 2009 13:43:00",42.50423,-71.24437,0.70,74.00,23.06,0.00
"Jun 26 2009 13:43:01",42.50423,-71.24437,0.94,74.00,23.06,0.00
"Jun 26 2009 13:43:02",42.50423,-71.24437,1.18,74.00,23.06,0.00
"Jun 26 2009 13:43:03",42.504173,-71.24343,1.02,74.00,23.06,0.00
"Jun 26 2009 13:43:04",42.50428,-71.24419,1.10,74.00,23.06,0.00
"Jun 26 2009 13:43:05",42.50437,-71.24433,1.14,74.00,23.06,0.00
"Jun 26 2009 13:43:06",42.50433,-71.243965,1.02,75.00,23.06,7.00
"Jun 26 2009 13:43:07",42.50428,-71.243935,1.06,74.00,23.06,0.00
"Jun 26 2009 13:43:08",42.504417,-71.24449,1.02,74.00,23.06,10.00
"Jun 26 2009 13:43:09",42.504192,-71.243614,0.82,74.00,23.06,0.00
"Jun 26 2009 13:43:10",42.5041,-71.24346,0.66,75.00,23.06,0.00
"Jun 26 2009 13:43:11",42.504173,-71.24397,0.70,75.00,23.06,0.00
"Jun 26 2009 13:43:12",42.5042,-71.24398,0.34,75.00,23.06,0.00
"Jun 26 2009 13:43:14",42.504307,-71.2447,1.10,75.00,23.06,0.00
"Jun 26 2009 13:43:15",42.504307,-71.2447,0.86,75.00,23.06,0.00
"Jun 26 2009 13:43:16",42.504307,-71.2447,0.78,74.00,23.06,0.00
"Jun 26 2009 13:43:17",42.504307,-71.2447,0.46,74.00,23.06,0.00
"Jun 26 2009 13:43:18",42.5041,-71.24387,0.74,74.00,23.06,0.00
"Jun 26 2009 13:43:19",42.504223,-71.24431,0.86,73.00,23.06,0.00
"Jun 26 2009 13:43:20",42.504257,-71.24427,0.78,73.00,23.06,0.00
"Jun 26 2009 13:43:21",42.504044,-71.24352,0.82,73.00,23.06,0.00
"Jun 26 2009 13:43:22",42.504158,-71.244286,0.62,73.00,23.06,0.00
"Jun 26 2009 13:43:23",42.50424,-71.24435,0.78,73.00,23.06,0.00
"Jun 26 2009 13:43:24",42.50424,-71.244415,0.86,61.00,23.06,0.00
"Jun 26 2009 13:43:25",42.504322,-71.24444,0.94,43.00,23.06,0.00
"Jun 26 2009 13:43:26",42.50423,-71.24419,0.66,12.00,23.06,5.00
"Jun 26 2009 13:43:27",42.504215,-71.244286,0.58,9.00,23.06,0.00
"Jun 26 2009 13:43:29",42.50428,-71.24456,0.74,9.00,23.06,0.00
"Jun 26 2009 13:43:30",42.50428,-71.24456,0.62,10.00,23.06,0.00
"Jun 26 2009 13:43:31",42.50428,-71.24456,0.86,30.00,23.06,0.00
"Jun 26 2009 13:43:32",42.50428,-71.24456,0.86,27.00,23.06,0.00
"Jun 26 2009 13:43:33",42.50428,-71.24456,0.50,41.00,23.06,0.00
"Jun 26 2009 13:43:34",42.50428,-71.24456,0.70,7.00,23.06,0.00
"Jun 26 2009 13:43:35",42.50428,-71.24456,0.50,5.00,23.06,0.00
"Jun 26 2009 13:43:36",42.50428,-71.24456,1.38,5.00,23.06,0.00
"Jun 26 2009 13:43:37",42.50428,-71.24456,1.02,1.00,23.06,0.00
"Jun 26 2009 13:43:38",42.50428,-71.24456,0.86,6.00,23.06,0.00
"Jun 26 2009 13:43:39",42.50428,-71.24456,0.70,6.00,23.06,0.00
"Jun 26 2009 13:43:41",42.50428,-71.24456,0.74,6.00,23.06,32.00
"Jun 26 2009 13:43:42",42.50428,-71.24456,0.94,4.00,23.06,38.00
"Jun 26 2009 13:43:43",42.50428,-71.24456,0.82,9.00,23.06,0.00
"Jun 26 2009 13:43:44",42.50428,-71.24456,0.46,18.00,23.06,0.00
"Jun 26 2009 13:43:45",42.50428,-71.24456,1.10,9.00,23.06,0.00
"Jun 26 2009 13:43:46",42.50428,-71.24456,1.26,12.00,23.06,0.00
"Jun 26 2009 13:43:47",42.50428,-71.24456,0.82,6.00,23.06,9.00
"Jun 26 2009 13:43:48",42.50428,-71.24456,0.98,11.00,23.06,0.00
"Jun 26 2009 13:43:49",42.50428,-71.24456,0.74,7.00,23.06,0.00
"Jun 26 2009 13:43:50",42.50428,-71.24456,0.74,3.00,23.06,0.00
"Jun 26 2009 13:43:51",42.50428,-71.24456,0.74,2.00,23.06,22.00
"Jun 26 2009 13:43:52",42.50428,-71.24456,0.78,4.00,21.67,0.00
"Jun 26 2009 13:43:54",42.50428,-71.24456,0.74,5.00,23.06,0.00
"Jun 26 2009 13:43:55",42.50428,-71.24456,0.74,9.00,23.06,14.00
"Jun 26 2009 13:43:56",42.50428,-71.24456,0.38,12.00,23.06,14.00
"Jun 26 2009 13:43:57",42.50428,-71.24456,0.74,9.00,23.06,7.00
"Jun 26 2009 13:43:58",42.50428,-71.24456,0.74,12.00,21.67,0.00
"Jun 26 2009 13:43:59",42.50428,-71.24456,0.90,8.00,23.06,0.00
"Jun 26 2009 13:44:00",42.50428,-71.24456,0.90,11.00,21.67,0.00
"Jun 26 2009 13:44:01",42.50428,-71.24456,0.78,3.00,21.67,0.00
"Jun 26 2009 13:44:02",42.50428,-71.24456,0.62,2.00,21.67,0.00
"Jun 26 2009 13:44:03",42.50428,-71.24456,0.54,2.00,21.67,0.00
"Jun 26 2009 13:44:04",42.50428,-71.24456,0.78,4.00,23.06,0.00
"Jun 26 2009 13:44:05",42.50428,-71.24456,0.86,3.00,21.67,0.00
"Jun 26 2009 13:44:06",42.50428,-71.24456,0.78,3.00,23.06,0.00
"Jun 26 2009 13:44:08",42.50428,-71.24456,0.82,1.00,21.67,0.00
"Jun 26 2009 13:44:09",42.50428,-71.24456,0.90,2.00,21.67,0.00
"Jun 26 2009 13:44:10",42.50428,-71.24456,0.82,12.00,23.06,0.00
"Jun 26 2009 13:44:11",42.50428,-71.24456,0.78,12.00,21.67,7.00
"Jun 26 2009 13:44:12",42.50428,-71.24456,0.78,12.00,21.67,0.00
"Jun 26 2009 13:44:13",42.50428,-71.24456,0.78,12.00,21.67,0.00
"Jun 26 2009 13:44:14",42.50428,-71.24456,0.78,11.00,21.67,0.00
"Jun 26 2009 13:44:15",42.50428,-71.24456,0.78,13.00,21.67,0.00
"Jun 26 2009 13:44:16",42.50428,-71.24456,0.78,13.00,21.67,0.00
"Jun 26 2009 13:44:17",42.50428,-71.24456,0.78,12.00,21.67,0.00
"Jun 26 2009 13:44:18",42.50428,-71.24456,0.78,13.00,21.67,0.00
"Jun 26 2009 13:44:19",42.50428,-71.24456,0.78,13.00,21.67,0.00
"Jun 26 2009 13:44:21",42.50428,-71.24456,0.78,12.00,21.67,0.00
"Jun 26 2009 13:44:22",42.50428,-71.24456,0.78,12.00,23.06,0.00
"Jun 26 2009 13:44:23",42.50428,-71.24456,0.78,13.00,21.67,0.00
"Jun 26 2009 13:44:24",42.50428,-71.24456,0.78,13.00,21.67,0.00
"Jun 26 2009 13:44:25",42.50428,-71.24456,0.78,13.00,21.67,0.00
"Jun 26 2009 13:44:26",42.50428,-71.24456,0.82,14.00,23.06,0.00
"Jun 26 2009 13:44:27",42.50428,-71.24456,0.78,14.00,21.67,9.00
"Jun 26 2009 13:44:28",42.50428,-71.24456,0.78,14.00,21.67,0.00
"Jun 26 2009 13:44:29",42.50428,-71.24456,0.78,13.00,21.67,0.00
"Jun 26 2009 13:44:30",42.50428,-71.24456,0.78,13.00,21.67,0.00
"Jun 26 2009 13:44:31",42.50428,-71.24456,0.78,13.00,21.67,0.00
"Jun 26 2009 13:44:32",42.50428,-71.24456,0.82,14.00,23.06,0.00
"Jun 26 2009 13:44:33",42.50428,-71.24456,0.78,13.00,21.67,0.00
"Jun 26 2009 13:44:35",42.50428,-71.24456,0.78,14.00,23.06,8.00
"Jun 26 2009 13:44:36",42.50428,-71.24456,0.78,14.00,21.67,0.00
"Jun 26 2009 13:44:37",42.50428,-71.24456,0.78,14.00,21.67,0.00
"Jun 26 2009 13:44:38",42.50428,-71.24456,0.78,14.00,21.67,0.00
"Jun 26 2009 13:44:39",42.50428,-71.24456,0.78,14.00,21.67,0.00
"Jun 26 2009 13:44:40",42.50428,-71.24456,0.78,14.00,21.67,0.00
"Jun 26 2009 13:44:41",42.50428,-71.24456,0.78,14.00,21.67,0.00
"Jun 26 2009 13:44:42",42.50428,-71.24456,0.78,14.00,21.67,0.00
"Jun 26 2009 13:44:43",42.50428,-71.24456,0.82,14.00,21.67,0.00
"Jun 26 2009 13:44:44",42.50428,-71.24456,0.78,14.00,21.67,0.00
"Jun 26 2009 13:44:45",42.50428,-71.24456,0.78,14.00,21.67,0.00
"Jun 26 2009 13:44:46",42.50428,-71.24456,0.78,14.00,21.67,0.00
"Jun 26 2009 13:44:48",42.50428,-71.24456,0.78,14.00,21.67,0.00
"Jun 26 2009 13:44:49",42.50428,-71.24456,0.78,14.00,21.67,0.00
"Jun 26 2009 13:44:50",42.50428,-71.24456,0.78,14.00,21.67,32.00
"Jun 26 2009 13:44:51",42.50428,-71.24456,0.78,14.00,21.67,0.00
"Jun 26 2009 13:44:52",42.50428,-71.24456,0.78,14.00,21.67,0.00
"Jun 26 2009 13:44:53",42.50428,-71.24456,0.78,14.00,21.67,0.00
"Jun 26 2009 13:44:54",42.50428,-71.24456,0.78,14.00,21.67,0.00
"Jun 26 2009 13:44:55",42.50428,-71.24456,0.78,14.00,21.67,6.00
"Jun 26 2009 13:44:56",42.50428,-71.24456,0.78,13.00,21.67,0.00
"Jun 26 2009 13:44:57",42.50428,-71.24456,0.70,11.00,21.67,0.00
"Jun 26 2009 13:44:58",42.50428,-71.24456,0.78,12.00,21.67,0.00
