time,lat,long,accel,light,temp,sound
"Jul 22 2009 10:44:35",42.76963,-71.10215,6.18,75.00,24.44,0.00
"Jul 22 2009 10:44:36",42.76961,-71.102165,6.10,75.00,24.44,0.00
"Jul 22 2009 10:44:37",42.76962,-71.10219,5.83,75.00,24.44,0.00
"Jul 22 2009 10:44:38",42.76963,-71.10216,5.87,75.00,24.44,0.00
"Jul 22 2009 10:44:39",42.769646,-71.10217,6.18,75.00,24.44,0.00
"Jul 22 2009 10:44:40",42.769646,-71.10218,6.22,75.00,24.44,0.00
"Jul 22 2009 10:44:41",42.769646,-71.10218,5.91,75.00,24.44,0.00
"Jul 22 2009 10:44:42",42.769653,-71.10218,6.06,75.00,24.44,56.00
"Jul 22 2009 10:44:43",42.76966,-71.10217,6.10,75.00,24.44,0.00
"Jul 22 2009 10:44:44",42.76966,-71.10217,5.98,75.00,24.44,0.00
"Jul 22 2009 10:44:45",42.76966,-71.10217,6.14,75.00,24.44,0.00
"Jul 22 2009 10:44:46",42.769646,-71.10218,6.22,75.00,24.44,0.00
"Jul 22 2009 10:44:47",42.769646,-71.102196,5.91,75.00,24.44,0.00
"Jul 22 2009 10:44:48",42.769646,-71.1022,5.75,75.00,24.44,0.00
"Jul 22 2009 10:44:49",42.769653,-71.10221,5.79,75.00,24.44,37.00
"Jul 22 2009 10:44:51",42.769646,-71.10223,5.79,75.00,24.44,0.00
"Jul 22 2009 10:44:52",42.769646,-71.10224,5.91,75.00,24.44,0.00
"Jul 22 2009 10:44:53",42.769638,-71.10226,6.18,74.00,24.44,0.00
"Jul 22 2009 10:44:54",42.76963,-71.102264,5.79,74.00,24.44,24.00
"Jul 22 2009 10:44:55",42.76963,-71.102264,6.14,75.00,24.44,0.00
"Jul 22 2009 10:44:56",42.76963,-71.10227,5.98,74.00,24.44,0.00
"Jul 22 2009 10:44:57",42.76963,-71.10227,6.14,74.00,24.44,0.00
"Jul 22 2009 10:44:58",42.76963,-71.10228,6.10,74.00,24.44,0.00
"Jul 22 2009 10:44:59",42.769638,-71.10228,6.14,75.00,24.44,0.00
"Jul 22 2009 10:45:00",42.769638,-71.10229,5.83,75.00,24.44,7.00
"Jul 22 2009 10:45:01",42.76963,-71.102295,6.22,75.00,24.44,0.00
"Jul 22 2009 10:45:02",42.76963,-71.1023,5.95,75.00,24.44,0.00
"Jul 22 2009 10:45:03",42.76963,-71.10232,6.02,75.00,24.44,0.00
"Jul 22 2009 10:45:04",42.76962,-71.10233,6.38,75.00,24.44,0.00
"Jul 22 2009 10:45:05",42.76961,-71.10234,6.02,75.00,24.44,0.00
"Jul 22 2009 10:45:06",42.769604,-71.10236,5.83,75.00,24.44,0.00
"Jul 22 2009 10:45:07",42.769604,-71.10237,6.34,75.00,24.44,0.00
"Jul 22 2009 10:45:08",42.769596,-71.10238,6.14,75.00,24.44,0.00
"Jul 22 2009 10:45:09",42.769596,-71.102394,5.87,75.00,24.44,0.00
"Jul 22 2009 10:45:10",42.76959,-71.1024,5.71,75.00,24.44,0.00
"Jul 22 2009 10:45:11",42.76958,-71.10241,5.91,75.00,24.44,0.00
"Jul 22 2009 10:45:13",42.769566,-71.10243,5.75,75.00,24.44,0.00
"Jul 22 2009 10:45:14",42.769566,-71.10244,6.18,75.00,24.44,0.00
"Jul 22 2009 10:45:15",42.769554,-71.10245,6.26,75.00,24.44,0.00
"Jul 22 2009 10:45:16",42.769547,-71.102455,6.10,75.00,24.44,0.00
"Jul 22 2009 10:45:17",42.769554,-71.10245,5.47,75.00,24.44,0.00
"Jul 22 2009 10:45:18",42.769554,-71.10245,5.47,75.00,24.44,0.00
"Jul 22 2009 10:45:19",42.769547,-71.102455,6.06,75.00,24.44,0.00
"Jul 22 2009 10:45:20",42.76954,-71.10247,6.22,75.00,24.44,0.00
"Jul 22 2009 10:45:21",42.76954,-71.10249,5.95,75.00,24.44,0.00
"Jul 22 2009 10:45:22",42.76953,-71.1025,5.87,75.00,24.44,0.00
"Jul 22 2009 10:45:23",42.769524,-71.10251,6.26,75.00,24.44,0.00
"Jul 22 2009 10:45:24",42.769516,-71.102516,6.06,75.00,24.44,0.00
"Jul 22 2009 10:45:25",42.769516,-71.102516,5.87,75.00,24.44,0.00
"Jul 22 2009 10:45:26",42.76951,-71.102516,6.38,75.00,24.44,22.00
"Jul 22 2009 10:45:27",42.769497,-71.10253,5.95,75.00,24.44,0.00
"Jul 22 2009 10:45:28",42.76949,-71.10253,6.14,75.00,24.44,0.00
"Jul 22 2009 10:45:29",42.76949,-71.10253,6.06,75.00,24.44,0.00
"Jul 22 2009 10:45:30",42.76948,-71.10254,5.91,75.00,24.44,0.00
"Jul 22 2009 10:45:31",42.76948,-71.10254,6.14,75.00,24.44,0.00
"Jul 22 2009 10:45:32",42.76948,-71.10254,6.10,74.00,24.44,0.00
"Jul 22 2009 10:45:33",42.769474,-71.10254,5.95,74.00,24.44,0.00
"Jul 22 2009 10:45:35",42.76946,-71.10256,6.26,74.00,24.44,0.00
"Jul 22 2009 10:45:36",42.76945,-71.10257,5.91,74.00,24.44,0.00
"Jul 22 2009 10:45:37",42.76945,-71.102585,5.95,74.00,24.44,0.00
"Jul 22 2009 10:45:38",42.769444,-71.10259,6.42,75.00,24.44,0.00
"Jul 22 2009 10:45:39",42.769444,-71.10261,6.02,75.00,24.44,0.00
"Jul 22 2009 10:45:40",42.769444,-71.10262,6.06,75.00,24.44,5.00
"Jul 22 2009 10:45:41",42.769444,-71.10262,6.02,75.00,24.44,0.00
"Jul 22 2009 10:45:42",42.76945,-71.10263,6.02,74.00,24.44,0.00
"Jul 22 2009 10:45:43",42.76945,-71.10264,5.55,74.00,24.44,0.00
"Jul 22 2009 10:45:44",42.76945,-71.102646,6.14,74.00,24.44,0.00
"Jul 22 2009 10:45:45",42.76945,-71.10266,6.22,75.00,24.44,0.00
"Jul 22 2009 10:45:46",42.769444,-71.10267,5.75,75.00,24.44,0.00
"Jul 22 2009 10:45:47",42.769424,-71.10267,5.75,75.00,24.44,0.00
"Jul 22 2009 10:45:48",42.769417,-71.102684,5.59,75.00,24.44,0.00
"Jul 22 2009 10:45:49",42.769417,-71.10269,5.91,75.00,24.44,0.00
"Jul 22 2009 10:45:50",42.7694,-71.10271,5.43,75.00,24.44,0.00
"Jul 22 2009 10:45:51",42.769394,-71.102715,5.98,75.00,24.44,0.00
"Jul 22 2009 10:45:52",42.769386,-71.10273,6.34,75.00,24.44,0.00
"Jul 22 2009 10:45:53",42.769375,-71.10274,6.06,75.00,24.44,0.00
"Jul 22 2009 10:45:54",42.769367,-71.10274,6.10,75.00,24.44,27.00
"Jul 22 2009 10:45:56",42.769367,-71.10275,6.02,75.00,24.44,0.00
"Jul 22 2009 10:45:57",42.769367,-71.10275,6.02,74.00,24.44,0.00
"Jul 22 2009 10:45:58",42.76936,-71.10275,5.98,75.00,24.44,0.00
"Jul 22 2009 10:45:59",42.769352,-71.10276,5.98,75.00,24.44,0.00
"Jul 22 2009 10:46:00",42.769352,-71.10276,5.98,75.00,24.44,0.00
"Jul 22 2009 10:46:01",42.76936,-71.10276,5.98,75.00,24.44,0.00
"Jul 22 2009 10:46:02",42.76936,-71.10275,5.98,75.00,24.44,0.00
"Jul 22 2009 10:46:03",42.76936,-71.10276,5.98,75.00,24.44,29.00
"Jul 22 2009 10:46:04",42.76936,-71.10275,5.98,75.00,24.44,0.00
"Jul 22 2009 10:46:05",42.76936,-71.10275,5.98,75.00,24.44,0.00
"Jul 22 2009 10:46:06",42.76936,-71.102745,6.02,74.00,24.44,0.00
"Jul 22 2009 10:46:07",42.769367,-71.10275,6.02,74.00,24.44,0.00
"Jul 22 2009 10:46:08",42.769375,-71.10275,6.02,75.00,24.44,0.00
"Jul 22 2009 10:46:09",42.769375,-71.102745,5.98,74.00,24.44,0.00
"Jul 22 2009 10:46:10",42.769394,-71.10274,5.98,74.00,24.44,4.00
"Jul 22 2009 10:46:11",42.769394,-71.10274,5.98,74.00,24.44,0.00
"Jul 22 2009 10:46:12",42.769394,-71.10273,5.98,74.00,24.44,0.00
"Jul 22 2009 10:46:13",42.769394,-71.10273,6.06,74.00,24.44,0.00
"Jul 22 2009 10:46:14",42.769386,-71.10273,5.98,74.00,24.44,0.00
"Jul 22 2009 10:46:14",42.769386,-71.10273,5.98,74.00,24.44,0.00
"Jul 22 2009 10:46:16",42.769394,-71.10274,6.02,75.00,24.44,0.00
"Jul 22 2009 10:46:18",42.769375,-71.10275,5.98,75.00,24.44,37.00
"Jul 22 2009 10:46:19",42.769367,-71.102745,6.02,75.00,24.44,0.00
"Jul 22 2009 10:46:20",42.769375,-71.10275,6.02,75.00,24.44,0.00
"Jul 22 2009 10:46:21",42.769367,-71.10275,5.98,74.00,24.44,0.00
"Jul 22 2009 10:46:22",42.769375,-71.102745,5.83,74.00,24.44,0.00
"Jul 22 2009 10:46:23",42.769386,-71.10274,6.42,74.00,24.44,0.00
"Jul 22 2009 10:46:24",42.769386,-71.102745,6.22,74.00,24.44,9.00
"Jul 22 2009 10:46:25",42.769386,-71.102745,6.22,74.00,24.44,0.00
"Jul 22 2009 10:46:26",42.769394,-71.10275,6.10,74.00,24.44,0.00
"Jul 22 2009 10:46:27",42.769386,-71.10275,5.98,74.00,24.44,0.00
"Jul 22 2009 10:46:28",42.769394,-71.10275,6.14,75.00,25.83,0.00
"Jul 22 2009 10:46:29",42.769394,-71.10275,6.02,75.00,24.44,0.00
"Jul 22 2009 10:46:30",42.7694,-71.10275,5.95,74.00,24.44,0.00
"Jul 22 2009 10:46:31",42.769394,-71.10275,6.02,74.00,24.44,0.00
"Jul 22 2009 10:46:32",42.769394,-71.10276,6.02,74.00,24.44,0.00
"Jul 22 2009 10:46:33",42.769394,-71.10276,6.02,74.00,24.44,0.00
"Jul 22 2009 10:46:34",42.769394,-71.10276,5.98,75.00,25.83,0.00
"Jul 22 2009 10:46:35",42.769394,-71.10276,5.98,74.00,24.44,0.00
"Jul 22 2009 10:46:36",42.769394,-71.10276,6.02,74.00,24.44,0.00
"Jul 22 2009 10:46:36",42.769394,-71.10276,5.98,75.00,24.44,0.00
"Jul 22 2009 10:46:38",42.769394,-71.10275,6.02,74.00,25.83,0.00
"Jul 22 2009 10:46:40",42.7694,-71.10276,6.02,74.00,24.44,0.00
"Jul 22 2009 10:46:41",42.7694,-71.10276,6.02,74.00,25.83,0.00
"Jul 22 2009 10:46:42",42.76941,-71.10275,5.98,75.00,24.44,11.00
"Jul 22 2009 10:46:43",42.76941,-71.10276,5.98,75.00,25.83,14.00
"Jul 22 2009 10:46:44",42.7694,-71.10276,5.98,75.00,24.44,0.00
"Jul 22 2009 10:46:45",42.7694,-71.10275,6.02,75.00,25.83,0.00
"Jul 22 2009 10:46:46",42.7694,-71.10276,6.02,75.00,25.83,23.00
"Jul 22 2009 10:46:47",42.769394,-71.10276,5.98,75.00,24.44,24.00
"Jul 22 2009 10:46:48",42.769394,-71.10276,6.02,75.00,24.44,0.00
"Jul 22 2009 10:46:49",42.769394,-71.10276,5.98,75.00,25.83,0.00
"Jul 22 2009 10:46:50",42.769394,-71.10276,6.02,76.00,25.83,2.00
"Jul 22 2009 10:46:51",42.769386,-71.10276,6.02,75.00,25.83,0.00
"Jul 22 2009 10:46:52",42.769386,-71.10276,6.02,75.00,24.44,87.00
"Jul 22 2009 10:46:53",42.769386,-71.10276,6.02,75.00,24.44,0.00
"Jul 22 2009 10:46:54",42.769386,-71.10275,6.02,76.00,25.83,0.00
"Jul 22 2009 10:46:55",42.769386,-71.10275,6.02,76.00,25.83,0.00
"Jul 22 2009 10:46:56",42.769386,-71.10275,5.98,75.00,25.83,0.00
"Jul 22 2009 10:46:57",42.769386,-71.10275,6.02,75.00,24.44,0.00
"Jul 22 2009 10:46:58",42.769386,-71.10275,5.98,75.00,24.44,0.00
"Jul 22 2009 10:46:58",42.769386,-71.10275,6.02,76.00,24.44,0.00
"Jul 22 2009 10:47:00",42.769386,-71.10275,6.02,75.00,25.83,0.00
"Jul 22 2009 10:47:02",42.769375,-71.10275,6.02,76.00,25.83,0.00
"Jul 22 2009 10:47:03",42.769367,-71.10275,5.98,75.00,25.83,14.00
"Jul 22 2009 10:47:04",42.769367,-71.10275,6.02,75.00,25.83,25.00
"Jul 22 2009 10:47:05",42.769367,-71.102745,5.98,75.00,25.83,0.00
"Jul 22 2009 10:47:06",42.769367,-71.102745,6.02,75.00,25.83,0.00
"Jul 22 2009 10:47:07",42.769367,-71.102745,6.02,75.00,25.83,0.00
"Jul 22 2009 10:47:08",42.769367,-71.102745,5.98,75.00,25.83,0.00
"Jul 22 2009 10:47:09",42.769367,-71.102745,6.02,75.00,25.83,0.00
"Jul 22 2009 10:47:10",42.769367,-71.10275,6.02,75.00,25.83,0.00
"Jul 22 2009 10:47:11",42.769367,-71.10275,6.02,75.00,25.83,0.00
"Jul 22 2009 10:47:12",42.769367,-71.10275,5.98,75.00,24.44,0.00
"Jul 22 2009 10:47:13",42.769367,-71.10275,6.02,75.00,25.83,0.00
"Jul 22 2009 10:47:14",42.769367,-71.10275,6.02,74.00,25.83,0.00
"Jul 22 2009 10:47:15",42.769367,-71.102745,6.02,75.00,25.83,2.00
"Jul 22 2009 10:47:16",42.769367,-71.102745,6.02,75.00,25.83,0.00
"Jul 22 2009 10:47:17",42.769367,-71.10275,6.02,75.00,25.83,0.00
"Jul 22 2009 10:47:18",42.769375,-71.10275,5.98,75.00,25.83,0.00
"Jul 22 2009 10:47:19",42.769375,-71.10275,6.06,74.00,25.83,100.00
"Jul 22 2009 10:47:20",42.769386,-71.10275,5.83,75.00,25.83,0.00
"Jul 22 2009 10:47:21",42.769386,-71.10275,5.98,75.00,24.44,0.00
"Jul 22 2009 10:47:22",42.769386,-71.10275,6.14,75.00,25.83,0.00
"Jul 22 2009 10:47:24",42.769394,-71.10276,5.91,75.00,24.44,0.00
"Jul 22 2009 10:47:25",42.769394,-71.10276,5.71,74.00,24.44,11.00
"Jul 22 2009 10:47:26",42.7694,-71.10276,6.18,74.00,24.44,0.00
"Jul 22 2009 10:47:27",42.769417,-71.10276,5.91,74.00,24.44,0.00
"Jul 22 2009 10:47:28",42.769432,-71.10276,5.83,74.00,24.44,0.00
"Jul 22 2009 10:47:29",42.769444,-71.10275,5.98,74.00,24.44,7.00
"Jul 22 2009 10:47:30",42.76945,-71.10275,6.42,74.00,24.44,0.00
"Jul 22 2009 10:47:31",42.76946,-71.102745,5.83,74.00,24.44,0.00
"Jul 22 2009 10:47:32",42.769466,-71.10274,5.95,74.00,24.44,0.00
"Jul 22 2009 10:47:33",42.76948,-71.10273,6.10,74.00,24.44,4.00
"Jul 22 2009 10:47:34",42.769497,-71.102715,6.10,74.00,24.44,0.00
"Jul 22 2009 10:47:35",42.769524,-71.10271,5.71,74.00,25.83,2.00
"Jul 22 2009 10:47:36",42.76953,-71.1027,5.95,75.00,24.44,5.00
"Jul 22 2009 10:47:37",42.76953,-71.1027,6.30,74.00,24.44,50.00
"Jul 22 2009 10:47:38",42.76954,-71.1027,5.87,75.00,24.44,0.00
"Jul 22 2009 10:47:39",42.76954,-71.1027,6.06,74.00,25.83,0.00
"Jul 22 2009 10:47:40",42.769554,-71.1027,6.10,75.00,24.44,0.00
"Jul 22 2009 10:47:41",42.769566,-71.1027,6.10,74.00,25.83,0.00
"Jul 22 2009 10:47:42",42.769573,-71.1027,5.63,74.00,24.44,0.00
"Jul 22 2009 10:47:43",42.76959,-71.10271,6.26,74.00,25.83,0.00
"Jul 22 2009 10:47:45",42.769604,-71.102715,5.71,74.00,24.44,0.00
"Jul 22 2009 10:47:46",42.769604,-71.102715,6.18,74.00,24.44,0.00
"Jul 22 2009 10:47:47",42.76962,-71.102715,5.98,74.00,24.44,0.00
"Jul 22 2009 10:47:48",42.76963,-71.102715,5.79,74.00,24.44,0.00
"Jul 22 2009 10:47:49",42.76963,-71.102715,6.30,74.00,24.44,0.00
"Jul 22 2009 10:47:50",42.769646,-71.102715,6.46,74.00,24.44,0.00
"Jul 22 2009 10:47:51",42.769653,-71.102715,6.10,72.00,24.44,0.00
"Jul 22 2009 10:47:52",42.76966,-71.102715,5.91,73.00,24.44,0.00
"Jul 22 2009 10:47:53",42.76967,-71.10273,6.10,74.00,24.44,6.00
"Jul 22 2009 10:47:54",42.76967,-71.10273,6.14,73.00,24.44,20.00
"Jul 22 2009 10:47:55",42.76966,-71.10274,6.06,73.00,24.44,0.00
"Jul 22 2009 10:47:56",42.769646,-71.10275,5.87,73.00,24.44,13.00
"Jul 22 2009 10:47:57",42.769638,-71.10276,6.30,73.00,24.44,0.00
"Jul 22 2009 10:47:58",42.76963,-71.102776,6.02,74.00,24.44,0.00
"Jul 22 2009 10:47:59",42.76962,-71.102776,5.83,74.00,24.44,0.00
"Jul 22 2009 10:48:00",42.76961,-71.1028,5.95,74.00,24.44,63.00
"Jul 22 2009 10:48:01",42.769604,-71.102806,6.22,72.00,24.44,0.00
"Jul 22 2009 10:48:02",42.769604,-71.10282,5.98,72.00,24.44,0.00
"Jul 22 2009 10:48:03",42.769604,-71.10284,6.06,72.00,24.44,0.00
"Jul 22 2009 10:48:04",42.769604,-71.10284,6.10,72.00,24.44,0.00
"Jul 22 2009 10:48:05",42.76961,-71.10285,6.26,74.00,24.44,0.00
"Jul 22 2009 10:48:07",42.769638,-71.10286,5.95,73.00,24.44,0.00
"Jul 22 2009 10:48:08",42.769638,-71.102875,5.98,70.00,24.44,50.00
"Jul 22 2009 10:48:09",42.769646,-71.10287,6.02,73.00,24.44,0.00
"Jul 22 2009 10:48:10",42.769638,-71.10285,5.95,73.00,24.44,0.00
"Jul 22 2009 10:48:11",42.76963,-71.10285,5.98,72.00,24.44,68.00
"Jul 22 2009 10:48:12",42.769638,-71.10287,5.98,74.00,24.44,0.00
"Jul 22 2009 10:48:13",42.769646,-71.10287,5.95,73.00,24.44,0.00
"Jul 22 2009 10:48:14",42.769653,-71.10287,5.79,73.00,24.44,0.00
"Jul 22 2009 10:48:15",42.769646,-71.102875,6.02,74.00,24.44,0.00
"Jul 22 2009 10:48:16",42.769638,-71.10289,5.98,74.00,24.44,0.00
"Jul 22 2009 10:48:17",42.76963,-71.10289,6.06,74.00,24.44,18.00
"Jul 22 2009 10:48:18",42.76962,-71.10289,5.83,74.00,24.44,0.00
"Jul 22 2009 10:48:19",42.76962,-71.1029,6.02,74.00,24.44,0.00
"Jul 22 2009 10:48:20",42.76961,-71.1029,5.98,74.00,24.44,0.00
"Jul 22 2009 10:48:21",42.769604,-71.1029,6.18,73.00,24.44,0.00
"Jul 22 2009 10:48:22",42.769596,-71.1029,6.22,72.00,24.44,0.00
"Jul 22 2009 10:48:23",42.76959,-71.1029,5.98,74.00,24.44,0.00
"Jul 22 2009 10:48:24",42.76959,-71.1029,6.06,74.00,24.44,0.00
"Jul 22 2009 10:48:25",42.76959,-71.1029,6.02,74.00,24.44,0.00
"Jul 22 2009 10:48:26",42.76959,-71.102905,5.83,75.00,24.44,17.00
"Jul 22 2009 10:48:27",42.76959,-71.102905,5.98,75.00,24.44,10.00
"Jul 22 2009 10:48:29",42.769596,-71.10291,6.14,75.00,24.44,0.00
"Jul 22 2009 10:48:30",42.769596,-71.10291,6.34,75.00,24.44,0.00
"Jul 22 2009 10:48:31",42.769596,-71.10291,6.30,75.00,24.44,0.00
"Jul 22 2009 10:48:32",42.76959,-71.102905,6.14,74.00,24.44,0.00
"Jul 22 2009 10:48:33",42.76959,-71.10291,6.06,75.00,24.44,4.00
"Jul 22 2009 10:48:34",42.769573,-71.10292,6.10,74.00,24.44,0.00
"Jul 22 2009 10:48:35",42.76958,-71.102936,5.47,75.00,24.44,100.00
"Jul 22 2009 10:48:36",42.76958,-71.10293,5.95,75.00,24.44,0.00
"Jul 22 2009 10:48:37",42.769573,-71.102905,5.98,75.00,24.44,10.00
"Jul 22 2009 10:48:38",42.769573,-71.1029,6.02,75.00,24.44,0.00
"Jul 22 2009 10:48:39",42.769596,-71.1029,5.87,75.00,24.44,0.00
"Jul 22 2009 10:48:40",42.76961,-71.1029,6.14,74.00,24.44,0.00
"Jul 22 2009 10:48:41",42.76963,-71.10289,6.10,74.00,24.44,0.00
"Jul 22 2009 10:48:42",42.76963,-71.10289,5.98,74.00,24.44,0.00
"Jul 22 2009 10:48:43",42.769604,-71.1029,5.83,73.00,24.44,27.00
"Jul 22 2009 10:48:44",42.769596,-71.102905,6.06,74.00,24.44,20.00
"Jul 22 2009 10:48:45",42.76959,-71.102905,6.66,75.00,24.44,0.00
"Jul 22 2009 10:48:46",42.76959,-71.1029,6.18,75.00,24.44,0.00
"Jul 22 2009 10:48:47",42.76959,-71.10289,5.91,75.00,24.44,0.00
"Jul 22 2009 10:48:48",42.76959,-71.102875,5.98,74.00,25.83,0.00
"Jul 22 2009 10:48:50",42.76959,-71.10285,6.14,74.00,24.44,0.00
"Jul 22 2009 10:48:51",42.76959,-71.10283,5.79,74.00,24.44,0.00
"Jul 22 2009 10:48:52",42.769596,-71.10283,6.26,74.00,24.44,0.00
"Jul 22 2009 10:48:53",42.769596,-71.10282,6.02,74.00,24.44,0.00
"Jul 22 2009 10:48:54",42.769596,-71.102806,5.71,74.00,24.44,0.00
"Jul 22 2009 10:48:55",42.76959,-71.10279,6.02,74.00,24.44,0.00
"Jul 22 2009 10:48:56",42.769596,-71.10278,6.14,74.00,24.44,0.00
"Jul 22 2009 10:48:57",42.769604,-71.10276,6.06,74.00,24.44,0.00
"Jul 22 2009 10:48:58",42.76961,-71.102745,6.18,74.00,24.44,0.00
"Jul 22 2009 10:48:59",42.76963,-71.102745,6.10,75.00,24.44,0.00
"Jul 22 2009 10:49:00",42.769638,-71.102745,5.98,74.00,24.44,0.00
"Jul 22 2009 10:49:01",42.769646,-71.10274,6.06,73.00,24.44,32.00
"Jul 22 2009 10:49:02",42.769653,-71.10275,6.10,71.00,24.44,0.00
"Jul 22 2009 10:49:03",42.76966,-71.10275,6.06,73.00,24.44,0.00
"Jul 22 2009 10:49:04",42.769653,-71.10277,6.02,72.00,24.44,0.00
"Jul 22 2009 10:49:05",42.769646,-71.10278,5.87,73.00,24.44,0.00
"Jul 22 2009 10:49:06",42.769653,-71.10278,5.95,73.00,24.44,26.00
"Jul 22 2009 10:49:07",42.769653,-71.1028,6.26,73.00,24.44,0.00
"Jul 22 2009 10:49:08",42.76966,-71.102806,5.98,73.00,24.44,0.00
"Jul 22 2009 10:49:08",42.76966,-71.102806,6.10,73.00,24.44,0.00
"Jul 22 2009 10:49:10",42.769676,-71.10282,6.26,72.00,24.44,0.00
"Jul 22 2009 10:49:12",42.769688,-71.10283,5.95,72.00,24.44,0.00
"Jul 22 2009 10:49:13",42.769676,-71.10284,5.91,73.00,24.44,0.00
"Jul 22 2009 10:49:14",42.76967,-71.10284,6.10,72.00,24.44,0.00
"Jul 22 2009 10:49:15",42.769676,-71.10284,6.18,72.00,24.44,0.00
"Jul 22 2009 10:49:16",42.76967,-71.10284,5.91,72.00,24.44,0.00
"Jul 22 2009 10:49:17",42.76967,-71.10282,5.95,73.00,24.44,0.00
"Jul 22 2009 10:49:18",42.769646,-71.102806,6.22,73.00,24.44,0.00
"Jul 22 2009 10:49:19",42.769646,-71.1028,5.95,73.00,24.44,0.00
"Jul 22 2009 10:49:20",42.769653,-71.1028,5.83,74.00,24.44,0.00
"Jul 22 2009 10:49:21",42.769653,-71.1028,6.14,74.00,24.44,0.00
"Jul 22 2009 10:49:22",42.769646,-71.10279,6.14,73.00,24.44,100.00
"Jul 22 2009 10:49:23",42.76963,-71.102776,6.02,74.00,24.44,100.00
"Jul 22 2009 10:49:24",42.76963,-71.10277,6.30,75.00,24.44,0.00
"Jul 22 2009 10:49:25",42.76962,-71.10275,5.98,74.00,24.44,45.00
"Jul 22 2009 10:49:26",42.76962,-71.10275,5.95,74.00,24.44,0.00
"Jul 22 2009 10:49:27",42.76963,-71.10273,5.98,74.00,24.44,0.00
"Jul 22 2009 10:49:28",42.76963,-71.102715,6.02,73.00,24.44,0.00
"Jul 22 2009 10:49:29",42.769638,-71.1027,5.98,73.00,24.44,0.00
"Jul 22 2009 10:49:30",42.769638,-71.10268,6.02,73.00,24.44,0.00
"Jul 22 2009 10:49:31",42.769653,-71.102684,6.22,74.00,24.44,0.00
"Jul 22 2009 10:49:32",42.76967,-71.102684,5.98,74.00,24.44,0.00
"Jul 22 2009 10:49:34",42.76967,-71.10268,5.91,74.00,24.44,0.00
"Jul 22 2009 10:49:35",42.76967,-71.10269,6.02,73.00,24.44,0.00
"Jul 22 2009 10:49:36",42.769688,-71.102715,6.30,72.00,24.44,15.00
"Jul 22 2009 10:49:37",42.769703,-71.10275,6.14,73.00,24.44,0.00
"Jul 22 2009 10:49:38",42.769695,-71.102776,5.91,73.00,24.44,0.00
"Jul 22 2009 10:49:39",42.769688,-71.10278,6.26,74.00,24.44,34.00
"Jul 22 2009 10:49:40",42.769688,-71.1028,6.10,72.00,24.44,0.00
"Jul 22 2009 10:49:41",42.769676,-71.102806,7.18,72.00,24.44,0.00
"Jul 22 2009 10:49:42",42.76967,-71.102806,6.58,72.00,24.44,0.00
"Jul 22 2009 10:49:43",42.769676,-71.10281,6.42,72.00,24.44,0.00
"Jul 22 2009 10:49:44",42.769676,-71.10281,6.26,71.00,24.44,71.00
"Jul 22 2009 10:49:45",42.769676,-71.10281,7.10,71.00,24.44,0.00
"Jul 22 2009 10:49:46",42.76967,-71.10286,6.50,69.00,24.44,0.00
"Jul 22 2009 10:49:47",42.76967,-71.1029,6.66,67.00,24.44,0.00
"Jul 22 2009 10:49:48",42.76967,-71.10289,6.90,57.00,24.44,0.00
"Jul 22 2009 10:49:49",42.76967,-71.1029,6.02,66.00,24.44,38.00
"Jul 22 2009 10:49:50",42.76966,-71.1029,6.86,71.00,24.44,5.00
"Jul 22 2009 10:49:51",42.769646,-71.102905,6.42,70.00,24.44,0.00
"Jul 22 2009 10:49:52",42.76966,-71.10289,6.66,62.00,24.44,0.00
"Jul 22 2009 10:49:52",42.76966,-71.10289,6.34,67.00,24.44,0.00
"Jul 22 2009 10:49:54",42.76967,-71.102875,6.94,48.00,24.44,0.00
"Jul 22 2009 10:49:56",42.769653,-71.10285,6.82,49.00,24.44,0.00
"Jul 22 2009 10:49:57",42.769638,-71.10284,6.62,58.00,24.44,0.00
"Jul 22 2009 10:49:58",42.76963,-71.10284,6.54,71.00,24.44,0.00
"Jul 22 2009 10:49:59",42.769604,-71.10284,6.38,67.00,24.44,0.00
"Jul 22 2009 10:50:00",42.76961,-71.10282,9.54,73.00,24.44,0.00
"Jul 22 2009 10:50:01",42.76961,-71.1028,9.58,73.00,24.44,0.00
"Jul 22 2009 10:50:02",42.769604,-71.10279,7.30,74.00,24.44,0.00
"Jul 22 2009 10:50:03",42.76961,-71.10279,7.98,72.00,24.44,0.00
"Jul 22 2009 10:50:04",42.76961,-71.10278,8.78,73.00,24.44,0.00
"Jul 22 2009 10:50:05",42.76961,-71.10278,7.98,73.00,24.44,0.00
"Jul 22 2009 10:50:06",42.76963,-71.102776,8.74,72.00,24.44,0.00
"Jul 22 2009 10:50:07",42.76963,-71.102776,8.18,73.00,24.44,0.00
"Jul 22 2009 10:50:08",42.769638,-71.102776,8.46,73.00,24.44,0.00
"Jul 22 2009 10:50:09",42.769653,-71.10277,7.10,73.00,24.44,0.00
"Jul 22 2009 10:50:10",42.769653,-71.10276,7.22,74.00,24.44,0.00
"Jul 22 2009 10:50:11",42.76966,-71.102745,6.98,73.00,24.44,0.00
"Jul 22 2009 10:50:12",42.76966,-71.10274,6.58,74.00,24.44,0.00
"Jul 22 2009 10:50:13",42.76966,-71.10273,6.70,74.00,24.44,0.00
"Jul 22 2009 10:50:14",42.769653,-71.102715,6.10,74.00,24.44,0.00
"Jul 22 2009 10:50:15",42.769653,-71.10271,6.26,73.00,24.44,7.00
"Jul 22 2009 10:50:16",42.769653,-71.1027,5.95,74.00,24.44,0.00
"Jul 22 2009 10:50:17",42.76966,-71.1027,6.06,74.00,24.44,0.00
"Jul 22 2009 10:50:19",42.76966,-71.10271,5.95,74.00,24.44,0.00
"Jul 22 2009 10:50:20",42.76966,-71.10271,5.91,73.00,24.44,0.00
"Jul 22 2009 10:50:21",42.76966,-71.10271,6.06,73.00,24.44,19.00
"Jul 22 2009 10:50:22",42.769646,-71.102715,6.10,72.00,24.44,6.00
"Jul 22 2009 10:50:23",42.769646,-71.102715,6.14,72.00,24.44,0.00
"Jul 22 2009 10:50:24",42.769646,-71.102715,6.22,72.00,24.44,0.00
"Jul 22 2009 10:50:25",42.769646,-71.102715,6.22,72.00,24.44,0.00
"Jul 22 2009 10:50:26",42.769653,-71.10273,6.10,72.00,24.44,1.00
"Jul 22 2009 10:50:27",42.769653,-71.10273,6.14,72.00,24.44,0.00
"Jul 22 2009 10:50:28",42.769653,-71.10273,6.14,72.00,24.44,0.00
"Jul 22 2009 10:50:29",42.769653,-71.10273,6.10,72.00,24.44,0.00
"Jul 22 2009 10:50:30",42.769646,-71.102715,6.10,72.00,24.44,0.00
"Jul 22 2009 10:50:31",42.769653,-71.102715,6.34,73.00,24.44,0.00
"Jul 22 2009 10:50:32",42.76966,-71.102715,6.10,72.00,24.44,0.00
"Jul 22 2009 10:50:33",42.769653,-71.102715,6.18,73.00,24.44,40.00
"Jul 22 2009 10:50:34",42.769646,-71.10271,6.38,72.00,24.44,0.00
"Jul 22 2009 10:50:35",42.769638,-71.102715,5.59,74.00,24.44,0.00
"Jul 22 2009 10:50:36",42.76963,-71.10273,5.98,72.00,24.44,100.00
"Jul 22 2009 10:50:37",42.76963,-71.10275,6.06,72.00,24.44,0.00
"Jul 22 2009 10:50:38",42.769646,-71.10275,5.98,72.00,24.44,0.00
"Jul 22 2009 10:50:40",42.769688,-71.10277,6.22,72.00,24.44,0.00
"Jul 22 2009 10:50:41",42.76972,-71.102776,6.06,72.00,24.44,100.00
"Jul 22 2009 10:50:42",42.769733,-71.10277,5.95,73.00,24.44,37.00
"Jul 22 2009 10:50:43",42.76976,-71.10277,6.30,73.00,24.44,0.00
"Jul 22 2009 10:50:44",42.769753,-71.10273,5.98,73.00,24.44,0.00
"Jul 22 2009 10:50:45",42.769753,-71.10275,6.14,73.00,24.44,0.00
"Jul 22 2009 10:50:46",42.769733,-71.102776,5.98,72.00,24.44,100.00
"Jul 22 2009 10:50:47",42.76972,-71.102776,5.95,72.00,24.44,100.00
"Jul 22 2009 10:50:48",42.769688,-71.10278,5.98,72.00,24.44,0.00
"Jul 22 2009 10:50:49",42.769688,-71.10278,6.02,72.00,24.44,0.00
"Jul 22 2009 10:50:50",42.76967,-71.10279,6.02,72.00,24.44,0.00
"Jul 22 2009 10:50:51",42.769653,-71.1028,5.98,72.00,24.44,0.00
"Jul 22 2009 10:50:52",42.769646,-71.10279,5.98,73.00,24.44,0.00
"Jul 22 2009 10:50:53",42.76963,-71.1028,6.06,73.00,24.44,0.00
"Jul 22 2009 10:50:54",42.76961,-71.102806,6.06,73.00,24.44,12.00
"Jul 22 2009 10:50:55",42.769596,-71.10279,6.26,72.00,24.44,67.00
"Jul 22 2009 10:50:56",42.769596,-71.10279,6.18,72.00,24.44,65.00
"Jul 22 2009 10:50:57",42.769596,-71.10279,6.26,72.00,24.44,43.00
"Jul 22 2009 10:50:58",42.769596,-71.10279,6.22,72.00,24.44,0.00
"Jul 22 2009 10:50:59",42.769596,-71.1028,6.10,72.00,24.44,96.00
"Jul 22 2009 10:51:00",42.769596,-71.102806,6.10,72.00,24.44,0.00
"Jul 22 2009 10:51:01",42.769596,-71.10281,6.10,74.00,24.44,0.00
"Jul 22 2009 10:51:03",42.769596,-71.10283,6.06,73.00,24.44,0.00
"Jul 22 2009 10:51:04",42.769596,-71.10282,6.06,73.00,24.44,0.00
"Jul 22 2009 10:51:05",42.769596,-71.10282,6.02,74.00,24.44,0.00
"Jul 22 2009 10:51:06",42.769604,-71.10281,5.98,74.00,24.44,0.00
"Jul 22 2009 10:51:07",42.76961,-71.1028,5.95,74.00,24.44,0.00
"Jul 22 2009 10:51:08",42.769596,-71.10279,6.10,74.00,24.44,0.00
"Jul 22 2009 10:51:09",42.76959,-71.10276,5.98,74.00,24.44,0.00
"Jul 22 2009 10:51:10",42.76959,-71.10274,5.87,74.00,24.44,0.00
"Jul 22 2009 10:51:11",42.76959,-71.10271,6.06,74.00,24.44,29.00
"Jul 22 2009 10:51:12",42.769596,-71.102715,5.95,74.00,24.44,41.00
"Jul 22 2009 10:51:13",42.769604,-71.10273,6.02,74.00,24.44,0.00
"Jul 22 2009 10:51:14",42.769604,-71.102745,6.06,74.00,24.44,0.00
"Jul 22 2009 10:51:15",42.76961,-71.10276,5.95,74.00,24.44,17.00
"Jul 22 2009 10:51:16",42.76962,-71.10276,6.14,72.00,24.44,0.00
"Jul 22 2009 10:51:17",42.76962,-71.10275,6.02,72.00,24.44,0.00
"Jul 22 2009 10:51:18",42.76961,-71.102745,6.02,72.00,24.44,52.00
"Jul 22 2009 10:51:19",42.76961,-71.10274,5.98,74.00,24.44,0.00
"Jul 22 2009 10:51:20",42.76961,-71.102715,5.98,74.00,24.44,0.00
"Jul 22 2009 10:51:21",42.76961,-71.102715,5.95,72.00,24.44,0.00
"Jul 22 2009 10:51:22",42.769604,-71.10271,6.06,72.00,24.44,0.00
"Jul 22 2009 10:51:24",42.769604,-71.102715,6.02,74.00,24.44,0.00
"Jul 22 2009 10:51:25",42.76962,-71.102715,6.02,74.00,24.44,0.00
"Jul 22 2009 10:51:26",42.76963,-71.102715,6.14,73.00,24.44,0.00
"Jul 22 2009 10:51:27",42.76963,-71.10273,5.98,72.00,24.44,0.00
"Jul 22 2009 10:51:28",42.769638,-71.102715,6.02,72.00,24.44,0.00
"Jul 22 2009 10:51:29",42.76963,-71.102715,5.91,72.00,24.44,0.00
"Jul 22 2009 10:51:30",42.76963,-71.102715,5.91,73.00,24.44,0.00
"Jul 22 2009 10:51:31",42.76962,-71.10273,6.42,73.00,24.44,0.00
"Jul 22 2009 10:51:32",42.76962,-71.10274,5.98,73.00,24.44,0.00
"Jul 22 2009 10:51:33",42.76962,-71.10273,6.14,74.00,24.44,29.00
"Jul 22 2009 10:51:34",42.76963,-71.10273,6.02,74.00,24.44,0.00
"Jul 22 2009 10:51:35",42.769638,-71.10273,6.06,73.00,24.44,0.00
"Jul 22 2009 10:51:36",42.769638,-71.10274,6.14,72.00,24.44,10.00
"Jul 22 2009 10:51:37",42.769653,-71.102745,5.98,72.00,24.44,0.00
"Jul 22 2009 10:51:38",42.76966,-71.10274,5.79,73.00,24.44,0.00
"Jul 22 2009 10:51:39",42.76966,-71.102745,5.95,74.00,24.44,42.00
"Jul 22 2009 10:51:40",42.76967,-71.10274,6.30,74.00,24.44,7.00
"Jul 22 2009 10:51:41",42.76966,-71.102745,5.98,72.00,24.44,14.00
"Jul 22 2009 10:51:42",42.76966,-71.10273,6.14,73.00,24.44,0.00
"Jul 22 2009 10:51:43",42.76966,-71.102745,5.98,72.00,24.44,0.00
"Jul 22 2009 10:51:44",42.769653,-71.10275,6.30,59.00,24.44,0.00
"Jul 22 2009 10:51:46",42.76966,-71.10277,5.98,69.00,24.44,0.00
"Jul 22 2009 10:51:47",42.76966,-71.10276,5.83,65.00,24.44,0.00
"Jul 22 2009 10:51:48",42.76967,-71.10277,5.63,69.00,24.44,0.00
"Jul 22 2009 10:51:49",42.769688,-71.10277,5.95,40.00,24.44,0.00
"Jul 22 2009 10:51:50",42.769688,-71.10277,5.55,10.00,24.44,0.00
"Jul 22 2009 10:51:51",42.769695,-71.102776,5.95,6.00,24.44,0.00
"Jul 22 2009 10:51:52",42.769703,-71.102776,5.98,1.00,24.44,0.00
"Jul 22 2009 10:51:53",42.769703,-71.10278,5.98,1.00,24.44,0.00
"Jul 22 2009 10:51:54",42.76971,-71.10279,6.22,0.00,24.44,0.00
"Jul 22 2009 10:51:55",42.76971,-71.10279,6.26,0.00,24.44,0.00
"Jul 22 2009 10:51:56",42.76971,-71.10279,6.30,0.00,24.44,0.00
"Jul 22 2009 10:51:57",42.76971,-71.10279,5.98,2.00,24.44,0.00
"Jul 22 2009 10:51:58",42.76971,-71.10279,6.06,0.00,24.44,0.00
"Jul 22 2009 10:51:59",42.76971,-71.10279,6.18,0.00,24.44,0.00
"Jul 22 2009 10:52:00",42.76971,-71.10279,5.83,0.00,24.44,0.00
"Jul 22 2009 10:52:01",42.76971,-71.10279,6.10,0.00,24.44,25.00
"Jul 22 2009 10:52:02",42.769703,-71.10296,5.35,0.00,24.44,0.00
"Jul 22 2009 10:52:03",42.76976,-71.10293,5.95,0.00,24.44,0.00
"Jul 22 2009 10:52:04",42.76976,-71.10291,5.63,0.00,24.44,0.00
"Jul 22 2009 10:52:05",42.769753,-71.10291,6.14,1.00,24.44,0.00
"Jul 22 2009 10:52:06",42.769783,-71.102905,6.38,0.00,24.44,0.00
"Jul 22 2009 10:52:08",42.769775,-71.10289,5.71,4.00,24.44,0.00
"Jul 22 2009 10:52:09",42.76976,-71.1029,5.67,3.00,24.44,0.00
"Jul 22 2009 10:52:10",42.769753,-71.1029,6.30,0.00,24.44,0.00
"Jul 22 2009 10:52:11",42.769753,-71.10289,6.06,0.00,24.44,0.00
"Jul 22 2009 10:52:12",42.76976,-71.1029,6.10,0.00,24.44,100.00
"Jul 22 2009 10:52:13",42.769768,-71.1029,6.22,0.00,24.44,0.00
"Jul 22 2009 10:52:14",42.769775,-71.1029,5.91,0.00,24.44,0.00
"Jul 22 2009 10:52:15",42.76979,-71.10289,6.10,4.00,24.44,0.00
"Jul 22 2009 10:52:16",42.769783,-71.10289,5.75,13.00,24.44,0.00
"Jul 22 2009 10:52:17",42.76979,-71.10287,6.26,0.00,24.44,11.00
"Jul 22 2009 10:52:18",42.76981,-71.10287,6.06,1.00,24.44,0.00
"Jul 22 2009 10:52:19",42.76979,-71.10285,5.71,2.00,24.44,9.00
"Jul 22 2009 10:52:20",42.76979,-71.10285,5.87,1.00,24.44,7.00
"Jul 22 2009 10:52:21",42.769817,-71.10287,5.95,8.00,24.44,0.00
"Jul 22 2009 10:52:22",42.769825,-71.10287,6.10,5.00,24.44,0.00
"Jul 22 2009 10:52:23",42.769825,-71.102875,6.18,1.00,24.44,0.00
"Jul 22 2009 10:52:24",42.769817,-71.10289,5.87,4.00,24.44,0.00
"Jul 22 2009 10:52:25",42.769817,-71.1029,5.79,7.00,24.44,0.00
"Jul 22 2009 10:52:26",42.76981,-71.102905,5.83,1.00,24.44,0.00
"Jul 22 2009 10:52:27",42.76981,-71.10292,5.83,3.00,24.44,35.00
"Jul 22 2009 10:52:28",42.76981,-71.102936,6.02,0.00,24.44,0.00
"Jul 22 2009 10:52:30",42.76979,-71.102974,5.67,0.00,24.44,0.00
"Jul 22 2009 10:52:31",42.7698,-71.102974,6.50,0.00,24.44,16.00
"Jul 22 2009 10:52:32",42.76981,-71.102974,5.75,3.00,24.44,0.00
"Jul 22 2009 10:52:33",42.7698,-71.103,5.75,1.00,24.44,0.00
"Jul 22 2009 10:52:34",42.76979,-71.10301,6.50,0.00,24.44,0.00
"Jul 22 2009 10:52:35",42.769775,-71.103035,5.95,1.00,24.44,0.00
"Jul 22 2009 10:52:36",42.769768,-71.103035,5.91,3.00,24.44,4.00
"Jul 22 2009 10:52:37",42.769768,-71.103035,5.83,0.00,24.44,0.00
"Jul 22 2009 10:52:38",42.769768,-71.10304,5.79,1.00,24.44,0.00
"Jul 22 2009 10:52:39",42.769775,-71.10306,6.02,1.00,24.44,0.00
"Jul 22 2009 10:52:40",42.769775,-71.10307,5.91,0.00,24.44,0.00
"Jul 22 2009 10:52:41",42.769775,-71.10308,5.71,3.00,24.44,0.00
"Jul 22 2009 10:52:42",42.769775,-71.10311,5.91,0.00,24.44,3.00
"Jul 22 2009 10:52:43",42.769783,-71.10313,5.95,0.00,24.44,0.00
"Jul 22 2009 10:52:44",42.769783,-71.103134,5.95,1.00,24.44,13.00
"Jul 22 2009 10:52:45",42.76979,-71.10314,6.14,0.00,24.44,0.00
"Jul 22 2009 10:52:46",42.769783,-71.10316,6.50,0.00,24.44,0.00
"Jul 22 2009 10:52:47",42.769775,-71.10317,6.26,0.00,24.44,0.00
"Jul 22 2009 10:52:48",42.769783,-71.10319,6.58,2.00,24.44,0.00
"Jul 22 2009 10:52:49",42.769783,-71.1032,6.18,2.00,24.44,0.00
"Jul 22 2009 10:52:51",42.7698,-71.103226,6.02,0.00,24.44,0.00
"Jul 22 2009 10:52:52",42.76981,-71.10323,6.14,1.00,24.44,0.00
"Jul 22 2009 10:52:53",42.76981,-71.10324,6.10,0.00,24.44,0.00
"Jul 22 2009 10:52:54",42.76981,-71.10325,6.22,0.00,24.44,0.00
"Jul 22 2009 10:52:55",42.76981,-71.10326,6.02,0.00,24.44,5.00
"Jul 22 2009 10:52:56",42.7698,-71.103264,5.98,0.00,24.44,0.00
"Jul 22 2009 10:52:57",42.76979,-71.10329,6.02,0.00,24.44,0.00
"Jul 22 2009 10:52:58",42.769783,-71.103294,5.95,0.00,24.44,0.00
"Jul 22 2009 10:52:59",42.76979,-71.10331,5.98,0.00,24.44,0.00
"Jul 22 2009 10:53:00",42.769775,-71.103325,6.02,0.00,24.44,0.00
"Jul 22 2009 10:53:01",42.769783,-71.10335,5.95,0.00,24.44,0.00
"Jul 22 2009 10:53:02",42.76979,-71.103355,6.02,1.00,24.44,0.00
"Jul 22 2009 10:53:03",42.76979,-71.103355,5.98,1.00,24.44,0.00
"Jul 22 2009 10:53:04",42.76979,-71.10336,6.02,1.00,24.44,0.00
"Jul 22 2009 10:53:05",42.769783,-71.103355,5.98,1.00,24.44,0.00
"Jul 22 2009 10:53:06",42.769775,-71.10336,6.02,1.00,24.44,0.00
"Jul 22 2009 10:53:07",42.769783,-71.10336,5.98,2.00,24.44,0.00
"Jul 22 2009 10:53:08",42.76979,-71.10337,5.98,2.00,24.44,0.00
"Jul 22 2009 10:53:09",42.76979,-71.10337,5.98,2.00,25.83,0.00
"Jul 22 2009 10:53:10",42.76979,-71.10338,5.95,1.00,24.44,0.00
"Jul 22 2009 10:53:11",42.76981,-71.103386,5.98,1.00,24.44,0.00
"Jul 22 2009 10:53:13",42.769825,-71.10341,6.02,1.00,24.44,10.00
"Jul 22 2009 10:53:14",42.76984,-71.1034,6.02,1.00,25.83,8.00
"Jul 22 2009 10:53:15",42.76984,-71.1034,6.02,1.00,24.44,3.00
"Jul 22 2009 10:53:16",42.76984,-71.103386,6.02,1.00,24.44,0.00
"Jul 22 2009 10:53:17",42.76984,-71.10338,5.98,1.00,24.44,0.00
"Jul 22 2009 10:53:18",42.769848,-71.10337,5.98,1.00,24.44,0.00
"Jul 22 2009 10:53:19",42.76984,-71.10336,5.98,1.00,24.44,0.00
"Jul 22 2009 10:53:20",42.76984,-71.10336,5.98,1.00,24.44,0.00
"Jul 22 2009 10:53:21",42.769833,-71.10337,5.98,1.00,24.44,0.00
"Jul 22 2009 10:53:22",42.769833,-71.10338,6.46,3.00,24.44,0.00
"Jul 22 2009 10:53:23",42.769825,-71.10337,5.91,3.00,24.44,0.00
"Jul 22 2009 10:53:24",42.76984,-71.10338,6.06,2.00,24.44,0.00
"Jul 22 2009 10:53:25",42.769833,-71.103386,6.06,1.00,24.44,0.00
"Jul 22 2009 10:53:26",42.769833,-71.1034,5.91,1.00,25.83,0.00
"Jul 22 2009 10:53:27",42.769817,-71.1034,6.10,2.00,25.83,0.00
"Jul 22 2009 10:53:28",42.76979,-71.10339,5.75,5.00,25.83,0.00
"Jul 22 2009 10:53:29",42.769775,-71.10339,6.10,5.00,25.83,54.00
