time,lat,long,accel,light,temp,sound
"Jul 22 2009 10:43:07",42.769947,-71.10301,6.10,74.00,23.06,0.00
"Jul 22 2009 10:43:08",42.769947,-71.10301,6.02,74.00,23.06,15.00
"Jul 22 2009 10:43:09",42.769947,-71.10301,5.98,74.00,23.06,0.00
"Jul 22 2009 10:43:11",42.769947,-71.10301,6.22,74.00,23.06,0.00
"Jul 22 2009 10:43:12",42.769947,-71.10301,5.87,74.00,23.06,0.00
"Jul 22 2009 10:43:13",42.769947,-71.10301,6.42,74.00,23.06,0.00
"Jul 22 2009 10:43:14",42.769947,-71.10301,6.14,72.00,23.06,0.00
"Jul 22 2009 10:43:15",42.769947,-71.10301,6.58,72.00,23.06,0.00
"Jul 22 2009 10:43:16",42.769947,-71.10301,6.50,73.00,23.06,0.00
"Jul 22 2009 10:43:17",42.769947,-71.10301,5.95,72.00,23.06,0.00
"Jul 22 2009 10:43:18",42.769947,-71.10301,6.78,73.00,23.06,0.00
"Jul 22 2009 10:43:19",42.769947,-71.10301,5.83,74.00,24.44,0.00
"Jul 22 2009 10:43:20",42.769947,-71.10301,5.83,75.00,23.06,0.00
"Jul 22 2009 10:43:21",42.769913,-71.10314,6.42,75.00,23.06,0.00
"Jul 22 2009 10:43:23",42.769783,-71.10285,6.14,75.00,23.06,10.00
"Jul 22 2009 10:43:24",42.769726,-71.102776,5.83,75.00,23.06,0.00
"Jul 22 2009 10:43:25",42.769726,-71.102776,5.87,75.00,23.06,0.00
"Jul 22 2009 10:43:26",42.769676,-71.102585,6.22,75.00,23.06,21.00
"Jul 22 2009 10:43:27",42.76979,-71.1028,6.10,75.00,23.06,23.00
"Jul 22 2009 10:43:28",42.769783,-71.10269,6.54,75.00,23.06,0.00
"Jul 22 2009 10:43:29",42.769703,-71.102615,6.62,75.00,23.06,0.00
"Jul 22 2009 10:43:30",42.769726,-71.10267,6.18,74.00,23.06,0.00
"Jul 22 2009 10:43:31",42.769695,-71.102516,6.10,74.00,23.06,0.00
"Jul 22 2009 10:43:32",42.76959,-71.102196,5.98,74.00,23.06,0.00
"Jul 22 2009 10:43:33",42.76966,-71.1024,6.38,75.00,24.44,0.00
"Jul 22 2009 10:43:34",42.7698,-71.10271,6.66,75.00,23.06,0.00
"Jul 22 2009 10:43:36",42.769817,-71.10263,6.46,74.00,23.06,0.00
"Jul 22 2009 10:43:37",42.769733,-71.102394,6.66,75.00,23.06,0.00
"Jul 22 2009 10:43:38",42.769733,-71.10247,6.70,75.00,23.06,0.00
"Jul 22 2009 10:43:39",42.769726,-71.10252,6.86,75.00,23.06,0.00
"Jul 22 2009 10:43:40",42.76981,-71.10279,6.74,75.00,23.06,0.00
"Jul 22 2009 10:43:41",42.769775,-71.10269,6.42,74.00,23.06,0.00
"Jul 22 2009 10:43:42",42.769768,-71.10264,5.98,75.00,23.06,0.00
"Jul 22 2009 10:43:43",42.76972,-71.10239,6.18,75.00,23.06,0.00
"Jul 22 2009 10:43:44",42.769753,-71.10251,6.30,75.00,23.06,0.00
"Jul 22 2009 10:43:45",42.769753,-71.102554,6.18,74.00,23.06,0.00
"Jul 22 2009 10:43:46",42.76976,-71.102516,6.38,74.00,23.06,0.00
"Jul 22 2009 10:43:48",42.76979,-71.102615,6.06,74.00,23.06,17.00
"Jul 22 2009 10:43:49",42.769863,-71.10249,6.06,74.00,23.06,0.00
"Jul 22 2009 10:43:50",42.7698,-71.1023,6.06,74.00,23.06,0.00
"Jul 22 2009 10:43:51",42.7698,-71.1023,6.26,74.00,23.06,0.00
"Jul 22 2009 10:43:52",42.7698,-71.1023,6.18,74.00,23.06,0.00
"Jul 22 2009 10:43:53",42.7698,-71.1023,5.98,75.00,23.06,0.00
"Jul 22 2009 10:43:54",42.7698,-71.1023,6.02,74.00,23.06,0.00
"Jul 22 2009 10:43:55",42.7698,-71.1023,6.10,75.00,23.06,0.00
"Jul 22 2009 10:43:56",42.769955,-71.10267,6.02,75.00,23.06,0.00
"Jul 22 2009 10:43:57",42.76984,-71.10245,6.02,74.00,23.06,0.00
"Jul 22 2009 10:43:58",42.76976,-71.10229,6.22,75.00,23.06,0.00
"Jul 22 2009 10:44:00",42.769905,-71.10264,6.30,75.00,23.06,0.00
"Jul 22 2009 10:44:01",42.7698,-71.10236,6.02,75.00,23.06,0.00
"Jul 22 2009 10:44:02",42.76981,-71.102196,5.91,75.00,23.06,0.00
"Jul 22 2009 10:44:03",42.76984,-71.102295,6.02,75.00,23.06,0.00
"Jul 22 2009 10:44:04",42.769875,-71.10238,6.02,75.00,23.06,0.00
"Jul 22 2009 10:44:05",42.769897,-71.102425,6.06,76.00,23.06,0.00
"Jul 22 2009 10:44:06",42.769875,-71.10226,6.38,75.00,23.06,13.00
"Jul 22 2009 10:44:07",42.769848,-71.10228,6.30,75.00,23.06,0.00
"Jul 22 2009 10:44:08",42.769775,-71.10206,6.54,75.00,23.06,0.00
"Jul 22 2009 10:44:09",42.76976,-71.10209,6.66,75.00,23.06,0.00
"Jul 22 2009 10:44:10",42.7698,-71.102196,6.14,75.00,23.06,0.00
"Jul 22 2009 10:44:12",42.769882,-71.10231,6.14,75.00,23.06,0.00
"Jul 22 2009 10:44:13",42.769863,-71.10223,6.06,75.00,23.06,13.00
"Jul 22 2009 10:44:14",42.769863,-71.10223,6.06,75.00,23.06,0.00
"Jul 22 2009 10:44:15",42.769882,-71.102196,5.91,75.00,23.06,0.00
"Jul 22 2009 10:44:16",42.769882,-71.102196,5.98,75.00,23.06,0.00
"Jul 22 2009 10:44:17",42.769882,-71.10215,6.06,75.00,23.06,0.00
"Jul 22 2009 10:44:18",42.769882,-71.10215,6.82,75.00,23.06,0.00
"Jul 22 2009 10:44:19",42.76989,-71.10226,6.46,75.00,23.06,0.00
"Jul 22 2009 10:44:20",42.769833,-71.10224,6.18,75.00,23.06,0.00
"Jul 22 2009 10:44:21",42.769833,-71.10224,6.14,75.00,23.06,0.00
"Jul 22 2009 10:44:22",42.769855,-71.10195,6.18,75.00,23.06,0.00
"Jul 22 2009 10:44:24",42.769733,-71.10176,6.06,75.00,23.06,0.00
"Jul 22 2009 10:44:25",42.769733,-71.10189,6.26,76.00,23.06,0.00
"Jul 22 2009 10:44:26",42.769676,-71.1018,6.06,76.00,23.06,0.00
"Jul 22 2009 10:44:27",42.769783,-71.10194,6.26,76.00,23.06,0.00
"Jul 22 2009 10:44:28",42.76976,-71.10183,6.46,75.00,23.06,0.00
"Jul 22 2009 10:44:29",42.76972,-71.101906,6.10,75.00,23.06,0.00
"Jul 22 2009 10:44:30",42.76966,-71.10188,6.10,75.00,23.06,0.00
"Jul 22 2009 10:44:31",42.769726,-71.10207,6.22,75.00,23.06,0.00
"Jul 22 2009 10:44:32",42.76976,-71.10202,6.42,75.00,23.06,0.00
"Jul 22 2009 10:44:33",42.769646,-71.10175,6.02,75.00,23.06,0.00
"Jul 22 2009 10:44:34",42.769646,-71.10175,5.91,75.00,21.67,0.00
"Jul 22 2009 10:44:36",42.769646,-71.10175,5.71,75.00,21.67,0.00
"Jul 22 2009 10:44:37",42.769646,-71.10175,5.75,75.00,23.06,0.00
"Jul 22 2009 10:44:38",42.769646,-71.10175,5.83,75.00,23.06,0.00
"Jul 22 2009 10:44:39",42.769646,-71.10175,6.30,75.00,23.06,0.00
"Jul 22 2009 10:44:40",42.769726,-71.101906,6.70,76.00,23.06,0.00
"Jul 22 2009 10:44:41",42.769733,-71.1019,6.34,75.00,23.06,0.00
"Jul 22 2009 10:44:42",42.769604,-71.10169,6.14,75.00,23.06,0.00
"Jul 22 2009 10:44:43",42.769688,-71.10192,6.06,75.00,23.06,0.00
"Jul 22 2009 10:44:44",42.769596,-71.1018,5.87,75.00,23.06,0.00
"Jul 22 2009 10:44:45",42.76972,-71.10194,6.14,75.00,23.06,0.00
"Jul 22 2009 10:44:46",42.76963,-71.10189,6.10,75.00,23.06,0.00
"Jul 22 2009 10:44:47",42.76971,-71.1021,6.14,75.00,23.06,0.00
"Jul 22 2009 10:44:49",42.76945,-71.10186,6.22,75.00,23.06,0.00
"Jul 22 2009 10:44:50",42.769516,-71.10174,6.22,75.00,23.06,0.00
"Jul 22 2009 10:44:51",42.76946,-71.1162,6.38,75.00,23.06,0.00
"Jul 22 2009 10:44:52",42.76949,-71.10183,5.87,74.00,23.06,0.00
"Jul 22 2009 10:44:53",42.769466,-71.1165,6.50,74.00,23.06,0.00
"Jul 22 2009 10:44:54",42.76959,-71.102005,6.06,74.00,23.06,0.00
"Jul 22 2009 10:44:55",42.769646,-71.1024,5.95,74.00,23.06,0.00
"Jul 22 2009 10:44:56",42.76959,-71.10241,5.75,74.00,23.06,0.00
"Jul 22 2009 10:44:57",42.769497,-71.10218,5.87,75.00,23.06,0.00
"Jul 22 2009 10:44:58",42.76963,-71.10222,5.67,75.00,23.06,0.00
"Jul 22 2009 10:44:59",42.7694,-71.11592,5.71,75.00,23.06,0.00
"Jul 22 2009 10:45:01",42.769432,-71.11512,5.79,74.00,23.06,23.00
"Jul 22 2009 10:45:02",42.76933,-71.11447,5.79,75.00,23.06,0.00
"Jul 22 2009 10:45:03",42.76941,-71.101715,5.95,75.00,23.06,0.00
"Jul 22 2009 10:45:04",42.769474,-71.101845,5.95,75.00,23.06,0.00
"Jul 22 2009 10:45:05",42.769466,-71.10193,5.87,75.00,23.06,0.00
"Jul 22 2009 10:45:06",42.769417,-71.10181,5.98,75.00,23.06,3.00
"Jul 22 2009 10:45:07",42.76948,-71.10192,6.34,75.00,23.06,0.00
"Jul 22 2009 10:45:08",42.769466,-71.101875,6.62,76.00,23.06,0.00
"Jul 22 2009 10:45:09",42.769444,-71.10178,6.46,75.00,23.06,6.00
"Jul 22 2009 10:45:10",42.769386,-71.11613,6.42,75.00,23.06,13.00
"Jul 22 2009 10:45:11",42.76936,-71.11567,6.50,74.00,23.06,5.00
"Jul 22 2009 10:45:13",42.769352,-71.11582,6.78,75.00,21.67,0.00
"Jul 22 2009 10:45:14",42.769352,-71.11582,6.22,75.00,21.67,0.00
"Jul 22 2009 10:45:15",42.76933,-71.11629,6.42,74.00,23.06,0.00
"Jul 22 2009 10:45:16",42.76941,-71.10179,5.98,74.00,23.06,0.00
"Jul 22 2009 10:45:17",42.769432,-71.116066,5.98,74.00,21.67,0.00
"Jul 22 2009 10:45:18",42.769466,-71.115746,5.79,74.00,23.06,0.00
"Jul 22 2009 10:45:19",42.769676,-71.10216,5.67,73.00,21.67,0.00
"Jul 22 2009 10:45:20",42.76959,-71.10222,6.02,73.00,21.67,0.00
"Jul 22 2009 10:45:21",42.769646,-71.10278,6.30,73.00,21.67,14.00
"Jul 22 2009 10:45:22",42.769417,-71.102684,5.67,74.00,21.67,0.00
"Jul 22 2009 10:45:24",42.769386,-71.10287,5.59,74.00,21.67,10.00
"Jul 22 2009 10:45:25",42.769386,-71.10287,5.98,74.00,21.67,0.00
"Jul 22 2009 10:45:26",42.769386,-71.10287,5.83,74.00,21.67,0.00
"Jul 22 2009 10:45:27",42.769386,-71.10287,6.02,72.00,21.67,0.00
"Jul 22 2009 10:45:28",42.769386,-71.10287,5.83,55.00,21.67,0.00
"Jul 22 2009 10:45:29",42.769386,-71.10287,6.22,15.00,21.67,0.00
"Jul 22 2009 10:45:30",42.769386,-71.10287,5.83,27.00,21.67,10.00
"Jul 22 2009 10:45:31",42.769386,-71.10287,6.06,25.00,21.67,0.00
"Jul 22 2009 10:45:32",42.769386,-71.10287,6.10,36.00,21.67,0.00
"Jul 22 2009 10:45:33",42.769386,-71.10287,6.06,36.00,21.67,0.00
"Jul 22 2009 10:45:34",42.769386,-71.10287,5.98,30.00,21.67,9.00
"Jul 22 2009 10:45:36",42.769386,-71.10287,6.06,25.00,21.67,3.00
"Jul 22 2009 10:45:37",42.769386,-71.10287,6.18,22.00,21.67,0.00
"Jul 22 2009 10:45:38",42.769386,-71.10287,6.02,12.00,21.67,0.00
"Jul 22 2009 10:45:39",42.769386,-71.10287,6.06,13.00,21.67,0.00
"Jul 22 2009 10:45:40",42.769386,-71.10287,6.10,12.00,21.67,0.00
"Jul 22 2009 10:45:41",42.769386,-71.10287,6.18,11.00,21.67,0.00
"Jul 22 2009 10:45:42",42.769386,-71.10287,6.14,11.00,21.67,0.00
"Jul 22 2009 10:45:43",42.769386,-71.10287,6.18,10.00,21.67,0.00
"Jul 22 2009 10:45:44",42.769386,-71.10287,6.18,12.00,21.67,0.00
"Jul 22 2009 10:45:45",42.769386,-71.10287,6.18,20.00,21.67,0.00
"Jul 22 2009 10:45:46",42.769386,-71.10287,6.22,22.00,21.67,0.00
"Jul 22 2009 10:45:48",42.769386,-71.10287,6.14,34.00,21.67,0.00
"Jul 22 2009 10:45:49",42.769386,-71.10287,6.42,43.00,21.67,0.00
"Jul 22 2009 10:45:50",42.769386,-71.10287,6.18,71.00,21.67,0.00
"Jul 22 2009 10:45:51",42.769386,-71.10287,6.58,72.00,21.67,25.00
"Jul 22 2009 10:45:52",42.769386,-71.10287,6.22,73.00,21.67,0.00
"Jul 22 2009 10:45:53",42.769386,-71.10287,6.42,73.00,21.67,0.00
"Jul 22 2009 10:45:54",42.769386,-71.10287,6.14,73.00,21.67,0.00
"Jul 22 2009 10:45:55",42.769386,-71.10287,6.10,73.00,21.67,0.00
"Jul 22 2009 10:45:56",42.769386,-71.10287,6.14,74.00,21.67,0.00
"Jul 22 2009 10:45:57",42.769386,-71.10287,6.70,74.00,21.67,0.00
"Jul 22 2009 10:45:58",42.769386,-71.10287,6.14,74.00,21.67,0.00
"Jul 22 2009 10:46:00",42.769386,-71.10287,6.02,74.00,21.67,0.00
"Jul 22 2009 10:46:01",42.769386,-71.10287,6.06,75.00,21.67,0.00
"Jul 22 2009 10:46:02",42.769386,-71.10287,6.34,75.00,21.67,0.00
"Jul 22 2009 10:46:03",42.769386,-71.10287,6.50,75.00,21.67,0.00
"Jul 22 2009 10:46:04",42.769386,-71.10287,6.18,76.00,21.67,15.00
"Jul 22 2009 10:46:05",42.769386,-71.10287,6.10,76.00,21.67,1.00
"Jul 22 2009 10:46:06",42.76953,-71.1034,6.50,75.00,21.67,0.00
"Jul 22 2009 10:46:07",42.769444,-71.102715,6.42,76.00,21.67,18.00
"Jul 22 2009 10:46:08",42.769367,-71.10232,6.18,76.00,21.67,3.00
"Jul 22 2009 10:46:09",42.769394,-71.10206,5.95,76.00,21.67,0.00
"Jul 22 2009 10:46:10",42.76941,-71.10212,6.10,75.00,21.67,0.00
"Jul 22 2009 10:46:12",42.76933,-71.1018,6.30,76.00,21.67,0.00
"Jul 22 2009 10:46:13",42.76936,-71.10207,6.14,75.00,21.67,0.00
"Jul 22 2009 10:46:14",42.769386,-71.10225,6.26,76.00,21.67,0.00
"Jul 22 2009 10:46:15",42.7694,-71.10201,6.06,76.00,21.67,0.00
"Jul 22 2009 10:46:16",42.769417,-71.10224,6.14,76.00,21.67,0.00
"Jul 22 2009 10:46:17",42.76936,-71.10239,6.34,76.00,21.67,0.00
"Jul 22 2009 10:46:18",42.769524,-71.102585,6.38,75.00,21.67,0.00
"Jul 22 2009 10:46:19",42.76954,-71.10266,6.14,76.00,21.67,8.00
"Jul 22 2009 10:46:20",42.76931,-71.1019,6.06,76.00,21.67,0.00
"Jul 22 2009 10:46:21",42.769264,-71.11636,6.42,76.00,21.67,0.00
"Jul 22 2009 10:46:22",42.769302,-71.10182,6.34,76.00,21.67,0.00
"Jul 22 2009 10:46:23",42.769222,-71.10174,6.26,76.00,21.67,3.00
"Jul 22 2009 10:46:25",42.76923,-71.10188,6.22,76.00,21.67,0.00
"Jul 22 2009 10:46:26",42.76931,-71.10223,6.26,76.00,21.67,0.00
"Jul 22 2009 10:46:27",42.769344,-71.10236,6.74,76.00,21.67,0.00
"Jul 22 2009 10:46:28",42.769337,-71.102425,6.14,76.00,21.67,0.00
"Jul 22 2009 10:46:29",42.76918,-71.10197,6.14,76.00,21.67,0.00
"Jul 22 2009 10:46:30",42.769295,-71.10228,6.50,75.00,21.67,10.00
"Jul 22 2009 10:46:31",42.76945,-71.10293,6.14,75.00,21.67,0.00
"Jul 22 2009 10:46:32",42.76948,-71.10317,6.18,76.00,21.67,0.00
"Jul 22 2009 10:46:33",42.769516,-71.10277,6.10,76.00,21.67,0.00
"Jul 22 2009 10:46:34",42.76954,-71.10269,6.06,75.00,21.67,0.00
"Jul 22 2009 10:46:35",42.769524,-71.10288,5.95,76.00,21.67,0.00
"Jul 22 2009 10:46:37",42.769424,-71.10252,5.91,75.00,21.67,0.00
"Jul 22 2009 10:46:38",42.769344,-71.10229,6.42,76.00,21.67,0.00
"Jul 22 2009 10:46:39",42.76932,-71.10214,6.26,75.00,21.67,0.00
"Jul 22 2009 10:46:40",42.769302,-71.10236,6.10,75.00,21.67,0.00
"Jul 22 2009 10:46:41",42.76927,-71.10237,5.87,75.00,21.67,0.00
"Jul 22 2009 10:46:42",42.769295,-71.1024,5.98,76.00,21.67,0.00
"Jul 22 2009 10:46:43",42.7694,-71.10296,6.10,75.00,21.67,1.00
"Jul 22 2009 10:46:44",42.769444,-71.10257,6.06,75.00,21.67,0.00
"Jul 22 2009 10:46:45",42.769352,-71.10202,6.46,75.00,21.67,0.00
"Jul 22 2009 10:46:46",42.769352,-71.102135,6.30,75.00,23.06,0.00
"Jul 22 2009 10:46:47",42.769424,-71.1023,6.14,75.00,21.67,0.00
"Jul 22 2009 10:46:49",42.76953,-71.10259,6.10,75.00,21.67,0.00
"Jul 22 2009 10:46:50",42.769497,-71.10271,5.98,75.00,21.67,0.00
"Jul 22 2009 10:46:51",42.769466,-71.10233,6.62,76.00,21.67,7.00
"Jul 22 2009 10:46:52",42.769524,-71.1024,6.30,76.00,21.67,17.00
"Jul 22 2009 10:46:53",42.769516,-71.10214,5.98,75.00,21.67,0.00
"Jul 22 2009 10:46:54",42.76953,-71.10238,6.50,75.00,21.67,0.00
"Jul 22 2009 10:46:55",42.76959,-71.10237,6.22,75.00,21.67,0.00
"Jul 22 2009 10:46:56",42.76971,-71.10255,5.87,76.00,21.67,0.00
"Jul 22 2009 10:46:57",42.769596,-71.102516,5.91,76.00,21.67,0.00
"Jul 22 2009 10:46:58",42.76948,-71.10239,5.95,75.00,21.67,1.00
"Jul 22 2009 10:46:59",42.76953,-71.102715,5.95,75.00,21.67,0.00
"Jul 22 2009 10:47:01",42.76963,-71.10271,5.91,76.00,21.67,0.00
"Jul 22 2009 10:47:02",42.76941,-71.102036,5.95,75.00,21.67,0.00
"Jul 22 2009 10:47:03",42.76951,-71.10217,6.10,75.00,21.67,0.00
"Jul 22 2009 10:47:04",42.769466,-71.10231,6.02,76.00,21.67,1.00
"Jul 22 2009 10:47:05",42.769424,-71.10249,6.14,76.00,21.67,0.00
"Jul 22 2009 10:47:06",42.769516,-71.10262,6.26,76.00,21.67,0.00
"Jul 22 2009 10:47:07",42.76951,-71.10259,6.10,76.00,21.67,16.00
"Jul 22 2009 10:47:08",42.76951,-71.10256,5.98,76.00,21.67,0.00
"Jul 22 2009 10:47:09",42.769638,-71.10271,6.10,76.00,21.67,0.00
"Jul 22 2009 10:47:10",42.769596,-71.10258,6.02,75.00,21.67,0.00
"Jul 22 2009 10:47:11",42.769497,-71.10251,6.26,76.00,21.67,0.00
"Jul 22 2009 10:47:13",42.769497,-71.10235,6.18,76.00,21.67,0.00
"Jul 22 2009 10:47:14",42.769726,-71.10275,6.18,75.00,21.67,0.00
"Jul 22 2009 10:47:15",42.7698,-71.10301,6.14,75.00,21.67,0.00
"Jul 22 2009 10:47:16",42.76981,-71.10334,6.18,75.00,21.67,0.00
"Jul 22 2009 10:47:17",42.769653,-71.10307,6.18,75.00,21.67,0.00
"Jul 22 2009 10:47:18",42.769653,-71.10287,6.18,75.00,21.67,0.00
"Jul 22 2009 10:47:19",42.769497,-71.102394,6.14,75.00,21.67,0.00
"Jul 22 2009 10:47:20",42.769573,-71.10255,6.62,75.00,23.06,0.00
"Jul 22 2009 10:47:21",42.769596,-71.10245,6.46,75.00,21.67,0.00
"Jul 22 2009 10:47:22",42.769646,-71.102554,5.98,76.00,21.67,0.00
"Jul 22 2009 10:47:23",42.769547,-71.10257,6.30,76.00,21.67,0.00
"Jul 22 2009 10:47:24",42.769474,-71.10253,6.18,75.00,21.67,0.00
"Jul 22 2009 10:47:26",42.7694,-71.10252,6.26,75.00,21.67,0.00
"Jul 22 2009 10:47:27",42.76972,-71.10276,6.26,75.00,21.67,6.00
"Jul 22 2009 10:47:28",42.769695,-71.102455,6.02,75.00,21.67,0.00
"Jul 22 2009 10:47:29",42.769775,-71.10276,6.62,75.00,21.67,0.00
"Jul 22 2009 10:47:30",42.769775,-71.10276,6.46,75.00,21.67,0.00
"Jul 22 2009 10:47:31",42.769775,-71.10276,5.83,75.00,21.67,0.00
"Jul 22 2009 10:47:32",42.769775,-71.10276,5.98,76.00,21.67,0.00
"Jul 22 2009 10:47:33",42.769775,-71.10276,6.02,76.00,21.67,0.00
"Jul 22 2009 10:47:34",42.769817,-71.10246,5.91,76.00,21.67,0.00
"Jul 22 2009 10:47:35",42.769653,-71.10246,6.46,76.00,21.67,0.00
"Jul 22 2009 10:47:36",42.769566,-71.10266,6.46,76.00,21.67,0.00
"Jul 22 2009 10:47:38",42.76959,-71.10256,6.38,76.00,21.67,0.00
"Jul 22 2009 10:47:39",42.76972,-71.10255,5.83,75.00,21.67,0.00
"Jul 22 2009 10:47:40",42.76961,-71.102516,5.95,75.00,21.67,0.00
"Jul 22 2009 10:47:41",42.769566,-71.10255,5.98,75.00,21.67,9.00
"Jul 22 2009 10:47:42",42.76967,-71.10254,5.91,75.00,21.67,0.00
"Jul 22 2009 10:47:43",42.76954,-71.10259,5.59,75.00,21.67,0.00
"Jul 22 2009 10:47:44",42.76958,-71.10261,6.14,75.00,21.67,0.00
"Jul 22 2009 10:47:45",42.76958,-71.10261,5.98,76.00,21.67,0.00
"Jul 22 2009 10:47:46",42.769604,-71.10271,6.34,76.00,21.67,0.00
"Jul 22 2009 10:47:47",42.769676,-71.102684,6.30,75.00,21.67,0.00
"Jul 22 2009 10:47:48",42.769596,-71.102684,6.06,74.00,21.67,0.00
"Jul 22 2009 10:47:50",42.769676,-71.1027,6.06,75.00,21.67,0.00
"Jul 22 2009 10:47:51",42.769733,-71.102715,5.87,75.00,21.67,0.00
"Jul 22 2009 10:47:52",42.769733,-71.10274,5.83,75.00,20.29,0.00
"Jul 22 2009 10:47:53",42.76974,-71.102745,6.06,75.00,21.67,0.00
"Jul 22 2009 10:47:54",42.76974,-71.10271,6.42,76.00,21.67,0.00
"Jul 22 2009 10:47:55",42.76963,-71.1025,6.82,75.00,21.67,0.00
"Jul 22 2009 10:47:56",42.76974,-71.10258,6.06,76.00,20.29,0.00
"Jul 22 2009 10:47:57",42.769775,-71.10262,5.91,76.00,20.29,1.00
"Jul 22 2009 10:47:58",42.769783,-71.10263,6.10,75.00,20.29,0.00
"Jul 22 2009 10:47:59",42.76976,-71.1025,6.02,75.00,21.67,0.00
"Jul 22 2009 10:48:00",42.769688,-71.10238,5.75,75.00,20.29,0.00
"Jul 22 2009 10:48:02",42.769875,-71.102646,5.87,76.00,20.29,0.00
"Jul 22 2009 10:48:03",42.76976,-71.10245,6.10,76.00,21.67,0.00
"Jul 22 2009 10:48:04",42.76974,-71.102516,6.14,75.00,20.29,0.00
"Jul 22 2009 10:48:05",42.769703,-71.10261,7.22,75.00,21.67,0.00
"Jul 22 2009 10:48:06",42.769726,-71.102646,5.87,76.00,21.67,16.00
"Jul 22 2009 10:48:07",42.769733,-71.102646,6.34,76.00,20.29,0.00
"Jul 22 2009 10:48:08",42.769775,-71.1027,5.87,76.00,20.29,0.00
"Jul 22 2009 10:48:09",42.76974,-71.10274,6.26,75.00,20.29,14.00
"Jul 22 2009 10:48:10",42.769753,-71.102615,6.78,75.00,20.29,0.00
"Jul 22 2009 10:48:11",42.76972,-71.10242,6.22,75.00,20.29,0.00
"Jul 22 2009 10:48:12",42.769753,-71.102516,5.83,75.00,20.29,0.00
"Jul 22 2009 10:48:14",42.76979,-71.10288,6.26,75.00,20.29,13.00
"Jul 22 2009 10:48:15",42.769783,-71.10284,6.66,75.00,20.29,0.00
"Jul 22 2009 10:48:16",42.769783,-71.10284,5.91,75.00,21.67,0.00
"Jul 22 2009 10:48:17",42.770035,-71.10373,5.87,75.00,21.67,0.00
"Jul 22 2009 10:48:18",42.7698,-71.10319,6.26,75.00,21.67,10.00
"Jul 22 2009 10:48:19",42.76984,-71.103134,6.18,74.00,20.29,0.00
"Jul 22 2009 10:48:20",42.76984,-71.103134,5.91,75.00,20.29,0.00
"Jul 22 2009 10:48:21",42.76984,-71.103134,6.46,76.00,20.29,0.00
"Jul 22 2009 10:48:22",42.76976,-71.10275,6.10,75.00,20.29,0.00
"Jul 22 2009 10:48:23",42.76976,-71.10275,5.83,75.00,20.29,30.00
"Jul 22 2009 10:48:25",42.76976,-71.10275,5.98,74.00,20.29,15.00
"Jul 22 2009 10:48:26",42.76976,-71.10275,6.26,74.00,20.29,0.00
"Jul 22 2009 10:48:27",42.77001,-71.10347,5.98,74.00,20.29,0.00
"Jul 22 2009 10:48:28",42.76994,-71.10375,5.91,74.00,20.29,0.00
"Jul 22 2009 10:48:29",42.76994,-71.10375,6.10,73.00,20.29,0.00
"Jul 22 2009 10:48:30",42.76994,-71.10375,5.98,73.00,20.29,0.00
"Jul 22 2009 10:48:31",42.76994,-71.10375,6.18,73.00,20.29,0.00
"Jul 22 2009 10:48:32",42.76994,-71.10375,6.18,73.00,20.29,0.00
"Jul 22 2009 10:48:33",42.76994,-71.10375,6.30,73.00,20.29,0.00
"Jul 22 2009 10:48:34",42.76994,-71.10375,6.54,74.00,20.29,0.00
"Jul 22 2009 10:48:35",42.76994,-71.10375,6.14,73.00,20.29,0.00
"Jul 22 2009 10:48:37",42.76994,-71.10375,6.14,74.00,20.29,0.00
"Jul 22 2009 10:48:38",42.76994,-71.10375,6.26,74.00,20.29,0.00
"Jul 22 2009 10:48:39",42.76994,-71.10375,6.10,73.00,20.29,9.00
"Jul 22 2009 10:48:40",42.76994,-71.10375,5.98,74.00,20.29,29.00
"Jul 22 2009 10:48:41",42.76994,-71.10375,6.26,73.00,20.29,0.00
"Jul 22 2009 10:48:42",42.76994,-71.10375,6.30,74.00,20.29,0.00
"Jul 22 2009 10:48:43",42.76994,-71.10375,5.98,74.00,20.29,16.00
"Jul 22 2009 10:48:44",42.76994,-71.10375,5.91,74.00,20.29,0.00
"Jul 22 2009 10:48:45",42.76994,-71.10375,5.87,74.00,20.29,0.00
"Jul 22 2009 10:48:46",42.76994,-71.10375,5.91,74.00,20.29,0.00
"Jul 22 2009 10:48:48",42.76994,-71.10375,5.95,74.00,20.29,0.00
"Jul 22 2009 10:48:49",42.76994,-71.10375,6.02,74.00,20.29,0.00
"Jul 22 2009 10:48:50",42.76994,-71.10375,5.98,74.00,20.29,0.00
"Jul 22 2009 10:48:51",42.76994,-71.10375,6.10,74.00,20.29,0.00
"Jul 22 2009 10:48:52",42.76994,-71.10375,5.91,74.00,20.29,21.00
"Jul 22 2009 10:48:53",42.76994,-71.10375,6.06,74.00,20.29,0.00
"Jul 22 2009 10:48:54",42.76994,-71.10375,6.10,73.00,20.29,30.00
"Jul 22 2009 10:48:55",42.76994,-71.10375,6.18,74.00,20.29,0.00
"Jul 22 2009 10:48:56",42.76994,-71.10375,6.18,73.00,20.29,0.00
"Jul 22 2009 10:48:57",42.76994,-71.10375,6.14,74.00,20.29,0.00
"Jul 22 2009 10:48:58",42.76994,-71.10375,6.10,74.00,20.29,0.00
"Jul 22 2009 10:49:00",42.76994,-71.10375,5.98,74.00,20.29,0.00
"Jul 22 2009 10:49:01",42.76994,-71.10375,5.98,74.00,20.29,0.00
"Jul 22 2009 10:49:02",42.76994,-71.10375,5.98,73.00,20.29,0.00
"Jul 22 2009 10:49:03",42.76994,-71.10375,6.02,74.00,20.29,0.00
"Jul 22 2009 10:49:04",42.76994,-71.10375,6.06,73.00,20.29,0.00
"Jul 22 2009 10:49:05",42.76994,-71.10375,6.18,73.00,20.29,0.00
"Jul 22 2009 10:49:06",42.76994,-71.10375,6.18,73.00,20.29,0.00
"Jul 22 2009 10:49:07",42.76994,-71.10375,6.10,73.00,20.29,68.00
"Jul 22 2009 10:49:08",42.76994,-71.10375,6.26,73.00,20.29,0.00
"Jul 22 2009 10:49:09",42.76994,-71.10375,5.98,74.00,20.29,0.00
"Jul 22 2009 10:49:10",42.76994,-71.10375,5.95,74.00,20.29,0.00
"Jul 22 2009 10:49:12",42.76994,-71.10375,6.10,74.00,20.29,54.00
"Jul 22 2009 10:49:13",42.76994,-71.10375,6.10,74.00,20.29,0.00
"Jul 22 2009 10:49:14",42.76994,-71.10375,6.14,73.00,20.29,16.00
"Jul 22 2009 10:49:15",42.76994,-71.10375,6.26,74.00,20.29,18.00
"Jul 22 2009 10:49:16",42.76994,-71.10375,6.18,73.00,20.29,0.00
"Jul 22 2009 10:49:17",42.76994,-71.10375,6.06,73.00,20.29,0.00
"Jul 22 2009 10:49:18",42.76994,-71.10375,6.18,74.00,20.29,20.00
"Jul 22 2009 10:49:19",42.76994,-71.10375,6.34,73.00,20.29,0.00
"Jul 22 2009 10:49:20",42.76994,-71.10375,6.18,73.00,20.29,0.00
"Jul 22 2009 10:49:21",42.76994,-71.10375,6.22,73.00,20.29,0.00
"Jul 22 2009 10:49:23",42.76994,-71.10375,6.10,73.00,20.29,13.00
"Jul 22 2009 10:49:24",42.76994,-71.10375,6.18,74.00,20.29,0.00
"Jul 22 2009 10:49:25",42.76994,-71.10375,6.14,74.00,20.29,1.00
"Jul 22 2009 10:49:26",42.76994,-71.10375,6.22,73.00,20.29,0.00
"Jul 22 2009 10:49:27",42.76994,-71.10375,6.22,72.00,21.67,0.00
"Jul 22 2009 10:49:28",42.76994,-71.10375,6.22,72.00,20.29,0.00
"Jul 22 2009 10:49:29",42.76994,-71.10375,6.18,72.00,20.29,0.00
"Jul 22 2009 10:49:30",42.76994,-71.10375,6.22,72.00,20.29,0.00
"Jul 22 2009 10:49:31",42.76994,-71.10375,6.22,72.00,20.29,0.00
"Jul 22 2009 10:49:32",42.76994,-71.10375,6.14,72.00,20.29,0.00
"Jul 22 2009 10:49:33",42.76994,-71.10375,6.30,72.00,20.29,0.00
"Jul 22 2009 10:49:35",42.76994,-71.10375,6.02,74.00,20.29,100.00
"Jul 22 2009 10:49:36",42.76994,-71.10375,6.18,74.00,20.29,0.00
"Jul 22 2009 10:49:37",42.76994,-71.10375,6.22,74.00,21.67,0.00
"Jul 22 2009 10:49:38",42.76994,-71.10375,6.18,74.00,20.29,0.00
"Jul 22 2009 10:49:39",42.76994,-71.10375,6.18,74.00,20.29,0.00
"Jul 22 2009 10:49:40",42.76994,-71.10375,6.14,74.00,20.29,100.00
"Jul 22 2009 10:49:41",42.76994,-71.10375,5.98,74.00,20.29,0.00
"Jul 22 2009 10:49:42",42.76994,-71.10375,6.10,74.00,20.29,0.00
"Jul 22 2009 10:49:43",42.76994,-71.10375,6.14,74.00,20.29,0.00
"Jul 22 2009 10:49:44",42.76994,-71.10375,6.14,74.00,20.29,0.00
"Jul 22 2009 10:49:45",42.76994,-71.10375,6.22,74.00,20.29,0.00
"Jul 22 2009 10:49:47",42.76994,-71.10375,6.18,73.00,20.29,0.00
"Jul 22 2009 10:49:48",42.76994,-71.10375,6.14,74.00,20.29,9.00
"Jul 22 2009 10:49:49",42.76994,-71.10375,6.10,73.00,20.29,0.00
"Jul 22 2009 10:49:50",42.76994,-71.10375,6.02,73.00,20.29,0.00
"Jul 22 2009 10:49:51",42.76994,-71.10375,6.10,73.00,21.67,0.00
"Jul 22 2009 10:49:52",42.76994,-71.10375,6.26,73.00,21.67,0.00
"Jul 22 2009 10:49:53",42.76994,-71.10375,6.14,73.00,20.29,0.00
"Jul 22 2009 10:49:54",42.76994,-71.10375,6.14,73.00,20.29,0.00
"Jul 22 2009 10:49:55",42.76994,-71.10375,6.10,73.00,20.29,0.00
"Jul 22 2009 10:49:56",42.76994,-71.10375,6.18,73.00,20.29,14.00
"Jul 22 2009 10:49:57",42.76994,-71.10375,6.14,74.00,20.29,0.00
"Jul 22 2009 10:49:59",42.76994,-71.10375,6.18,73.00,20.29,0.00
"Jul 22 2009 10:50:00",42.76994,-71.10375,6.18,74.00,20.29,0.00
"Jul 22 2009 10:50:01",42.76994,-71.10375,6.34,73.00,20.29,0.00
"Jul 22 2009 10:50:02",42.76994,-71.10375,6.58,74.00,20.29,0.00
"Jul 22 2009 10:50:03",42.76994,-71.10375,6.14,74.00,20.29,0.00
"Jul 22 2009 10:50:04",42.76994,-71.10375,6.06,73.00,20.29,0.00
"Jul 22 2009 10:50:05",42.76994,-71.10375,6.06,74.00,20.29,0.00
"Jul 22 2009 10:50:06",42.76994,-71.10375,6.26,73.00,21.67,0.00
"Jul 22 2009 10:50:07",42.76994,-71.10375,6.18,74.00,21.67,0.00
"Jul 22 2009 10:50:08",42.76994,-71.10375,6.22,73.00,20.29,0.00
"Jul 22 2009 10:50:10",42.76994,-71.10375,6.26,70.00,20.29,0.00
"Jul 22 2009 10:50:11",42.76994,-71.10375,6.22,72.00,20.29,0.00
"Jul 22 2009 10:50:12",42.76994,-71.10375,6.10,72.00,20.29,0.00
"Jul 22 2009 10:50:13",42.76994,-71.10375,6.18,72.00,20.29,0.00
"Jul 22 2009 10:50:14",42.76994,-71.10375,6.18,72.00,20.29,0.00
"Jul 22 2009 10:50:15",42.76994,-71.10375,6.02,74.00,21.67,0.00
"Jul 22 2009 10:50:16",42.76994,-71.10375,6.10,74.00,20.29,0.00
"Jul 22 2009 10:50:17",42.76994,-71.10375,6.02,74.00,20.29,0.00
"Jul 22 2009 10:50:18",42.76994,-71.10375,6.18,74.00,21.67,0.00
"Jul 22 2009 10:50:19",42.76994,-71.10375,6.14,74.00,20.29,0.00
"Jul 22 2009 10:50:20",42.76994,-71.10375,6.06,74.00,20.29,0.00
"Jul 22 2009 10:50:22",42.76994,-71.10375,6.10,74.00,21.67,0.00
"Jul 22 2009 10:50:23",42.76994,-71.10375,5.83,74.00,21.67,40.00
"Jul 22 2009 10:50:24",42.76994,-71.10375,6.10,73.00,21.67,10.00
"Jul 22 2009 10:50:25",42.76994,-71.10375,6.10,74.00,21.67,0.00
"Jul 22 2009 10:50:26",42.76994,-71.10375,6.06,74.00,20.29,0.00
"Jul 22 2009 10:50:27",42.76994,-71.10375,6.14,74.00,21.67,0.00
"Jul 22 2009 10:50:28",42.76994,-71.10375,6.10,74.00,21.67,38.00
"Jul 22 2009 10:50:29",42.76994,-71.10375,6.10,74.00,20.29,0.00
"Jul 22 2009 10:50:30",42.76994,-71.10375,6.10,74.00,20.29,8.00
"Jul 22 2009 10:50:31",42.76994,-71.10375,6.06,74.00,20.29,0.00
"Jul 22 2009 10:50:32",42.76994,-71.10375,6.18,73.00,21.67,0.00
"Jul 22 2009 10:50:34",42.76994,-71.10375,6.18,74.00,21.67,0.00
"Jul 22 2009 10:50:35",42.76966,-71.10255,6.14,74.00,21.67,0.00
"Jul 22 2009 10:50:36",42.76981,-71.10325,6.06,74.00,21.67,0.00
"Jul 22 2009 10:50:37",42.77006,-71.103714,6.06,74.00,21.67,0.00
"Jul 22 2009 10:50:38",42.77038,-71.10452,6.14,74.00,21.67,0.00
"Jul 22 2009 10:50:39",42.770287,-71.10427,6.06,74.00,21.67,0.00
"Jul 22 2009 10:50:40",42.770256,-71.10442,6.18,74.00,21.67,8.00
"Jul 22 2009 10:50:41",42.769985,-71.103935,6.06,74.00,21.67,0.00
"Jul 22 2009 10:50:42",42.769817,-71.10364,6.10,74.00,21.67,10.00
"Jul 22 2009 10:50:43",42.769863,-71.10389,6.10,74.00,20.29,13.00
"Jul 22 2009 10:50:44",42.769688,-71.103584,6.10,74.00,21.67,0.00
"Jul 22 2009 10:50:45",42.769962,-71.10384,6.30,74.00,21.67,0.00
"Jul 22 2009 10:50:47",42.769955,-71.103355,6.18,74.00,21.67,7.00
"Jul 22 2009 10:50:48",42.76976,-71.10304,6.10,74.00,21.67,0.00
"Jul 22 2009 10:50:49",42.769566,-71.102715,6.10,74.00,21.67,0.00
"Jul 22 2009 10:50:50",42.769688,-71.10336,6.18,74.00,21.67,9.00
"Jul 22 2009 10:50:51",42.76989,-71.10371,6.18,74.00,21.67,13.00
"Jul 22 2009 10:50:52",42.76972,-71.103355,6.10,74.00,21.67,0.00
"Jul 22 2009 10:50:53",42.76984,-71.10356,6.18,74.00,21.67,0.00
"Jul 22 2009 10:50:54",42.76966,-71.10285,6.10,74.00,21.67,0.00
"Jul 22 2009 10:50:55",42.769783,-71.10322,6.14,74.00,21.67,0.00
"Jul 22 2009 10:50:56",42.769726,-71.102776,6.10,73.00,21.67,0.00
"Jul 22 2009 10:50:57",42.76972,-71.10278,6.10,74.00,21.67,0.00
"Jul 22 2009 10:50:59",42.76959,-71.102936,6.06,73.00,21.67,0.00
"Jul 22 2009 10:51:00",42.76951,-71.10283,5.87,73.00,21.67,0.00
"Jul 22 2009 10:51:01",42.769424,-71.10226,6.10,73.00,21.67,0.00
"Jul 22 2009 10:51:02",42.769424,-71.10226,6.06,73.00,21.67,48.00
"Jul 22 2009 10:51:03",42.769424,-71.10226,6.18,73.00,21.67,0.00
"Jul 22 2009 10:51:04",42.769882,-71.10331,6.38,71.00,21.67,0.00
"Jul 22 2009 10:51:05",42.76984,-71.10342,6.42,64.00,20.29,0.00
"Jul 22 2009 10:51:06",42.7698,-71.10336,5.98,73.00,21.67,0.00
"Jul 22 2009 10:51:07",42.76992,-71.10356,5.87,73.00,21.67,0.00
"Jul 22 2009 10:51:08",42.769604,-71.102585,6.58,71.00,21.67,0.00
"Jul 22 2009 10:51:09",42.769566,-71.10296,6.06,72.00,21.67,0.00
"Jul 22 2009 10:51:11",42.76967,-71.10293,6.18,72.00,21.67,11.00
"Jul 22 2009 10:51:12",42.76967,-71.10293,6.22,72.00,21.67,0.00
"Jul 22 2009 10:51:13",42.76967,-71.10293,5.51,74.00,21.67,0.00
"Jul 22 2009 10:51:14",42.76967,-71.10293,5.59,74.00,21.67,0.00
"Jul 22 2009 10:51:15",42.76967,-71.10293,6.10,72.00,20.29,0.00
"Jul 22 2009 10:51:16",42.76967,-71.10293,6.10,72.00,21.67,0.00
"Jul 22 2009 10:51:17",42.76967,-71.10293,6.18,72.00,20.29,0.00
"Jul 22 2009 10:51:18",42.76967,-71.10293,5.98,74.00,21.67,0.00
"Jul 22 2009 10:51:19",42.76967,-71.10293,6.22,73.00,20.29,0.00
"Jul 22 2009 10:51:20",42.76967,-71.10293,5.95,72.00,20.29,0.00
"Jul 22 2009 10:51:22",42.76967,-71.10293,5.67,72.00,21.67,0.00
"Jul 22 2009 10:51:23",42.76967,-71.10293,6.02,74.00,20.29,0.00
"Jul 22 2009 10:51:24",42.76967,-71.10293,5.98,74.00,21.67,0.00
"Jul 22 2009 10:51:25",42.76967,-71.10293,5.95,74.00,21.67,33.00
"Jul 22 2009 10:51:26",42.76967,-71.10293,5.98,72.00,20.29,0.00
"Jul 22 2009 10:51:27",42.76967,-71.10293,6.02,73.00,21.67,1.00
"Jul 22 2009 10:51:28",42.769978,-71.103325,6.02,73.00,21.67,34.00
"Jul 22 2009 10:51:29",42.769978,-71.103325,6.06,73.00,21.67,8.00
"Jul 22 2009 10:51:30",42.769978,-71.103325,6.10,73.00,21.67,0.00
"Jul 22 2009 10:51:31",42.769978,-71.103325,6.10,72.00,21.67,0.00
"Jul 22 2009 10:51:33",42.769978,-71.103325,6.26,73.00,20.29,0.00
"Jul 22 2009 10:51:34",42.769978,-71.103325,6.10,73.00,20.29,0.00
"Jul 22 2009 10:51:35",42.769978,-71.103325,6.10,73.00,20.29,62.00
"Jul 22 2009 10:51:36",42.769978,-71.103325,6.14,74.00,20.29,0.00
"Jul 22 2009 10:51:37",42.769978,-71.103325,6.14,74.00,20.29,8.00
"Jul 22 2009 10:51:38",42.769978,-71.103325,6.14,74.00,20.29,0.00
"Jul 22 2009 10:51:39",42.769978,-71.103325,6.14,74.00,20.29,0.00
"Jul 22 2009 10:51:40",42.769978,-71.103325,6.22,74.00,20.29,0.00
"Jul 22 2009 10:51:41",42.769978,-71.103325,6.10,73.00,21.67,0.00
"Jul 22 2009 10:51:42",42.769978,-71.103325,6.38,73.00,20.29,0.00
"Jul 22 2009 10:51:43",42.769978,-71.103325,6.30,74.00,21.67,2.00
"Jul 22 2009 10:51:45",42.769978,-71.103325,6.22,73.00,21.67,0.00
"Jul 22 2009 10:51:46",42.769978,-71.103325,6.06,74.00,21.67,0.00
"Jul 22 2009 10:51:47",42.769978,-71.103325,5.95,74.00,21.67,0.00
"Jul 22 2009 10:51:48",42.769978,-71.103325,6.02,74.00,21.67,14.00
"Jul 22 2009 10:51:49",42.769978,-71.103325,6.06,73.00,20.29,21.00
"Jul 22 2009 10:51:50",42.769978,-71.103325,5.98,73.00,20.29,0.00
"Jul 22 2009 10:51:51",42.769978,-71.103325,6.02,72.00,20.29,0.00
"Jul 22 2009 10:51:52",42.769978,-71.103325,5.95,72.00,20.29,0.00
"Jul 22 2009 10:51:53",42.77032,-71.104,5.91,72.00,21.67,0.00
"Jul 22 2009 10:51:54",42.770035,-71.10344,5.95,36.00,20.29,0.00
"Jul 22 2009 10:51:55",42.770035,-71.10344,5.95,7.00,20.29,0.00
"Jul 22 2009 10:51:57",42.770035,-71.10344,6.06,3.00,20.29,0.00
"Jul 22 2009 10:51:58",42.770035,-71.10344,5.75,0.00,20.29,0.00
"Jul 22 2009 10:51:59",42.770035,-71.10344,5.75,0.00,21.67,6.00
"Jul 22 2009 10:52:00",42.770035,-71.10344,6.54,1.00,20.29,0.00
"Jul 22 2009 10:52:01",42.770035,-71.10344,6.46,5.00,20.29,0.00
"Jul 22 2009 10:52:02",42.770035,-71.10344,6.10,7.00,20.29,100.00
"Jul 22 2009 10:52:03",42.770035,-71.10344,6.26,3.00,20.29,0.00
"Jul 22 2009 10:52:04",42.770035,-71.10344,5.87,0.00,20.29,10.00
"Jul 22 2009 10:52:05",42.770035,-71.10344,5.83,0.00,20.29,0.00
"Jul 22 2009 10:52:06",42.770035,-71.10344,5.87,0.00,20.29,0.00
"Jul 22 2009 10:52:07",42.770035,-71.10344,5.95,0.00,21.67,0.00
"Jul 22 2009 10:52:08",42.769817,-71.1023,6.34,0.00,20.29,0.00
"Jul 22 2009 10:52:10",42.769897,-71.10298,6.14,0.00,20.29,0.00
"Jul 22 2009 10:52:11",42.770092,-71.10327,5.91,1.00,20.29,6.00
"Jul 22 2009 10:52:12",42.770042,-71.10341,5.91,2.00,20.29,0.00
"Jul 22 2009 10:52:13",42.769955,-71.103035,6.18,3.00,20.29,0.00
"Jul 22 2009 10:52:14",42.769985,-71.10326,5.87,3.00,20.29,0.00
"Jul 22 2009 10:52:15",42.77007,-71.10343,5.98,1.00,20.29,0.00
"Jul 22 2009 10:52:16",42.77002,-71.10345,6.42,1.00,20.29,0.00
"Jul 22 2009 10:52:17",42.769985,-71.10328,7.22,0.00,20.29,0.00
"Jul 22 2009 10:52:18",42.769947,-71.10308,6.14,0.00,20.29,0.00
"Jul 22 2009 10:52:19",42.769913,-71.10325,6.18,0.00,20.29,0.00
"Jul 22 2009 10:52:20",42.76994,-71.10312,6.26,8.00,20.29,0.00
"Jul 22 2009 10:52:22",42.769947,-71.10301,6.18,0.00,20.29,0.00
"Jul 22 2009 10:52:23",42.769905,-71.102936,6.02,2.00,20.29,30.00
"Jul 22 2009 10:52:24",42.769833,-71.102684,5.83,4.00,20.29,0.00
"Jul 22 2009 10:52:25",42.769863,-71.10295,6.18,2.00,20.29,0.00
"Jul 22 2009 10:52:26",42.769947,-71.103264,6.30,5.00,21.67,0.00
"Jul 22 2009 10:52:27",42.769955,-71.10315,5.95,6.00,20.29,9.00
"Jul 22 2009 10:52:28",42.769955,-71.10314,5.95,1.00,20.29,0.00
"Jul 22 2009 10:52:29",42.76997,-71.103424,5.79,5.00,20.29,0.00
"Jul 22 2009 10:52:30",42.77007,-71.10357,6.02,7.00,20.29,0.00
"Jul 22 2009 10:52:31",42.77007,-71.10357,5.75,1.00,20.29,24.00
"Jul 22 2009 10:52:33",42.77007,-71.10357,5.87,2.00,20.29,6.00
"Jul 22 2009 10:52:34",42.77007,-71.10357,6.46,5.00,20.29,0.00
"Jul 22 2009 10:52:35",42.769882,-71.10326,6.02,2.00,20.29,0.00
"Jul 22 2009 10:52:36",42.769997,-71.10362,5.79,5.00,20.29,0.00
"Jul 22 2009 10:52:37",42.770077,-71.10406,6.54,0.00,20.29,0.00
"Jul 22 2009 10:52:38",42.77006,-71.103485,6.34,1.00,20.29,0.00
"Jul 22 2009 10:52:39",42.769897,-71.10336,6.70,4.00,21.67,0.00
"Jul 22 2009 10:52:40",42.77001,-71.1034,6.78,0.00,20.29,0.00
"Jul 22 2009 10:52:41",42.769955,-71.10344,6.10,1.00,20.29,0.00
"Jul 22 2009 10:52:42",42.76994,-71.10328,6.26,5.00,20.29,0.00
"Jul 22 2009 10:52:43",42.769817,-71.10305,5.98,0.00,20.29,0.00
"Jul 22 2009 10:52:44",42.769947,-71.103325,5.98,0.00,20.29,0.00
"Jul 22 2009 10:52:46",42.769978,-71.10373,6.14,3.00,20.29,0.00
"Jul 22 2009 10:52:47",42.769962,-71.10343,5.91,0.00,20.29,0.00
"Jul 22 2009 10:52:48",42.769848,-71.10319,6.10,3.00,20.29,0.00
"Jul 22 2009 10:52:49",42.769855,-71.103004,5.95,5.00,20.29,2.00
"Jul 22 2009 10:52:50",42.76989,-71.103226,6.18,0.00,20.29,0.00
"Jul 22 2009 10:52:51",42.769775,-71.10308,6.22,1.00,20.29,23.00
"Jul 22 2009 10:52:52",42.769768,-71.10314,6.10,7.00,21.67,3.00
"Jul 22 2009 10:52:53",42.769848,-71.10315,5.91,1.00,20.29,0.00
"Jul 22 2009 10:52:54",42.770084,-71.10415,5.75,5.00,20.29,0.00
"Jul 22 2009 10:52:55",42.77019,-71.104416,6.02,6.00,20.29,13.00
"Jul 22 2009 10:52:56",42.770164,-71.104095,5.79,1.00,20.29,0.00
"Jul 22 2009 10:52:58",42.76993,-71.10354,5.87,7.00,20.29,0.00
"Jul 22 2009 10:52:59",42.769855,-71.10352,6.02,9.00,20.29,0.00
"Jul 22 2009 10:53:00",42.76994,-71.10369,6.10,3.00,20.29,0.00
"Jul 22 2009 10:53:01",42.770004,-71.10374,6.34,10.00,21.67,0.00
"Jul 22 2009 10:53:02",42.769817,-71.10322,6.46,1.00,21.67,0.00
"Jul 22 2009 10:53:03",42.769775,-71.10316,6.30,4.00,20.29,0.00
"Jul 22 2009 10:53:04",42.769848,-71.10334,6.30,1.00,20.29,0.00
"Jul 22 2009 10:53:05",42.769955,-71.1035,6.18,1.00,20.29,0.00
"Jul 22 2009 10:53:06",42.76992,-71.10304,6.18,5.00,20.29,0.00
"Jul 22 2009 10:53:07",42.76981,-71.1031,5.95,11.00,21.67,0.00
"Jul 22 2009 10:53:08",42.769753,-71.10296,6.18,22.00,21.67,0.00
"Jul 22 2009 10:53:10",42.76979,-71.103134,5.98,25.00,20.29,0.00
"Jul 22 2009 10:53:11",42.76974,-71.10317,6.22,17.00,20.29,0.00
"Jul 22 2009 10:53:12",42.769947,-71.10383,5.98,16.00,20.29,0.00
"Jul 22 2009 10:53:13",42.769897,-71.103836,5.79,16.00,21.67,0.00
"Jul 22 2009 10:53:14",42.769863,-71.10374,5.95,18.00,20.29,0.00
"Jul 22 2009 10:53:15",42.77006,-71.10421,6.02,21.00,20.29,0.00
"Jul 22 2009 10:53:16",42.769997,-71.104034,6.14,22.00,21.67,0.00
"Jul 22 2009 10:53:17",42.76992,-71.10417,6.26,8.00,21.67,0.00
"Jul 22 2009 10:53:18",42.76972,-71.10379,6.18,12.00,21.67,0.00
