time,lat,long,accel,light,temp,sound
"Jul 22 2009 09:02:27",0.0,0.0,6.18,34.00,46.59,6.00
"Jul 22 2009 09:02:29",0.0,0.0,6.18,28.00,46.59,0.00
"Jul 22 2009 09:02:30",0.0,0.0,6.46,29.00,46.59,0.00
"Jul 22 2009 09:02:31",0.0,0.0,6.38,47.00,45.21,0.00
"Jul 22 2009 09:02:32",0.0,0.0,6.26,48.00,46.59,0.00
"Jul 22 2009 09:02:33",0.0,0.0,6.14,47.00,45.21,38.00
"Jul 22 2009 09:02:34",0.0,0.0,6.22,45.00,46.59,0.00
"Jul 22 2009 09:02:35",0.0,0.0,6.26,37.00,45.21,0.00
"Jul 22 2009 09:02:36",0.0,0.0,6.10,32.00,46.59,0.00
"Jul 22 2009 09:02:37",0.0,0.0,6.02,20.00,46.59,5.00
"Jul 22 2009 09:02:38",0.0,0.0,6.18,18.00,45.21,0.00
"Jul 22 2009 09:02:39",0.0,0.0,6.14,17.00,46.59,0.00
"Jul 22 2009 09:02:40",0.0,0.0,6.14,23.00,45.21,0.00
"Jul 22 2009 09:02:42",0.0,0.0,6.02,21.00,46.59,0.00
"Jul 22 2009 09:02:43",0.0,0.0,6.10,22.00,45.21,0.00
"Jul 22 2009 09:02:44",0.0,0.0,6.10,21.00,46.59,18.00
"Jul 22 2009 09:02:45",0.0,0.0,6.10,27.00,45.21,0.00
"Jul 22 2009 09:02:46",0.0,0.0,6.14,24.00,46.59,0.00
"Jul 22 2009 09:02:47",0.0,0.0,6.18,35.00,46.59,0.00
"Jul 22 2009 09:02:50",0.0,0.0,6.02,23.00,45.21,0.00
"Jul 22 2009 09:02:51",0.0,0.0,6.10,27.00,46.59,5.00
"Jul 22 2009 09:02:52",0.0,0.0,6.18,30.00,46.59,0.00
"Jul 22 2009 09:02:53",0.0,0.0,6.18,32.00,45.21,0.00
"Jul 22 2009 09:02:54",0.0,0.0,6.14,29.00,45.21,0.00
"Jul 22 2009 09:02:55",0.0,0.0,6.10,31.00,46.59,0.00
"Jul 22 2009 09:02:57",0.0,0.0,6.10,35.00,46.59,0.00
"Jul 22 2009 09:02:58",0.0,0.0,6.10,33.00,46.59,0.00
"Jul 22 2009 09:02:59",0.0,0.0,6.10,26.00,46.59,56.00
"Jul 22 2009 09:03:00",0.0,0.0,6.06,21.00,46.59,16.00
"Jul 22 2009 09:03:01",0.0,0.0,6.14,14.00,45.21,0.00
"Jul 22 2009 09:03:02",0.0,0.0,6.06,21.00,45.21,0.00
"Jul 22 2009 09:03:03",0.0,0.0,5.95,18.00,45.21,0.00
"Jul 22 2009 09:03:04",0.0,0.0,6.14,22.00,46.59,0.00
"Jul 22 2009 09:03:05",0.0,0.0,6.22,35.00,46.59,0.00
"Jul 22 2009 09:03:06",0.0,0.0,6.22,32.00,46.59,0.00
"Jul 22 2009 09:03:07",0.0,0.0,6.34,34.00,46.59,0.00
"Jul 22 2009 09:03:08",0.0,0.0,6.22,15.00,46.59,0.00
"Jul 22 2009 09:03:10",0.0,0.0,6.22,41.00,46.59,0.00
"Jul 22 2009 09:03:11",0.0,0.0,6.18,38.00,46.59,0.00
"Jul 22 2009 09:03:12",0.0,0.0,6.18,29.00,46.59,9.00
"Jul 22 2009 09:03:13",0.0,0.0,6.22,10.00,46.59,0.00
"Jul 22 2009 09:03:14",0.0,0.0,6.18,34.00,46.59,0.00
"Jul 22 2009 09:03:15",0.0,0.0,6.22,30.00,46.59,0.00
"Jul 22 2009 09:03:16",0.0,0.0,6.18,20.00,46.59,64.00
"Jul 22 2009 09:03:17",0.0,0.0,6.18,25.00,46.59,0.00
"Jul 22 2009 09:03:18",0.0,0.0,6.22,34.00,46.59,0.00
"Jul 22 2009 09:03:19",0.0,0.0,6.18,38.00,46.59,6.00
"Jul 22 2009 09:03:20",0.0,0.0,6.22,38.00,46.59,0.00
"Jul 22 2009 09:03:22",0.0,0.0,6.22,38.00,46.59,0.00
"Jul 22 2009 09:03:23",0.0,0.0,6.22,31.00,46.59,2.00
"Jul 22 2009 09:03:24",0.0,0.0,6.22,36.00,46.59,53.00
"Jul 22 2009 09:03:25",0.0,0.0,6.22,42.00,46.59,0.00
"Jul 22 2009 09:03:26",0.0,0.0,6.22,39.00,46.59,0.00
"Jul 22 2009 09:03:27",0.0,0.0,6.22,39.00,46.59,0.00
"Jul 22 2009 09:31:19",42.76963,-71.10345,6.18,12.00,47.98,0.00
"Jul 22 2009 09:31:20",42.76962,-71.10345,6.18,12.00,47.98,12.00
"Jul 22 2009 09:31:21",42.769604,-71.10345,6.22,12.00,46.59,0.00
"Jul 22 2009 09:31:22",42.769604,-71.10345,6.22,13.00,46.59,0.00
"Jul 22 2009 09:31:23",42.769596,-71.10345,6.18,9.00,46.59,0.00
"Jul 22 2009 09:31:24",42.769596,-71.10345,6.18,9.00,47.98,0.00
"Jul 22 2009 09:31:25",42.769596,-71.10346,6.18,9.00,47.98,0.00
"Jul 22 2009 09:31:26",42.769604,-71.10347,6.22,11.00,46.59,0.00
"Jul 22 2009 09:31:27",42.769604,-71.103485,6.18,11.00,46.59,0.00
"Jul 22 2009 09:31:29",42.769604,-71.103516,6.22,10.00,47.98,0.00
"Jul 22 2009 09:31:30",42.769604,-71.10352,6.22,10.00,47.98,0.00
"Jul 22 2009 09:31:31",42.769604,-71.10353,6.18,9.00,47.98,0.00
"Jul 22 2009 09:31:32",42.769596,-71.10353,6.22,10.00,47.98,0.00
"Jul 22 2009 09:31:33",42.76959,-71.10354,6.22,11.00,47.98,0.00
"Jul 22 2009 09:31:34",42.76959,-71.103546,6.18,13.00,46.59,0.00
"Jul 22 2009 09:31:35",42.76958,-71.10355,6.26,13.00,47.98,0.00
"Jul 22 2009 09:31:36",42.769573,-71.10356,6.26,12.00,46.59,0.00
"Jul 22 2009 09:31:37",42.769566,-71.10357,6.14,8.00,47.98,30.00
"Jul 22 2009 09:31:38",42.769566,-71.10357,6.14,11.00,47.98,10.00
"Jul 22 2009 09:31:39",42.769554,-71.103584,6.18,11.00,47.98,0.00
"Jul 22 2009 09:31:40",42.769554,-71.103584,6.22,10.00,47.98,0.00
"Jul 22 2009 09:31:42",42.769566,-71.10357,6.18,10.00,46.59,0.00
"Jul 22 2009 09:31:43",42.769573,-71.10357,6.18,5.00,47.98,0.00
"Jul 22 2009 09:31:44",42.769573,-71.10357,6.22,5.00,46.59,0.00
"Jul 22 2009 09:31:45",42.769566,-71.103584,6.18,8.00,47.98,0.00
"Jul 22 2009 09:31:46",42.769547,-71.10359,6.22,8.00,46.59,31.00
"Jul 22 2009 09:31:47",42.769547,-71.1036,6.22,6.00,47.98,0.00
"Jul 22 2009 09:31:48",42.769547,-71.1036,6.18,7.00,47.98,0.00
"Jul 22 2009 09:31:49",42.769554,-71.1036,6.18,10.00,46.59,0.00
"Jul 22 2009 09:31:50",42.769554,-71.1036,6.26,12.00,47.98,0.00
"Jul 22 2009 09:31:51",42.769566,-71.10359,6.22,12.00,46.59,0.00
"Jul 22 2009 09:31:52",42.769573,-71.10359,6.18,12.00,47.98,0.00
"Jul 22 2009 09:31:53",42.76958,-71.10359,6.18,15.00,47.98,0.00
"Jul 22 2009 09:31:54",42.76958,-71.103584,6.18,14.00,47.98,0.00
"Jul 22 2009 09:31:56",42.769596,-71.10356,6.18,13.00,47.98,10.00
"Jul 22 2009 09:31:57",42.769596,-71.10356,6.18,13.00,47.98,3.00
"Jul 22 2009 09:31:58",42.769604,-71.10355,6.18,12.00,47.98,11.00
"Jul 22 2009 09:31:59",42.76961,-71.103546,6.18,9.00,46.59,0.00
"Jul 22 2009 09:32:00",42.76961,-71.103546,6.22,11.00,47.98,0.00
"Jul 22 2009 09:32:01",42.76961,-71.103546,6.22,16.00,47.98,0.00
"Jul 22 2009 09:32:02",42.76962,-71.103546,6.22,17.00,47.98,0.00
"Jul 22 2009 09:32:03",42.76962,-71.103546,6.22,12.00,46.59,0.00
"Jul 22 2009 09:32:04",42.76963,-71.10354,6.22,3.00,46.59,0.00
"Jul 22 2009 09:32:05",42.76963,-71.10354,6.18,9.00,46.59,0.00
"Jul 22 2009 09:32:06",42.76963,-71.10354,6.22,14.00,47.98,0.00
"Jul 22 2009 09:32:07",42.76962,-71.103546,6.22,14.00,47.98,41.00
"Jul 22 2009 09:32:09",42.76961,-71.103546,6.18,14.00,47.98,0.00
"Jul 22 2009 09:32:10",42.76961,-71.103546,6.22,14.00,47.98,0.00
"Jul 22 2009 09:32:11",42.76961,-71.103546,6.18,13.00,47.98,0.00
"Jul 22 2009 09:32:12",42.76961,-71.103546,6.22,10.00,47.98,43.00
"Jul 22 2009 09:32:13",42.76962,-71.103546,6.18,12.00,47.98,23.00
"Jul 22 2009 10:39:31",42.76979,-71.103546,6.18,0.00,45.21,0.00
"Jul 22 2009 10:39:32",42.76981,-71.10354,6.70,1.00,45.21,0.00
"Jul 22 2009 10:39:34",42.76981,-71.103546,6.14,0.00,45.21,100.00
"Jul 22 2009 10:39:35",42.76981,-71.103516,5.91,0.00,45.21,0.00
"Jul 22 2009 10:39:36",42.7698,-71.10346,6.26,1.00,45.21,0.00
"Jul 22 2009 10:39:37",42.76979,-71.10345,6.06,0.00,45.21,0.00
"Jul 22 2009 10:39:38",42.769783,-71.10343,6.06,1.00,45.21,0.00
"Jul 22 2009 10:39:39",42.769783,-71.10344,5.63,0.00,45.21,0.00
"Jul 22 2009 10:39:40",42.769783,-71.10343,6.26,0.00,45.21,0.00
"Jul 22 2009 10:39:41",42.76979,-71.10343,6.10,0.00,45.21,0.00
"Jul 22 2009 10:39:42",42.769783,-71.10342,5.55,0.00,45.21,6.00
"Jul 22 2009 10:39:43",42.76979,-71.10342,5.75,0.00,45.21,0.00
"Jul 22 2009 10:39:44",42.769783,-71.1034,7.10,1.00,45.21,0.00
"Jul 22 2009 10:39:45",42.769775,-71.10338,6.54,4.00,45.21,0.00
"Jul 22 2009 10:39:46",42.769775,-71.10336,6.06,1.00,45.21,0.00
"Jul 22 2009 10:39:48",42.76976,-71.10337,5.98,1.00,45.21,0.00
"Jul 22 2009 10:39:49",42.769753,-71.103355,6.42,2.00,45.21,0.00
"Jul 22 2009 10:39:50",42.76974,-71.103355,5.67,0.00,45.21,0.00
"Jul 22 2009 10:39:51",42.769753,-71.10334,0.40,0.00,45.21,0.00
"Jul 22 2009 10:39:52",42.76976,-71.1033,7.70,2.00,45.21,0.00
"Jul 22 2009 10:39:53",42.769768,-71.10327,5.67,0.00,45.21,0.00
"Jul 22 2009 10:39:54",42.769783,-71.10326,6.14,0.00,45.21,0.00
"Jul 22 2009 10:39:55",42.769783,-71.10324,6.46,3.00,45.21,0.00
"Jul 22 2009 10:39:56",42.76979,-71.10326,5.95,4.00,45.21,0.00
"Jul 22 2009 10:39:57",42.769825,-71.10325,6.10,0.00,45.21,0.00
"Jul 22 2009 10:39:58",42.769817,-71.1032,5.98,0.00,45.21,0.00
"Jul 22 2009 10:39:59",42.76981,-71.10318,6.10,8.00,45.21,0.00
"Jul 22 2009 10:40:00",42.7698,-71.10315,5.95,1.00,45.21,0.00
"Jul 22 2009 10:40:01",42.76981,-71.103134,5.91,1.00,45.21,15.00
"Jul 22 2009 10:40:03",42.7698,-71.10305,6.02,0.00,45.21,0.00
"Jul 22 2009 10:40:04",42.76979,-71.10303,6.18,0.00,45.21,0.00
"Jul 22 2009 10:40:05",42.76979,-71.10301,6.38,4.00,45.21,0.00
"Jul 22 2009 10:40:06",42.7698,-71.103004,6.38,0.00,45.21,0.00
"Jul 22 2009 10:40:07",42.7698,-71.10299,0.16,1.00,45.21,0.00
"Jul 22 2009 10:40:08",42.769817,-71.10299,9.74,0.00,45.21,0.00
"Jul 22 2009 10:40:09",42.769833,-71.10301,0.52,0.00,45.21,0.00
"Jul 22 2009 10:40:10",42.76984,-71.10301,8.86,0.00,45.21,0.00
"Jul 22 2009 10:40:11",42.769848,-71.103004,8.18,0.00,45.21,0.00
"Jul 22 2009 10:40:12",42.769848,-71.10299,7.10,0.00,45.21,0.00
"Jul 22 2009 10:40:13",42.769848,-71.102974,6.22,0.00,43.82,0.00
"Jul 22 2009 10:40:15",42.769833,-71.102905,6.06,0.00,45.21,0.00
"Jul 22 2009 10:40:16",42.76984,-71.10289,6.38,0.00,43.82,0.00
"Jul 22 2009 10:40:17",42.769833,-71.10289,6.90,1.00,43.82,0.00
"Jul 22 2009 10:40:18",42.769833,-71.10288,5.95,0.00,45.21,0.00
"Jul 22 2009 10:40:19",42.769833,-71.10288,5.83,1.00,43.82,0.00
"Jul 22 2009 10:40:20",42.769817,-71.102875,6.74,4.00,43.82,0.00
"Jul 22 2009 10:40:21",42.769825,-71.10287,6.34,5.00,45.21,0.00
"Jul 22 2009 10:40:22",42.769817,-71.10287,6.58,0.00,45.21,0.00
"Jul 22 2009 10:40:23",42.7698,-71.102875,5.95,0.00,43.82,0.00
"Jul 22 2009 10:40:24",42.769783,-71.10287,6.26,0.00,43.82,5.00
"Jul 22 2009 10:40:25",42.769768,-71.10287,5.95,0.00,43.82,0.00
"Jul 22 2009 10:40:26",42.76976,-71.102875,7.30,1.00,45.21,0.00
"Jul 22 2009 10:40:27",42.76976,-71.102875,5.79,3.00,45.21,0.00
"Jul 22 2009 10:40:28",42.769768,-71.102875,6.10,3.00,43.82,0.00
"Jul 22 2009 10:40:30",42.76979,-71.10289,6.18,0.00,43.82,0.00
"Jul 22 2009 10:40:31",42.76981,-71.102875,6.10,0.00,43.82,28.00
"Jul 22 2009 10:40:32",42.76981,-71.102875,6.10,0.00,43.82,0.00
"Jul 22 2009 10:40:33",42.769817,-71.102875,6.02,0.00,45.21,0.00
"Jul 22 2009 10:40:34",42.769817,-71.102875,5.75,0.00,43.82,0.00
"Jul 22 2009 10:40:35",42.76981,-71.102875,5.39,0.00,43.82,0.00
"Jul 22 2009 10:40:36",42.76981,-71.10288,5.71,0.00,43.82,0.00
"Jul 22 2009 10:40:37",42.76979,-71.102875,5.91,0.00,43.82,0.00
"Jul 22 2009 10:40:38",42.769783,-71.102875,6.90,0.00,45.21,0.00
"Jul 22 2009 10:40:39",42.769768,-71.10287,9.10,7.00,43.82,0.00
"Jul 22 2009 10:40:40",42.769768,-71.10287,5.98,1.00,45.21,16.00
"Jul 22 2009 10:40:41",42.76976,-71.10286,7.34,1.00,43.82,0.00
"Jul 22 2009 10:40:42",42.769733,-71.10282,5.87,2.00,45.21,19.00
"Jul 22 2009 10:40:44",42.76972,-71.10274,5.98,1.00,43.82,0.00
"Jul 22 2009 10:40:45",42.769703,-71.10269,6.10,0.00,45.21,0.00
"Jul 22 2009 10:40:46",42.769676,-71.10265,6.22,3.00,43.82,0.00
"Jul 22 2009 10:40:47",42.76966,-71.10262,6.18,0.00,43.82,0.00
"Jul 22 2009 10:40:48",42.76967,-71.10261,6.22,10.00,45.21,0.00
"Jul 22 2009 10:40:49",42.769695,-71.10259,6.22,26.00,43.82,3.00
"Jul 22 2009 10:40:50",42.769695,-71.10256,5.63,65.00,43.82,0.00
"Jul 22 2009 10:40:51",42.769676,-71.10254,6.02,69.00,43.82,0.00
"Jul 22 2009 10:40:52",42.769688,-71.10253,6.50,68.00,43.82,0.00
"Jul 22 2009 10:40:53",42.769703,-71.10256,5.75,68.00,43.82,0.00
"Jul 22 2009 10:40:54",42.76971,-71.10256,6.02,68.00,43.82,0.00
"Jul 22 2009 10:40:55",42.76966,-71.10263,5.79,69.00,43.82,0.00
"Jul 22 2009 10:40:57",42.769638,-71.10268,5.75,69.00,43.82,0.00
"Jul 22 2009 10:40:58",42.76962,-71.10269,6.78,67.00,43.82,4.00
"Jul 22 2009 10:40:59",42.76963,-71.10273,6.46,67.00,43.82,0.00
"Jul 22 2009 10:41:00",42.76962,-71.102745,6.02,67.00,43.82,0.00
"Jul 22 2009 10:41:01",42.769604,-71.10275,6.02,67.00,43.82,0.00
"Jul 22 2009 10:41:02",42.76959,-71.10275,6.18,68.00,43.82,62.00
"Jul 22 2009 10:41:03",42.769573,-71.10274,6.10,67.00,43.82,0.00
"Jul 22 2009 10:41:04",42.769524,-71.10268,6.14,68.00,43.82,0.00
"Jul 22 2009 10:41:05",42.76951,-71.102646,6.14,67.00,43.82,0.00
"Jul 22 2009 10:41:06",42.76949,-71.10262,6.06,68.00,43.82,0.00
"Jul 22 2009 10:41:07",42.76948,-71.102585,6.10,68.00,45.21,16.00
"Jul 22 2009 10:41:08",42.769466,-71.10255,6.02,69.00,43.82,0.00
"Jul 22 2009 10:41:10",42.76946,-71.102516,6.34,69.00,43.82,0.00
"Jul 22 2009 10:41:11",42.76945,-71.10251,5.91,69.00,43.82,1.00
"Jul 22 2009 10:41:12",42.76945,-71.10249,6.10,69.00,43.82,0.00
"Jul 22 2009 10:41:13",42.769432,-71.10246,6.34,70.00,43.82,0.00
"Jul 22 2009 10:41:14",42.769432,-71.102455,6.14,70.00,43.82,0.00
"Jul 22 2009 10:41:15",42.769424,-71.10245,6.22,69.00,43.82,0.00
"Jul 22 2009 10:41:16",42.76946,-71.102455,6.10,68.00,43.82,7.00
"Jul 22 2009 10:41:17",42.76946,-71.102425,6.74,69.00,43.82,0.00
"Jul 22 2009 10:41:18",42.769466,-71.10241,6.46,70.00,43.82,5.00
"Jul 22 2009 10:41:19",42.769474,-71.102394,5.98,70.00,43.82,0.00
"Jul 22 2009 10:41:20",42.76949,-71.10244,6.22,69.00,43.82,0.00
"Jul 22 2009 10:41:21",42.76949,-71.10244,6.18,68.00,43.82,0.00
"Jul 22 2009 10:41:22",42.769497,-71.10245,6.02,68.00,43.82,0.00
"Jul 22 2009 10:41:24",42.769497,-71.10251,6.22,68.00,43.82,0.00
"Jul 22 2009 10:41:25",42.769516,-71.102554,6.18,67.00,43.82,0.00
"Jul 22 2009 10:41:26",42.76954,-71.10256,6.22,69.00,43.82,0.00
"Jul 22 2009 10:41:27",42.76953,-71.10255,5.98,69.00,43.82,0.00
"Jul 22 2009 10:41:28",42.769524,-71.10251,6.18,69.00,43.82,9.00
"Jul 22 2009 10:41:29",42.76951,-71.10249,6.30,69.00,43.82,0.00
"Jul 22 2009 10:41:30",42.769524,-71.10249,7.58,69.00,43.82,0.00
"Jul 22 2009 10:41:31",42.76953,-71.1025,8.02,69.00,43.82,0.00
"Jul 22 2009 10:41:32",42.76954,-71.10252,7.70,69.00,43.82,0.00
"Jul 22 2009 10:41:33",42.76954,-71.10254,6.02,69.00,43.82,0.00
"Jul 22 2009 10:41:34",42.769547,-71.10254,6.30,69.00,42.44,0.00
"Jul 22 2009 10:41:35",42.769554,-71.10254,7.62,69.00,43.82,0.00
"Jul 22 2009 10:41:36",42.769566,-71.10253,6.42,69.00,43.82,0.00
"Jul 22 2009 10:41:37",42.769573,-71.10254,5.91,68.00,43.82,0.00
"Jul 22 2009 10:41:39",42.76959,-71.10255,6.06,69.00,43.82,0.00
"Jul 22 2009 10:41:40",42.769596,-71.10255,6.66,69.00,43.82,0.00
"Jul 22 2009 10:41:41",42.769604,-71.10254,6.82,69.00,42.44,0.00
"Jul 22 2009 10:41:42",42.76961,-71.10253,5.75,69.00,42.44,0.00
"Jul 22 2009 10:41:43",42.76961,-71.10252,6.14,69.00,43.82,0.00
"Jul 22 2009 10:41:44",42.76962,-71.10252,5.91,69.00,43.82,0.00
"Jul 22 2009 10:41:45",42.76963,-71.102516,5.87,70.00,43.82,0.00
"Jul 22 2009 10:41:46",42.76963,-71.102516,6.14,70.00,42.44,0.00
"Jul 22 2009 10:41:47",42.76962,-71.102516,5.75,69.00,43.82,26.00
"Jul 22 2009 10:41:48",42.76963,-71.102516,6.98,69.00,42.44,0.00
"Jul 22 2009 10:41:49",42.769646,-71.102516,6.34,69.00,42.44,0.00
"Jul 22 2009 10:41:50",42.769653,-71.10252,6.30,69.00,42.44,0.00
"Jul 22 2009 10:41:51",42.769653,-71.102516,6.66,69.00,42.44,0.00
"Jul 22 2009 10:41:53",42.769653,-71.10252,6.38,69.00,43.82,1.00
"Jul 22 2009 10:41:54",42.769646,-71.10251,7.50,70.00,42.44,0.00
"Jul 22 2009 10:41:55",42.769646,-71.10249,6.26,69.00,42.44,0.00
"Jul 22 2009 10:41:56",42.769646,-71.10249,5.98,69.00,42.44,0.00
"Jul 22 2009 10:41:57",42.769653,-71.10249,5.67,69.00,42.44,0.00
"Jul 22 2009 10:41:58",42.769653,-71.102486,5.91,69.00,43.82,0.00
"Jul 22 2009 10:41:59",42.769653,-71.102486,5.95,69.00,42.44,1.00
"Jul 22 2009 10:42:00",42.769653,-71.102486,5.47,69.00,42.44,0.00
"Jul 22 2009 10:42:01",42.769653,-71.10249,5.95,69.00,42.44,0.00
"Jul 22 2009 10:42:02",42.769653,-71.1025,6.14,68.00,42.44,0.00
"Jul 22 2009 10:42:03",42.76966,-71.1025,5.98,69.00,42.44,0.00
"Jul 22 2009 10:42:05",42.76967,-71.10246,5.98,69.00,42.44,0.00
"Jul 22 2009 10:42:06",42.769688,-71.102455,6.02,69.00,42.44,0.00
"Jul 22 2009 10:42:07",42.769688,-71.10244,5.95,69.00,42.44,0.00
"Jul 22 2009 10:42:08",42.769688,-71.10243,6.30,70.00,42.44,0.00
"Jul 22 2009 10:42:09",42.769695,-71.102425,6.22,69.00,42.44,0.00
"Jul 22 2009 10:42:10",42.769695,-71.10241,5.95,69.00,42.44,0.00
"Jul 22 2009 10:42:11",42.769703,-71.1024,6.38,70.00,42.44,38.00
"Jul 22 2009 10:42:12",42.769703,-71.102394,6.02,69.00,42.44,1.00
"Jul 22 2009 10:42:13",42.769703,-71.10239,5.91,69.00,42.44,0.00
"Jul 22 2009 10:42:14",42.76971,-71.10237,6.02,69.00,42.44,0.00
"Jul 22 2009 10:42:15",42.76972,-71.10237,5.95,69.00,42.44,0.00
"Jul 22 2009 10:42:16",42.769726,-71.10236,5.87,69.00,42.44,12.00
"Jul 22 2009 10:42:17",42.769726,-71.10234,6.34,70.00,42.44,0.00
"Jul 22 2009 10:42:19",42.769733,-71.102325,6.46,70.00,42.44,50.00
"Jul 22 2009 10:42:20",42.769733,-71.1023,6.26,70.00,42.44,0.00
"Jul 22 2009 10:42:21",42.769733,-71.10229,6.54,70.00,42.44,0.00
"Jul 22 2009 10:42:22",42.76974,-71.10228,6.86,70.00,42.44,6.00
"Jul 22 2009 10:42:23",42.76974,-71.10229,7.90,70.00,43.82,0.00
"Jul 22 2009 10:42:24",42.769753,-71.10229,7.70,70.00,42.44,15.00
"Jul 22 2009 10:42:25",42.769753,-71.10229,7.22,70.00,42.44,15.00
"Jul 22 2009 10:42:26",42.76976,-71.10229,5.63,70.00,42.44,0.00
"Jul 22 2009 10:42:27",42.769753,-71.10229,5.39,70.00,42.44,0.00
"Jul 22 2009 10:42:28",42.769753,-71.10227,7.14,69.00,42.44,0.00
"Jul 22 2009 10:42:29",42.76974,-71.102264,6.58,70.00,42.44,10.00
"Jul 22 2009 10:42:30",42.769733,-71.10225,6.14,70.00,42.44,22.00
"Jul 22 2009 10:42:31",42.76972,-71.10222,6.26,70.00,42.44,0.00
"Jul 22 2009 10:42:33",42.769695,-71.102165,6.22,70.00,42.44,0.00
"Jul 22 2009 10:42:34",42.76967,-71.102135,5.75,70.00,42.44,0.00
"Jul 22 2009 10:42:35",42.76967,-71.102104,5.27,70.00,42.44,0.00
"Jul 22 2009 10:42:36",42.76967,-71.102135,7.10,70.00,42.44,0.00
"Jul 22 2009 10:42:37",42.76967,-71.1021,6.38,70.00,42.44,0.00
"Jul 22 2009 10:42:38",42.769676,-71.10205,7.06,70.00,42.44,0.00
"Jul 22 2009 10:42:39",42.769676,-71.10201,6.30,69.00,42.44,0.00
"Jul 22 2009 10:42:40",42.769676,-71.10198,5.91,70.00,42.44,100.00
"Jul 22 2009 10:42:41",42.769676,-71.10197,6.62,70.00,42.44,38.00
"Jul 22 2009 10:42:42",42.76967,-71.10195,6.26,70.00,42.44,0.00
"Jul 22 2009 10:42:43",42.769676,-71.10194,6.06,69.00,42.44,0.00
"Jul 22 2009 10:42:44",42.769676,-71.10191,6.58,69.00,42.44,0.00
"Jul 22 2009 10:42:46",42.769676,-71.10188,6.38,67.00,42.44,0.00
"Jul 22 2009 10:42:47",42.769676,-71.10186,5.98,70.00,42.44,0.00
"Jul 22 2009 10:42:48",42.76967,-71.10186,6.38,70.00,42.44,0.00
"Jul 22 2009 10:42:49",42.76967,-71.10185,5.75,70.00,42.44,43.00
"Jul 22 2009 10:42:50",42.76967,-71.101845,6.90,69.00,41.05,0.00
"Jul 22 2009 10:42:51",42.76967,-71.101845,6.10,69.00,42.44,0.00
"Jul 22 2009 10:42:52",42.76966,-71.10184,6.14,70.00,41.05,0.00
"Jul 22 2009 10:42:53",42.76966,-71.10183,6.02,69.00,41.05,0.00
"Jul 22 2009 10:42:54",42.76966,-71.10182,5.91,70.00,42.44,19.00
"Jul 22 2009 10:42:55",42.76966,-71.1018,5.98,70.00,41.05,0.00
"Jul 22 2009 10:42:56",42.76967,-71.10179,5.98,70.00,41.05,0.00
"Jul 22 2009 10:42:57",42.769653,-71.10178,6.06,70.00,42.44,0.00
"Jul 22 2009 10:42:58",42.769653,-71.10177,6.66,70.00,42.44,0.00
"Jul 22 2009 10:42:59",42.769646,-71.10175,6.30,69.00,42.44,0.00
"Jul 22 2009 10:43:01",42.76962,-71.10174,6.54,70.00,41.05,0.00
"Jul 22 2009 10:43:02",42.76961,-71.10173,6.30,70.00,41.05,0.00
"Jul 22 2009 10:43:03",42.769604,-71.10173,6.90,70.00,42.44,0.00
"Jul 22 2009 10:43:04",42.769596,-71.10172,6.94,70.00,42.44,21.00
"Jul 22 2009 10:43:05",42.76959,-71.10172,6.66,70.00,42.44,0.00
"Jul 22 2009 10:43:06",42.76959,-71.10172,6.18,69.00,41.05,0.00
"Jul 22 2009 10:43:07",42.76958,-71.10172,6.42,70.00,41.05,0.00
"Jul 22 2009 10:43:08",42.769566,-71.101715,6.22,69.00,41.05,0.00
"Jul 22 2009 10:43:09",42.769547,-71.101715,6.14,70.00,41.05,0.00
"Jul 22 2009 10:43:10",42.76953,-71.101715,6.30,70.00,42.44,0.00
"Jul 22 2009 10:43:11",42.769524,-71.10171,6.18,69.00,41.05,0.00
"Jul 22 2009 10:43:12",42.769516,-71.1017,6.06,68.00,41.05,9.00
"Jul 22 2009 10:43:14",42.769497,-71.1017,5.91,68.00,41.05,0.00
"Jul 22 2009 10:43:15",42.76949,-71.10169,6.02,69.00,41.05,2.00
"Jul 22 2009 10:43:16",42.769474,-71.10169,5.83,69.00,42.44,0.00
"Jul 22 2009 10:43:17",42.76946,-71.1017,6.10,70.00,41.05,0.00
"Jul 22 2009 10:43:18",42.769444,-71.10171,6.14,70.00,41.05,25.00
"Jul 22 2009 10:43:19",42.769432,-71.10172,5.98,70.00,41.05,0.00
"Jul 22 2009 10:43:20",42.769424,-71.10173,6.58,69.00,41.05,0.00
"Jul 22 2009 10:43:21",42.769417,-71.10175,6.42,69.00,41.05,0.00
"Jul 22 2009 10:43:22",42.769417,-71.101776,6.22,71.00,41.05,0.00
"Jul 22 2009 10:43:23",42.769424,-71.10178,1.04,70.00,41.05,0.00
"Jul 22 2009 10:43:24",42.769424,-71.101776,8.02,70.00,42.44,8.00
"Jul 22 2009 10:43:25",42.769417,-71.10175,6.38,70.00,42.44,0.00
"Jul 22 2009 10:43:27",42.769367,-71.10169,7.46,70.00,41.05,6.00
"Jul 22 2009 10:43:28",42.769352,-71.10168,6.02,70.00,41.05,0.00
"Jul 22 2009 10:43:29",42.76933,-71.116585,6.06,70.00,41.05,0.00
"Jul 22 2009 10:43:30",42.769337,-71.10168,6.26,70.00,41.05,0.00
"Jul 22 2009 10:43:31",42.76931,-71.101715,6.50,69.00,41.05,0.00
"Jul 22 2009 10:43:32",42.769295,-71.10171,5.98,69.00,41.05,0.00
"Jul 22 2009 10:43:33",42.76927,-71.101715,6.06,69.00,41.05,0.00
"Jul 22 2009 10:43:34",42.769287,-71.101715,6.30,69.00,41.05,0.00
"Jul 22 2009 10:43:35",42.769287,-71.10174,6.06,69.00,42.44,0.00
"Jul 22 2009 10:43:36",42.769295,-71.10176,6.18,70.00,41.05,13.00
"Jul 22 2009 10:43:37",42.76931,-71.10178,6.50,70.00,41.05,0.00
"Jul 22 2009 10:43:38",42.76932,-71.10181,7.06,70.00,41.05,0.00
"Jul 22 2009 10:43:39",42.76932,-71.101814,6.78,70.00,42.44,0.00
"Jul 22 2009 10:43:41",42.769295,-71.10182,8.14,70.00,41.05,0.00
"Jul 22 2009 10:43:42",42.769287,-71.10184,7.98,70.00,41.05,0.00
"Jul 22 2009 10:43:43",42.76928,-71.10185,5.95,70.00,41.05,30.00
"Jul 22 2009 10:43:44",42.769264,-71.101875,5.98,69.00,41.05,0.00
"Jul 22 2009 10:43:45",42.769253,-71.101875,6.42,68.00,42.44,0.00
"Jul 22 2009 10:43:46",42.769238,-71.101875,6.46,69.00,41.05,0.00
"Jul 22 2009 10:43:47",42.76923,-71.10188,7.50,69.00,41.05,12.00
"Jul 22 2009 10:43:48",42.76927,-71.101906,5.87,70.00,41.05,0.00
"Jul 22 2009 10:43:49",42.76928,-71.10192,6.14,70.00,41.05,5.00
"Jul 22 2009 10:43:50",42.769287,-71.10192,6.42,69.00,41.05,0.00
"Jul 22 2009 10:43:51",42.769302,-71.10193,6.70,70.00,41.05,0.00
"Jul 22 2009 10:43:52",42.76931,-71.10193,6.02,70.00,41.05,0.00
"Jul 22 2009 10:43:53",42.76932,-71.10193,6.06,70.00,41.05,0.00
"Jul 22 2009 10:43:55",42.769337,-71.10191,6.14,70.00,41.05,0.00
"Jul 22 2009 10:43:56",42.769344,-71.10193,7.10,70.00,41.05,0.00
"Jul 22 2009 10:43:57",42.76936,-71.10193,7.58,70.00,41.05,0.00
"Jul 22 2009 10:43:58",42.76936,-71.10193,6.18,70.00,41.05,0.00
"Jul 22 2009 10:43:59",42.769367,-71.10192,6.54,70.00,41.05,8.00
"Jul 22 2009 10:44:00",42.76936,-71.10191,6.14,69.00,41.05,0.00
"Jul 22 2009 10:44:01",42.76936,-71.10189,7.82,70.00,41.05,0.00
"Jul 22 2009 10:44:02",42.769352,-71.10185,6.06,70.00,41.05,18.00
"Jul 22 2009 10:44:03",42.769344,-71.10183,5.83,69.00,41.05,16.00
"Jul 22 2009 10:44:04",42.769352,-71.10182,6.46,69.00,41.05,0.00
"Jul 22 2009 10:44:05",42.769352,-71.101814,6.18,69.00,41.05,0.00
"Jul 22 2009 10:44:06",42.76936,-71.101845,6.78,69.00,42.44,0.00
"Jul 22 2009 10:44:08",42.769367,-71.10185,6.34,69.00,41.05,0.00
"Jul 22 2009 10:44:09",42.76936,-71.10186,7.18,70.00,41.05,0.00
"Jul 22 2009 10:44:10",42.769352,-71.10185,5.87,69.00,41.05,9.00
"Jul 22 2009 10:44:11",42.76936,-71.10189,6.06,69.00,41.05,0.00
"Jul 22 2009 10:44:12",42.769375,-71.10195,6.26,69.00,41.05,0.00
"Jul 22 2009 10:44:13",42.769386,-71.10195,5.87,69.00,41.05,3.00
"Jul 22 2009 10:44:14",42.769394,-71.10197,6.18,69.00,41.05,0.00
"Jul 22 2009 10:44:15",42.769424,-71.10201,6.02,70.00,41.05,0.00
"Jul 22 2009 10:44:16",42.769432,-71.10202,6.34,70.00,41.05,0.00
"Jul 22 2009 10:44:17",42.769432,-71.10202,7.26,70.00,41.05,0.00
"Jul 22 2009 10:44:18",42.76945,-71.102036,6.22,70.00,41.05,0.00
"Jul 22 2009 10:44:19",42.769466,-71.10205,5.91,70.00,41.05,0.00
"Jul 22 2009 10:44:20",42.76949,-71.10206,5.83,70.00,41.05,0.00
"Jul 22 2009 10:44:22",42.769516,-71.10206,6.34,70.00,41.05,0.00
"Jul 22 2009 10:44:23",42.76953,-71.10208,6.78,70.00,41.05,13.00
"Jul 22 2009 10:44:24",42.76954,-71.10209,6.78,70.00,41.05,0.00
"Jul 22 2009 10:44:25",42.769547,-71.1021,6.02,70.00,41.05,0.00
"Jul 22 2009 10:44:26",42.76954,-71.1021,6.02,70.00,41.05,0.00
"Jul 22 2009 10:44:27",42.769547,-71.1021,6.14,69.00,41.05,0.00
"Jul 22 2009 10:44:28",42.769547,-71.102104,6.14,69.00,41.05,0.00
"Jul 22 2009 10:44:29",42.76954,-71.102104,6.10,70.00,41.05,0.00
"Jul 22 2009 10:44:30",42.76954,-71.1021,5.98,70.00,41.05,22.00
"Jul 22 2009 10:44:31",42.76954,-71.1021,6.46,70.00,41.05,0.00
"Jul 22 2009 10:44:32",42.76954,-71.1021,6.50,69.00,41.05,0.00
"Jul 22 2009 10:44:33",42.76954,-71.1021,6.86,69.00,41.05,0.00
"Jul 22 2009 10:44:35",42.76958,-71.10207,7.18,69.00,41.05,0.00
"Jul 22 2009 10:44:36",42.769596,-71.10206,6.54,69.00,39.67,0.00
"Jul 22 2009 10:44:37",42.769604,-71.10206,7.86,69.00,39.67,0.00
"Jul 22 2009 10:44:38",42.769604,-71.10204,6.02,69.00,39.67,0.00
"Jul 22 2009 10:44:39",42.769604,-71.10206,6.30,70.00,41.05,0.00
"Jul 22 2009 10:44:40",42.769604,-71.10213,6.42,70.00,41.05,0.00
"Jul 22 2009 10:44:41",42.769604,-71.10214,6.18,70.00,41.05,0.00
"Jul 22 2009 10:44:42",42.769596,-71.10217,5.83,70.00,41.05,0.00
"Jul 22 2009 10:44:43",42.769596,-71.102196,6.18,70.00,41.05,0.00
"Jul 22 2009 10:44:44",42.769596,-71.102196,6.06,70.00,39.67,0.00
"Jul 22 2009 10:44:45",42.769596,-71.10221,5.98,70.00,41.05,0.00
"Jul 22 2009 10:44:46",42.769596,-71.10221,6.14,69.00,41.05,0.00
"Jul 22 2009 10:44:47",42.769596,-71.10221,5.79,68.00,41.05,0.00
"Jul 22 2009 10:44:49",42.769604,-71.10222,6.10,69.00,41.05,0.00
"Jul 22 2009 10:44:50",42.76961,-71.10224,6.66,70.00,41.05,0.00
"Jul 22 2009 10:44:51",42.76962,-71.10228,5.98,70.00,41.05,0.00
"Jul 22 2009 10:44:52",42.76963,-71.1023,6.22,69.00,41.05,0.00
"Jul 22 2009 10:44:53",42.769646,-71.102325,6.10,69.00,41.05,0.00
"Jul 22 2009 10:44:54",42.769653,-71.10234,5.71,68.00,41.05,0.00
"Jul 22 2009 10:44:55",42.769646,-71.10233,5.95,69.00,39.67,0.00
"Jul 22 2009 10:44:56",42.769646,-71.102325,6.10,70.00,41.05,0.00
"Jul 22 2009 10:44:57",42.769638,-71.102325,6.14,70.00,41.05,0.00
"Jul 22 2009 10:44:58",42.769646,-71.10233,6.18,70.00,41.05,0.00
"Jul 22 2009 10:44:59",42.769646,-71.10233,6.10,70.00,41.05,0.00
"Jul 22 2009 10:45:00",42.769646,-71.102325,6.66,70.00,41.05,0.00
"Jul 22 2009 10:45:01",42.769653,-71.10233,6.26,70.00,41.05,30.00
"Jul 22 2009 10:45:02",42.769653,-71.10234,6.02,70.00,41.05,0.00
"Jul 22 2009 10:45:04",42.769638,-71.10235,6.14,70.00,41.05,0.00
"Jul 22 2009 10:45:05",42.769646,-71.10234,6.10,70.00,41.05,0.00
"Jul 22 2009 10:45:06",42.769653,-71.10233,6.18,70.00,41.05,24.00
"Jul 22 2009 10:45:07",42.76966,-71.102325,6.18,70.00,41.05,0.00
"Jul 22 2009 10:45:08",42.76966,-71.10234,6.22,70.00,41.05,0.00
"Jul 22 2009 10:45:09",42.76967,-71.10236,6.10,70.00,41.05,0.00
"Jul 22 2009 10:45:10",42.76967,-71.10237,6.38,70.00,41.05,0.00
"Jul 22 2009 10:45:11",42.76967,-71.10238,6.46,70.00,41.05,0.00
"Jul 22 2009 10:45:12",42.76967,-71.102394,6.26,70.00,41.05,0.00
"Jul 22 2009 10:45:13",42.769676,-71.10242,6.06,70.00,41.05,0.00
"Jul 22 2009 10:45:14",42.769676,-71.102425,6.02,70.00,41.05,0.00
"Jul 22 2009 10:45:15",42.769676,-71.10243,5.98,70.00,41.05,0.00
"Jul 22 2009 10:45:16",42.769676,-71.10245,5.98,70.00,39.67,0.00
"Jul 22 2009 10:45:18",42.76967,-71.10246,5.79,70.00,41.05,0.00
"Jul 22 2009 10:45:19",42.769653,-71.102486,6.26,70.00,41.05,0.00
"Jul 22 2009 10:45:20",42.769646,-71.10249,5.91,70.00,41.05,0.00
"Jul 22 2009 10:45:21",42.769638,-71.10251,5.98,70.00,41.05,0.00
"Jul 22 2009 10:45:22",42.76963,-71.10252,6.38,70.00,41.05,0.00
"Jul 22 2009 10:45:23",42.76963,-71.10254,6.54,70.00,41.05,0.00
"Jul 22 2009 10:45:24",42.76962,-71.10255,6.46,70.00,41.05,0.00
"Jul 22 2009 10:45:25",42.769604,-71.10255,6.10,70.00,41.05,0.00
"Jul 22 2009 10:45:26",42.769596,-71.10255,6.34,70.00,41.05,27.00
"Jul 22 2009 10:45:27",42.76959,-71.10254,6.34,70.00,41.05,0.00
"Jul 22 2009 10:45:28",42.76958,-71.10252,6.14,70.00,41.05,3.00
"Jul 22 2009 10:45:30",42.769573,-71.102516,6.14,70.00,41.05,0.00
"Jul 22 2009 10:45:31",42.76958,-71.10251,6.10,70.00,41.05,0.00
"Jul 22 2009 10:45:32",42.76958,-71.10251,6.10,70.00,41.05,0.00
"Jul 22 2009 10:45:33",42.76958,-71.10249,6.10,70.00,41.05,0.00
"Jul 22 2009 10:45:34",42.76958,-71.102486,6.14,70.00,41.05,0.00
"Jul 22 2009 10:45:35",42.769573,-71.10247,6.14,70.00,41.05,0.00
"Jul 22 2009 10:45:36",42.769573,-71.102455,6.14,70.00,41.05,0.00
"Jul 22 2009 10:45:37",42.769566,-71.10245,6.14,70.00,41.05,0.00
"Jul 22 2009 10:45:38",42.769566,-71.10245,6.14,71.00,41.05,0.00
"Jul 22 2009 10:45:39",42.769554,-71.102455,6.98,70.00,41.05,0.00
"Jul 22 2009 10:45:40",42.769566,-71.10246,6.18,70.00,41.05,0.00
"Jul 22 2009 10:45:41",42.769554,-71.10246,5.98,71.00,41.05,0.00
"Jul 22 2009 10:45:43",42.76954,-71.10247,6.10,70.00,41.05,0.00
"Jul 22 2009 10:45:44",42.76953,-71.10247,6.14,70.00,41.05,0.00
"Jul 22 2009 10:45:45",42.76953,-71.102486,6.22,70.00,41.05,0.00
"Jul 22 2009 10:45:46",42.76953,-71.10249,6.66,70.00,41.05,0.00
"Jul 22 2009 10:45:47",42.76954,-71.1025,5.95,70.00,41.05,0.00
"Jul 22 2009 10:45:48",42.76953,-71.10251,6.26,70.00,41.05,0.00
"Jul 22 2009 10:45:49",42.769524,-71.1025,6.14,71.00,41.05,18.00
"Jul 22 2009 10:45:50",42.769516,-71.10249,6.46,70.00,41.05,54.00
"Jul 22 2009 10:45:51",42.769497,-71.102486,6.26,70.00,41.05,14.00
"Jul 22 2009 10:45:52",42.76951,-71.10247,6.02,70.00,41.05,0.00
"Jul 22 2009 10:45:53",42.76951,-71.10246,6.06,70.00,41.05,0.00
"Jul 22 2009 10:45:54",42.769516,-71.10246,6.38,70.00,42.44,0.00
"Jul 22 2009 10:45:55",42.769524,-71.102455,6.30,70.00,42.44,0.00
"Jul 22 2009 10:45:57",42.769547,-71.10245,6.38,70.00,41.05,0.00
"Jul 22 2009 10:45:58",42.769554,-71.102425,6.30,70.00,42.44,17.00
"Jul 22 2009 10:45:59",42.769566,-71.10241,6.54,70.00,41.05,0.00
"Jul 22 2009 10:46:00",42.769566,-71.102394,6.34,70.00,41.05,0.00
"Jul 22 2009 10:46:01",42.769573,-71.10238,6.06,70.00,42.44,0.00
"Jul 22 2009 10:46:02",42.76958,-71.10236,5.98,70.00,41.05,0.00
"Jul 22 2009 10:46:03",42.76958,-71.10235,6.02,70.00,41.05,0.00
"Jul 22 2009 10:46:04",42.76958,-71.10234,6.30,70.00,41.05,0.00
"Jul 22 2009 10:46:05",42.76959,-71.10233,6.54,70.00,41.05,23.00
"Jul 22 2009 10:46:06",42.769604,-71.102325,6.18,70.00,42.44,9.00
"Jul 22 2009 10:46:07",42.76962,-71.10234,6.18,70.00,41.05,0.00
"Jul 22 2009 10:46:08",42.76961,-71.10234,6.34,70.00,41.05,0.00
"Jul 22 2009 10:46:09",42.769604,-71.10233,6.26,69.00,42.44,0.00
"Jul 22 2009 10:46:10",42.769596,-71.10233,6.22,70.00,41.05,28.00
"Jul 22 2009 10:46:12",42.76959,-71.10234,6.14,70.00,42.44,0.00
"Jul 22 2009 10:46:13",42.76958,-71.10233,6.02,70.00,41.05,0.00
"Jul 22 2009 10:46:14",42.769573,-71.1023,6.70,70.00,41.05,0.00
"Jul 22 2009 10:46:15",42.769573,-71.102295,6.78,70.00,41.05,0.00
"Jul 22 2009 10:46:16",42.76959,-71.1023,6.46,70.00,41.05,0.00
"Jul 22 2009 10:46:17",42.769596,-71.10229,6.50,70.00,42.44,0.00
"Jul 22 2009 10:46:18",42.76961,-71.102295,6.86,70.00,41.05,0.00
"Jul 22 2009 10:46:19",42.76962,-71.10228,6.30,70.00,42.44,0.00
"Jul 22 2009 10:46:20",42.76961,-71.102264,6.30,70.00,41.05,0.00
"Jul 22 2009 10:46:21",42.76962,-71.102264,6.14,70.00,41.05,0.00
"Jul 22 2009 10:46:22",42.76963,-71.10228,6.22,70.00,41.05,0.00
"Jul 22 2009 10:46:23",42.76963,-71.10228,6.14,70.00,41.05,0.00
"Jul 22 2009 10:46:25",42.76962,-71.10229,6.18,70.00,41.05,0.00
"Jul 22 2009 10:46:26",42.76962,-71.102295,6.18,70.00,42.44,0.00
"Jul 22 2009 10:46:27",42.76961,-71.102295,6.18,70.00,41.05,0.00
"Jul 22 2009 10:46:28",42.76961,-71.1023,6.18,70.00,41.05,0.00
"Jul 22 2009 10:46:29",42.769604,-71.10229,6.18,70.00,42.44,0.00
"Jul 22 2009 10:46:30",42.769604,-71.10229,6.18,70.00,42.44,32.00
"Jul 22 2009 10:46:31",42.769604,-71.102295,6.22,70.00,41.05,0.00
"Jul 22 2009 10:46:32",42.769604,-71.10229,6.30,70.00,41.05,0.00
"Jul 22 2009 10:46:33",42.76961,-71.102295,6.10,70.00,41.05,0.00
"Jul 22 2009 10:46:34",42.76962,-71.1023,6.22,70.00,41.05,0.00
"Jul 22 2009 10:46:35",42.76963,-71.1023,6.18,70.00,41.05,0.00
"Jul 22 2009 10:46:36",42.76962,-71.102295,6.14,70.00,42.44,0.00
"Jul 22 2009 10:46:37",42.76961,-71.10229,6.26,70.00,42.44,0.00
"Jul 22 2009 10:46:39",42.76959,-71.10226,6.06,70.00,41.05,0.00
"Jul 22 2009 10:46:40",42.76958,-71.10226,6.10,70.00,41.05,0.00
"Jul 22 2009 10:46:41",42.769573,-71.10225,6.10,70.00,41.05,0.00
"Jul 22 2009 10:46:42",42.769573,-71.10224,6.14,70.00,41.05,0.00
"Jul 22 2009 10:46:43",42.76958,-71.10224,6.14,70.00,42.44,2.00
"Jul 22 2009 10:46:44",42.76958,-71.10225,6.22,70.00,41.05,0.00
"Jul 22 2009 10:46:45",42.76958,-71.10224,6.30,70.00,42.44,14.00
"Jul 22 2009 10:46:46",42.76958,-71.10223,6.18,70.00,41.05,0.00
"Jul 22 2009 10:46:47",42.76959,-71.10224,6.54,70.00,41.05,0.00
"Jul 22 2009 10:46:48",42.769596,-71.10224,6.06,70.00,42.44,0.00
"Jul 22 2009 10:46:49",42.769596,-71.10225,6.06,70.00,41.05,0.00
"Jul 22 2009 10:46:50",42.76959,-71.10226,6.66,71.00,41.05,0.00
"Jul 22 2009 10:46:52",42.76959,-71.10227,6.70,71.00,41.05,0.00
"Jul 22 2009 10:46:53",42.769573,-71.10228,6.74,71.00,41.05,0.00
"Jul 22 2009 10:46:54",42.769554,-71.10229,6.66,70.00,42.44,0.00
"Jul 22 2009 10:46:55",42.769547,-71.1023,6.50,70.00,41.05,0.00
"Jul 22 2009 10:46:56",42.76954,-71.10232,6.42,70.00,41.05,0.00
"Jul 22 2009 10:46:57",42.76953,-71.102325,6.18,70.00,42.44,16.00
"Jul 22 2009 10:46:58",42.769516,-71.10233,6.46,70.00,41.05,0.00
"Jul 22 2009 10:46:59",42.769497,-71.10234,6.10,70.00,41.05,0.00
"Jul 22 2009 10:47:00",42.76949,-71.10235,6.42,70.00,41.05,0.00
"Jul 22 2009 10:47:01",42.76949,-71.10236,6.22,70.00,41.05,0.00
"Jul 22 2009 10:47:02",42.76949,-71.10237,6.22,70.00,41.05,0.00
"Jul 22 2009 10:47:03",42.76948,-71.10239,6.02,70.00,42.44,0.00
"Jul 22 2009 10:47:05",42.769466,-71.102394,6.10,70.00,42.44,0.00
"Jul 22 2009 10:47:06",42.76945,-71.102394,6.42,70.00,41.05,18.00
"Jul 22 2009 10:47:07",42.76945,-71.1024,6.58,70.00,41.05,7.00
"Jul 22 2009 10:47:08",42.76945,-71.1024,6.38,70.00,42.44,0.00
"Jul 22 2009 10:47:09",42.769444,-71.1024,6.74,70.00,41.05,0.00
"Jul 22 2009 10:47:10",42.769424,-71.10239,6.46,70.00,42.44,0.00
"Jul 22 2009 10:47:11",42.769417,-71.10237,6.38,70.00,41.05,0.00
"Jul 22 2009 10:47:12",42.7694,-71.10237,5.87,70.00,41.05,0.00
"Jul 22 2009 10:47:13",42.769394,-71.10236,6.26,70.00,41.05,0.00
"Jul 22 2009 10:47:14",42.769394,-71.10235,6.22,70.00,41.05,0.00
"Jul 22 2009 10:47:15",42.769394,-71.10235,6.18,70.00,41.05,0.00
"Jul 22 2009 10:47:16",42.769394,-71.10237,6.22,70.00,41.05,0.00
"Jul 22 2009 10:47:18",42.769394,-71.10235,6.06,70.00,41.05,0.00
"Jul 22 2009 10:47:19",42.769394,-71.10235,6.10,70.00,41.05,0.00
"Jul 22 2009 10:47:20",42.769386,-71.10235,5.95,70.00,41.05,0.00
"Jul 22 2009 10:47:21",42.769375,-71.10234,6.30,70.00,41.05,0.00
"Jul 22 2009 10:47:22",42.76936,-71.10233,6.10,70.00,41.05,0.00
"Jul 22 2009 10:47:23",42.769367,-71.10233,6.14,70.00,41.05,0.00
"Jul 22 2009 10:47:24",42.769375,-71.10234,5.91,70.00,41.05,0.00
"Jul 22 2009 10:47:25",42.769375,-71.10235,5.95,70.00,41.05,0.00
"Jul 22 2009 10:47:26",42.769386,-71.10237,6.22,70.00,41.05,0.00
"Jul 22 2009 10:47:27",42.769394,-71.102394,6.22,70.00,41.05,0.00
"Jul 22 2009 10:47:28",42.7694,-71.10242,6.14,71.00,41.05,0.00
"Jul 22 2009 10:47:29",42.76941,-71.10243,6.74,70.00,41.05,0.00
"Jul 22 2009 10:47:30",42.769417,-71.10244,6.50,70.00,41.05,32.00
"Jul 22 2009 10:47:31",42.769424,-71.102455,6.42,71.00,41.05,0.00
"Jul 22 2009 10:47:33",42.769432,-71.102486,6.34,70.00,41.05,0.00
"Jul 22 2009 10:47:34",42.769432,-71.1025,6.02,70.00,41.05,0.00
"Jul 22 2009 10:47:35",42.769432,-71.102516,5.98,70.00,41.05,0.00
"Jul 22 2009 10:47:36",42.769432,-71.10253,5.79,70.00,42.44,0.00
"Jul 22 2009 10:47:37",42.769424,-71.10254,6.26,70.00,41.05,0.00
"Jul 22 2009 10:47:38",42.769417,-71.10255,6.14,70.00,41.05,0.00
"Jul 22 2009 10:47:39",42.76941,-71.10256,6.06,70.00,41.05,0.00
"Jul 22 2009 10:47:40",42.76941,-71.10257,6.02,70.00,41.05,0.00
"Jul 22 2009 10:47:41",42.769417,-71.10259,6.26,70.00,41.05,54.00
"Jul 22 2009 10:47:42",42.769424,-71.10264,6.30,70.00,41.05,36.00
"Jul 22 2009 10:47:43",42.769432,-71.102646,6.06,71.00,41.05,0.00
"Jul 22 2009 10:47:44",42.769444,-71.10267,6.22,70.00,41.05,23.00
"Jul 22 2009 10:47:46",42.769444,-71.10267,6.02,70.00,41.05,0.00
"Jul 22 2009 10:47:47",42.769444,-71.10268,6.26,70.00,41.05,0.00
"Jul 22 2009 10:47:48",42.769444,-71.102684,6.06,71.00,41.05,0.00
"Jul 22 2009 10:47:49",42.769444,-71.10268,6.18,70.00,41.05,0.00
"Jul 22 2009 10:47:50",42.769444,-71.10268,6.30,70.00,41.05,0.00
"Jul 22 2009 10:47:51",42.76945,-71.10268,6.02,70.00,41.05,0.00
"Jul 22 2009 10:47:52",42.76945,-71.10268,6.02,71.00,41.05,0.00
"Jul 22 2009 10:47:53",42.76946,-71.10268,6.10,70.00,41.05,12.00
"Jul 22 2009 10:47:54",42.769474,-71.102684,6.18,71.00,41.05,0.00
"Jul 22 2009 10:47:55",42.76948,-71.102684,5.79,70.00,41.05,0.00
"Jul 22 2009 10:47:56",42.76948,-71.10268,5.75,70.00,41.05,0.00
"Jul 22 2009 10:47:57",42.76949,-71.10268,5.91,70.00,41.05,0.00
"Jul 22 2009 10:47:59",42.769497,-71.102684,6.30,70.00,41.05,0.00
"Jul 22 2009 10:47:59",42.769497,-71.102684,6.26,71.00,41.05,0.00
"Jul 22 2009 10:48:01",42.76951,-71.102684,6.22,70.00,41.05,0.00
"Jul 22 2009 10:48:02",42.769497,-71.102684,6.18,70.00,41.05,0.00
"Jul 22 2009 10:48:03",42.769497,-71.102684,6.14,70.00,41.05,0.00
"Jul 22 2009 10:48:04",42.769497,-71.102684,6.14,70.00,41.05,0.00
"Jul 22 2009 10:48:05",42.76949,-71.102684,6.14,71.00,41.05,12.00
"Jul 22 2009 10:48:06",42.769497,-71.102684,6.10,70.00,41.05,11.00
"Jul 22 2009 10:48:07",42.76949,-71.10269,6.02,71.00,41.05,52.00
"Jul 22 2009 10:48:08",42.769466,-71.10269,6.18,70.00,41.05,17.00
"Jul 22 2009 10:48:09",42.76946,-71.10269,6.10,70.00,41.05,0.00
"Jul 22 2009 10:48:10",42.76945,-71.1027,6.10,70.00,41.05,0.00
"Jul 22 2009 10:48:11",42.76945,-71.10271,6.14,70.00,41.05,0.00
"Jul 22 2009 10:48:12",42.76946,-71.10269,6.26,70.00,41.05,0.00
"Jul 22 2009 10:48:14",42.769466,-71.1027,6.14,70.00,41.05,1.00
"Jul 22 2009 10:48:15",42.769474,-71.1027,6.54,70.00,41.05,0.00
"Jul 22 2009 10:48:16",42.76948,-71.10269,6.34,70.00,41.05,0.00
"Jul 22 2009 10:48:17",42.76948,-71.10269,6.06,70.00,41.05,0.00
"Jul 22 2009 10:48:18",42.76948,-71.10269,5.98,70.00,41.05,0.00
"Jul 22 2009 10:48:19",42.76949,-71.1027,6.22,70.00,41.05,0.00
"Jul 22 2009 10:48:20",42.769497,-71.10271,6.94,70.00,41.05,0.00
"Jul 22 2009 10:48:21",42.76951,-71.10271,6.54,70.00,41.05,13.00
"Jul 22 2009 10:48:22",42.769524,-71.102715,6.26,71.00,41.05,65.00
"Jul 22 2009 10:48:23",42.76953,-71.102745,6.30,70.00,41.05,0.00
"Jul 22 2009 10:48:24",42.769547,-71.10276,6.26,71.00,41.05,0.00
"Jul 22 2009 10:48:25",42.769554,-71.102776,6.34,70.00,41.05,0.00
"Jul 22 2009 10:48:26",42.769566,-71.10278,6.62,70.00,41.05,0.00
"Jul 22 2009 10:48:28",42.76959,-71.102806,6.86,71.00,41.05,0.00
"Jul 22 2009 10:48:29",42.769596,-71.10281,6.98,70.00,41.05,25.00
"Jul 22 2009 10:48:30",42.769604,-71.10283,6.26,70.00,41.05,0.00
"Jul 22 2009 10:48:31",42.76961,-71.10284,5.98,70.00,41.05,0.00
"Jul 22 2009 10:48:32",42.76963,-71.10286,6.10,70.00,41.05,0.00
"Jul 22 2009 10:48:33",42.769638,-71.10287,6.18,70.00,41.05,0.00
"Jul 22 2009 10:48:34",42.769646,-71.102875,6.34,70.00,42.44,7.00
"Jul 22 2009 10:48:35",42.769653,-71.102875,6.22,70.00,41.05,0.00
"Jul 22 2009 10:48:36",42.76966,-71.102875,6.14,70.00,41.05,0.00
"Jul 22 2009 10:48:37",42.76967,-71.10287,6.10,70.00,42.44,0.00
"Jul 22 2009 10:48:38",42.76966,-71.10286,6.30,70.00,42.44,11.00
"Jul 22 2009 10:48:39",42.76966,-71.10284,6.18,70.00,41.05,0.00
"Jul 22 2009 10:48:41",42.769653,-71.10284,6.14,70.00,41.05,0.00
"Jul 22 2009 10:48:42",42.769653,-71.10282,6.14,70.00,41.05,0.00
"Jul 22 2009 10:48:43",42.769646,-71.10283,6.26,70.00,41.05,0.00
"Jul 22 2009 10:48:44",42.769646,-71.10284,6.26,70.00,41.05,0.00
"Jul 22 2009 10:48:45",42.769646,-71.10287,6.18,70.00,41.05,0.00
"Jul 22 2009 10:48:46",42.769638,-71.102875,6.18,70.00,41.05,0.00
"Jul 22 2009 10:48:47",42.76963,-71.10289,6.18,70.00,41.05,0.00
"Jul 22 2009 10:48:48",42.76961,-71.1029,6.18,70.00,41.05,0.00
"Jul 22 2009 10:48:49",42.769596,-71.102875,6.18,70.00,42.44,0.00
"Jul 22 2009 10:48:50",42.76959,-71.10286,6.18,70.00,41.05,0.00
"Jul 22 2009 10:48:51",42.76958,-71.10284,6.18,70.00,41.05,0.00
"Jul 22 2009 10:48:52",42.769573,-71.10282,6.18,70.00,41.05,0.00
"Jul 22 2009 10:48:54",42.769547,-71.10281,6.18,70.00,41.05,30.00
"Jul 22 2009 10:48:55",42.76954,-71.10281,6.18,70.00,42.44,32.00
"Jul 22 2009 10:48:56",42.76953,-71.102806,6.22,70.00,42.44,0.00
"Jul 22 2009 10:48:57",42.769524,-71.1028,6.18,70.00,42.44,0.00
"Jul 22 2009 10:48:58",42.769516,-71.10278,6.14,70.00,41.05,0.00
"Jul 22 2009 10:48:59",42.769516,-71.10278,6.14,70.00,41.05,0.00
"Jul 22 2009 10:49:00",42.76951,-71.102776,6.18,70.00,41.05,0.00
"Jul 22 2009 10:49:01",42.769497,-71.10276,6.26,70.00,42.44,0.00
"Jul 22 2009 10:49:02",42.769497,-71.10275,6.18,70.00,42.44,0.00
"Jul 22 2009 10:49:03",42.76951,-71.10276,6.10,70.00,42.44,0.00
"Jul 22 2009 10:49:04",42.769516,-71.10276,6.18,70.00,42.44,0.00
"Jul 22 2009 10:49:05",42.769516,-71.10276,6.18,70.00,42.44,0.00
"Jul 22 2009 10:49:07",42.769516,-71.10277,6.18,70.00,42.44,0.00
"Jul 22 2009 10:49:08",42.769516,-71.10278,6.18,70.00,42.44,0.00
"Jul 22 2009 10:49:09",42.769516,-71.10279,6.18,70.00,42.44,0.00
"Jul 22 2009 10:49:10",42.769516,-71.10279,6.18,70.00,41.05,0.00
"Jul 22 2009 10:49:11",42.76951,-71.102806,6.14,70.00,41.05,0.00
"Jul 22 2009 10:49:12",42.769497,-71.102806,6.18,70.00,42.44,0.00
"Jul 22 2009 10:49:13",42.76949,-71.102806,6.10,70.00,42.44,0.00
"Jul 22 2009 10:49:14",42.76949,-71.1028,6.30,70.00,42.44,0.00
"Jul 22 2009 10:49:15",42.76948,-71.1028,6.14,70.00,42.44,0.00
"Jul 22 2009 10:49:16",42.76949,-71.1028,6.30,70.00,42.44,0.00
"Jul 22 2009 10:49:17",42.76949,-71.10279,6.10,69.00,42.44,0.00
"Jul 22 2009 10:49:18",42.769474,-71.10277,6.26,69.00,42.44,0.00
"Jul 22 2009 10:49:19",42.76946,-71.102745,6.14,68.00,42.44,0.00
"Jul 22 2009 10:49:20",42.76945,-71.1027,6.34,67.00,42.44,0.00
"Jul 22 2009 10:49:22",42.769424,-71.102646,6.22,67.00,42.44,21.00
"Jul 22 2009 10:49:23",42.769424,-71.102646,6.18,68.00,42.44,0.00
"Jul 22 2009 10:49:24",42.769432,-71.102646,6.18,69.00,42.44,0.00
"Jul 22 2009 10:49:25",42.769432,-71.10262,6.18,69.00,42.44,0.00
"Jul 22 2009 10:49:26",42.769417,-71.102585,6.10,69.00,42.44,18.00
"Jul 22 2009 10:49:27",42.769432,-71.102615,6.14,69.00,42.44,47.00
"Jul 22 2009 10:49:28",42.769432,-71.10262,6.18,69.00,42.44,0.00
"Jul 22 2009 10:49:29",42.769444,-71.10263,6.18,69.00,42.44,0.00
"Jul 22 2009 10:49:30",42.769444,-71.10262,6.14,69.00,42.44,0.00
"Jul 22 2009 10:49:31",42.769444,-71.10263,6.14,69.00,42.44,25.00
"Jul 22 2009 10:49:32",42.769432,-71.102646,6.10,69.00,41.05,0.00
"Jul 22 2009 10:49:33",42.769432,-71.10265,6.14,69.00,42.44,0.00
"Jul 22 2009 10:49:35",42.769417,-71.10266,6.02,69.00,42.44,0.00
"Jul 22 2009 10:49:36",42.76941,-71.10267,6.14,69.00,42.44,0.00
"Jul 22 2009 10:49:37",42.769432,-71.10268,6.18,68.00,42.44,65.00
"Jul 22 2009 10:49:38",42.76945,-71.10264,6.18,69.00,42.44,0.00
"Jul 22 2009 10:49:39",42.76945,-71.10257,6.18,69.00,42.44,0.00
"Jul 22 2009 10:49:40",42.76946,-71.10255,6.18,69.00,42.44,0.00
"Jul 22 2009 10:49:41",42.769466,-71.10251,6.14,69.00,41.05,0.00
"Jul 22 2009 10:49:42",42.769466,-71.10246,6.14,69.00,42.44,61.00
"Jul 22 2009 10:49:43",42.769466,-71.10243,6.18,69.00,42.44,0.00
"Jul 22 2009 10:49:44",42.769474,-71.102394,6.14,69.00,41.05,0.00
"Jul 22 2009 10:49:45",42.769474,-71.102394,6.18,69.00,42.44,0.00
"Jul 22 2009 10:49:46",42.769474,-71.102394,6.14,69.00,41.05,0.00
"Jul 22 2009 10:49:48",42.769474,-71.102394,6.14,69.00,42.44,0.00
"Jul 22 2009 10:49:49",42.769474,-71.102394,6.18,69.00,41.05,0.00
"Jul 22 2009 10:49:50",42.769474,-71.102394,6.06,69.00,42.44,0.00
"Jul 22 2009 10:49:51",42.769474,-71.102394,6.22,68.00,41.05,0.00
"Jul 22 2009 10:49:52",42.769474,-71.102394,6.14,67.00,42.44,0.00
"Jul 22 2009 10:49:53",42.76931,-71.10222,6.10,68.00,42.44,0.00
"Jul 22 2009 10:49:54",42.7694,-71.10231,6.02,68.00,41.05,4.00
"Jul 22 2009 10:49:55",42.769432,-71.10236,6.22,68.00,41.05,0.00
"Jul 22 2009 10:49:56",42.769497,-71.10245,6.18,68.00,42.44,0.00
"Jul 22 2009 10:49:57",42.76953,-71.10252,6.10,68.00,41.05,0.00
"Jul 22 2009 10:49:58",42.76951,-71.1025,5.98,67.00,42.44,43.00
"Jul 22 2009 10:49:59",42.769497,-71.10254,6.26,68.00,41.05,0.00
"Jul 22 2009 10:50:01",42.76949,-71.102554,6.22,68.00,41.05,0.00
"Jul 22 2009 10:50:02",42.769516,-71.10265,6.38,68.00,42.44,0.00
"Jul 22 2009 10:50:03",42.76954,-71.10274,5.98,68.00,41.05,0.00
"Jul 22 2009 10:50:04",42.769566,-71.10278,6.10,69.00,42.44,0.00
"Jul 22 2009 10:50:05",42.769573,-71.10277,6.06,69.00,41.05,7.00
"Jul 22 2009 10:50:06",42.76958,-71.10275,5.87,69.00,42.44,38.00
"Jul 22 2009 10:50:07",42.76959,-71.10277,5.98,70.00,42.44,27.00
"Jul 22 2009 10:50:08",42.76961,-71.10276,6.10,70.00,41.05,0.00
"Jul 22 2009 10:50:09",42.769604,-71.102745,6.22,70.00,42.44,0.00
"Jul 22 2009 10:50:10",42.76959,-71.102715,5.98,70.00,42.44,0.00
"Jul 22 2009 10:50:11",42.769596,-71.10269,6.22,70.00,42.44,0.00
"Jul 22 2009 10:50:12",42.76961,-71.10268,6.26,69.00,42.44,0.00
"Jul 22 2009 10:50:14",42.769604,-71.10266,6.14,69.00,41.05,0.00
"Jul 22 2009 10:50:14",42.769604,-71.10266,6.30,70.00,41.05,0.00
"Jul 22 2009 10:50:16",42.76959,-71.10267,6.22,70.00,41.05,0.00
"Jul 22 2009 10:50:17",42.769596,-71.10266,6.38,69.00,42.44,0.00
"Jul 22 2009 10:50:18",42.76962,-71.10266,7.14,70.00,41.05,21.00
"Jul 22 2009 10:50:19",42.769638,-71.10266,5.87,69.00,42.44,0.00
"Jul 22 2009 10:50:20",42.76967,-71.102684,5.98,69.00,42.44,0.00
"Jul 22 2009 10:50:21",42.769688,-71.10271,5.95,69.00,41.05,0.00
"Jul 22 2009 10:50:22",42.769703,-71.10273,6.30,67.00,42.44,0.00
"Jul 22 2009 10:50:23",42.76972,-71.10275,6.06,68.00,41.05,0.00
"Jul 22 2009 10:50:24",42.769733,-71.10275,6.18,68.00,41.05,0.00
"Jul 22 2009 10:50:25",42.769733,-71.10274,6.22,67.00,42.44,0.00
"Jul 22 2009 10:50:26",42.769733,-71.1027,6.34,68.00,41.05,0.00
"Jul 22 2009 10:50:28",42.769726,-71.10268,6.02,68.00,42.44,0.00
"Jul 22 2009 10:50:29",42.76967,-71.10268,6.26,69.00,41.05,0.00
"Jul 22 2009 10:50:30",42.769638,-71.10268,5.95,69.00,41.05,0.00
"Jul 22 2009 10:50:31",42.76962,-71.10268,5.83,70.00,41.05,53.00
"Jul 22 2009 10:50:32",42.76961,-71.10265,6.26,69.00,42.44,0.00
"Jul 22 2009 10:50:33",42.769604,-71.10264,6.14,70.00,41.05,12.00
"Jul 22 2009 10:50:34",42.76961,-71.10259,5.98,69.00,41.05,0.00
"Jul 22 2009 10:50:35",42.76961,-71.10255,6.14,68.00,41.05,0.00
"Jul 22 2009 10:50:36",42.769638,-71.102554,6.66,69.00,41.05,0.00
"Jul 22 2009 10:50:37",42.76966,-71.102585,5.95,69.00,42.44,0.00
"Jul 22 2009 10:50:38",42.769638,-71.10257,5.95,38.00,41.05,0.00
"Jul 22 2009 10:50:39",42.769604,-71.10255,6.02,41.00,41.05,0.00
"Jul 22 2009 10:50:40",42.76958,-71.10253,6.02,49.00,41.05,100.00
"Jul 22 2009 10:50:42",42.769566,-71.10255,7.22,68.00,41.05,32.00
"Jul 22 2009 10:50:43",42.76954,-71.10255,6.14,36.00,41.05,39.00
"Jul 22 2009 10:50:44",42.76954,-71.102585,6.22,67.00,41.05,0.00
"Jul 22 2009 10:50:45",42.76953,-71.102615,5.98,44.00,41.05,0.00
"Jul 22 2009 10:50:46",42.76953,-71.10263,5.87,67.00,42.44,47.00
"Jul 22 2009 10:50:47",42.76953,-71.102646,6.38,67.00,41.05,0.00
"Jul 22 2009 10:50:48",42.76953,-71.10266,6.06,64.00,41.05,0.00
"Jul 22 2009 10:50:49",42.769547,-71.1027,6.58,70.00,41.05,0.00
"Jul 22 2009 10:50:50",42.769516,-71.10275,5.95,70.00,41.05,0.00
"Jul 22 2009 10:50:51",42.769524,-71.102776,6.30,69.00,41.05,0.00
"Jul 22 2009 10:50:52",42.76954,-71.10281,6.14,69.00,41.05,0.00
"Jul 22 2009 10:50:53",42.769547,-71.10282,6.14,69.00,41.05,0.00
"Jul 22 2009 10:50:55",42.769554,-71.10278,6.34,68.00,41.05,0.00
"Jul 22 2009 10:50:56",42.769547,-71.10276,6.14,69.00,41.05,0.00
"Jul 22 2009 10:50:57",42.769547,-71.102745,5.83,69.00,41.05,0.00
"Jul 22 2009 10:50:58",42.769554,-71.10274,6.10,68.00,41.05,0.00
"Jul 22 2009 10:50:59",42.769547,-71.1027,6.06,66.00,41.05,0.00
"Jul 22 2009 10:51:00",42.769554,-71.1027,6.22,66.00,41.05,7.00
"Jul 22 2009 10:51:01",42.769547,-71.10269,6.30,67.00,41.05,0.00
"Jul 22 2009 10:51:02",42.76954,-71.10269,6.26,68.00,41.05,0.00
"Jul 22 2009 10:51:03",42.76953,-71.10269,6.26,67.00,41.05,0.00
"Jul 22 2009 10:51:04",42.76953,-71.10269,6.10,68.00,41.05,0.00
"Jul 22 2009 10:51:05",42.76953,-71.1027,6.30,68.00,41.05,13.00
"Jul 22 2009 10:51:06",42.769566,-71.1027,6.18,68.00,41.05,0.00
"Jul 22 2009 10:51:07",42.76959,-71.10271,5.91,67.00,41.05,0.00
"Jul 22 2009 10:51:09",42.769596,-71.1027,6.10,69.00,41.05,45.00
"Jul 22 2009 10:51:10",42.76961,-71.10273,6.02,69.00,41.05,0.00
"Jul 22 2009 10:51:11",42.769638,-71.10274,6.18,69.00,41.05,46.00
"Jul 22 2009 10:51:12",42.76963,-71.10273,5.83,69.00,41.05,0.00
"Jul 22 2009 10:51:13",42.769596,-71.10271,5.47,69.00,41.05,0.00
"Jul 22 2009 10:51:14",42.76959,-71.1027,6.50,68.00,41.05,0.00
"Jul 22 2009 10:51:15",42.76959,-71.10269,6.38,69.00,41.05,0.00
"Jul 22 2009 10:51:16",42.76959,-71.1027,6.10,69.00,41.05,14.00
"Jul 22 2009 10:51:17",42.76959,-71.10269,5.91,68.00,41.05,0.00
"Jul 22 2009 10:51:18",42.76961,-71.10267,6.34,68.00,41.05,14.00
"Jul 22 2009 10:51:19",42.76963,-71.10266,6.06,69.00,41.05,0.00
"Jul 22 2009 10:51:20",42.769638,-71.10267,6.30,70.00,41.05,0.00
"Jul 22 2009 10:51:22",42.76962,-71.102646,6.26,69.00,41.05,0.00
"Jul 22 2009 10:51:23",42.769604,-71.10264,5.95,69.00,41.05,0.00
"Jul 22 2009 10:51:24",42.769596,-71.10262,6.02,69.00,41.05,0.00
"Jul 22 2009 10:51:25",42.76959,-71.102585,5.87,68.00,41.05,0.00
"Jul 22 2009 10:51:26",42.76958,-71.10259,6.06,69.00,41.05,0.00
"Jul 22 2009 10:51:27",42.769573,-71.10259,6.06,69.00,41.05,43.00
"Jul 22 2009 10:51:28",42.769566,-71.102585,5.79,69.00,41.05,0.00
"Jul 22 2009 10:51:29",42.769566,-71.10258,6.06,69.00,41.05,0.00
"Jul 22 2009 10:51:30",42.769554,-71.10256,6.38,69.00,41.05,0.00
"Jul 22 2009 10:51:31",42.769554,-71.10255,5.98,69.00,41.05,0.00
"Jul 22 2009 10:51:32",42.769547,-71.10255,6.06,69.00,41.05,0.00
"Jul 22 2009 10:51:33",42.769547,-71.10256,6.18,69.00,41.05,0.00
"Jul 22 2009 10:51:34",42.769554,-71.10258,6.18,69.00,41.05,25.00
"Jul 22 2009 10:51:35",42.769554,-71.10259,6.06,69.00,41.05,5.00
"Jul 22 2009 10:51:37",42.769566,-71.10263,6.10,69.00,41.05,0.00
"Jul 22 2009 10:51:38",42.769566,-71.10264,6.10,70.00,41.05,0.00
"Jul 22 2009 10:51:39",42.769566,-71.102646,5.91,70.00,41.05,0.00
"Jul 22 2009 10:51:40",42.769554,-71.102646,5.95,69.00,41.05,0.00
"Jul 22 2009 10:51:41",42.769547,-71.10264,6.10,69.00,41.05,0.00
"Jul 22 2009 10:51:42",42.769547,-71.10262,5.87,69.00,41.05,0.00
"Jul 22 2009 10:51:43",42.769547,-71.102615,6.10,70.00,41.05,27.00
"Jul 22 2009 10:51:44",42.769554,-71.10261,6.14,70.00,41.05,0.00
"Jul 22 2009 10:51:45",42.769554,-71.10261,6.02,70.00,41.05,0.00
"Jul 22 2009 10:51:46",42.769547,-71.10261,6.14,69.00,42.44,0.00
"Jul 22 2009 10:51:47",42.769554,-71.10261,6.26,69.00,41.05,0.00
"Jul 22 2009 10:51:48",42.769566,-71.10261,6.18,69.00,41.05,0.00
"Jul 22 2009 10:51:49",42.76959,-71.102615,6.18,69.00,41.05,0.00
"Jul 22 2009 10:51:51",42.76961,-71.10263,5.95,69.00,41.05,0.00
"Jul 22 2009 10:51:52",42.76961,-71.10264,5.87,70.00,42.44,0.00
"Jul 22 2009 10:51:53",42.769604,-71.10266,6.02,70.00,41.05,32.00
"Jul 22 2009 10:51:54",42.76961,-71.10266,6.14,69.00,41.05,0.00
"Jul 22 2009 10:51:55",42.769604,-71.10266,6.18,69.00,41.05,0.00
"Jul 22 2009 10:51:56",42.769604,-71.10267,5.95,67.00,41.05,0.00
"Jul 22 2009 10:51:57",42.76962,-71.1027,6.90,67.00,41.05,0.00
"Jul 22 2009 10:51:58",42.769646,-71.10274,7.06,5.00,41.05,0.00
"Jul 22 2009 10:51:59",42.769646,-71.102745,6.34,0.00,41.05,0.00
"Jul 22 2009 10:52:00",42.76967,-71.10274,6.22,0.00,41.05,0.00
"Jul 22 2009 10:52:01",42.769676,-71.10271,6.14,0.00,41.05,0.00
"Jul 22 2009 10:52:03",42.769695,-71.10271,7.26,0.00,41.05,0.00
"Jul 22 2009 10:52:04",42.769703,-71.102715,6.38,0.00,41.05,13.00
"Jul 22 2009 10:52:05",42.769703,-71.102715,6.10,0.00,41.05,0.00
"Jul 22 2009 10:52:06",42.769775,-71.10275,5.98,0.00,41.05,0.00
"Jul 22 2009 10:52:07",42.76976,-71.10273,5.91,0.00,41.05,0.00
"Jul 22 2009 10:52:08",42.769783,-71.102776,5.98,0.00,41.05,5.00
"Jul 22 2009 10:52:09",42.769817,-71.10278,6.26,0.00,41.05,9.00
"Jul 22 2009 10:52:10",42.76984,-71.102806,6.58,0.00,41.05,0.00
"Jul 22 2009 10:52:11",42.769882,-71.10287,6.14,0.00,41.05,0.00
"Jul 22 2009 10:52:12",42.76993,-71.1029,5.83,0.00,41.05,100.00
"Jul 22 2009 10:52:13",42.769962,-71.10289,6.38,0.00,41.05,0.00
"Jul 22 2009 10:52:14",42.769978,-71.1029,5.83,0.00,41.05,0.00
"Jul 22 2009 10:52:16",42.770042,-71.10292,6.14,0.00,41.05,0.00
"Jul 22 2009 10:52:17",42.769897,-71.10287,6.14,0.00,41.05,0.00
"Jul 22 2009 10:52:18",42.769833,-71.10286,6.46,1.00,41.05,0.00
"Jul 22 2009 10:52:19",42.76981,-71.10286,6.14,0.00,41.05,0.00
"Jul 22 2009 10:52:20",42.769775,-71.10287,5.91,0.00,41.05,0.00
"Jul 22 2009 10:52:21",42.76976,-71.10285,6.14,0.00,41.05,0.00
"Jul 22 2009 10:52:22",42.769775,-71.10286,7.22,3.00,41.05,0.00
"Jul 22 2009 10:52:23",42.7698,-71.10287,6.22,0.00,41.05,0.00
"Jul 22 2009 10:52:24",42.769817,-71.10288,6.46,0.00,41.05,0.00
"Jul 22 2009 10:52:25",42.769833,-71.1029,6.46,0.00,41.05,0.00
"Jul 22 2009 10:52:26",42.76984,-71.1029,6.10,0.00,41.05,0.00
"Jul 22 2009 10:52:27",42.769848,-71.10289,6.26,0.00,41.05,0.00
"Jul 22 2009 10:52:28",42.769848,-71.10289,6.18,0.00,41.05,0.00
"Jul 22 2009 10:52:30",42.769848,-71.10287,6.54,0.00,41.05,0.00
"Jul 22 2009 10:52:31",42.769848,-71.10286,7.58,0.00,41.05,0.00
"Jul 22 2009 10:52:32",42.769833,-71.10285,6.10,6.00,41.05,0.00
"Jul 22 2009 10:52:33",42.769833,-71.10284,5.63,0.00,41.05,0.00
"Jul 22 2009 10:52:34",42.769825,-71.10284,6.10,1.00,41.05,0.00
"Jul 22 2009 10:52:35",42.769817,-71.10284,6.06,0.00,41.05,0.00
"Jul 22 2009 10:52:36",42.76981,-71.10285,5.98,0.00,41.05,0.00
"Jul 22 2009 10:52:37",42.769817,-71.102875,9.94,0.00,41.05,0.00
"Jul 22 2009 10:52:38",42.769817,-71.102905,6.10,0.00,41.05,0.00
"Jul 22 2009 10:52:39",42.769817,-71.10291,5.91,0.00,41.05,0.00
"Jul 22 2009 10:52:40",42.76981,-71.10293,8.78,0.00,41.05,100.00
"Jul 22 2009 10:52:41",42.76981,-71.10296,6.94,0.00,41.05,0.00
"Jul 22 2009 10:52:42",42.76981,-71.103,5.75,0.00,41.05,0.00
"Jul 22 2009 10:52:43",42.76981,-71.10303,6.54,0.00,41.05,16.00
"Jul 22 2009 10:52:45",42.769817,-71.10307,5.59,0.00,41.05,24.00
"Jul 22 2009 10:52:46",42.769825,-71.1031,5.83,0.00,41.05,0.00
"Jul 22 2009 10:52:47",42.769817,-71.10312,5.87,0.00,41.05,0.00
"Jul 22 2009 10:52:48",42.769817,-71.103134,5.98,0.00,41.05,0.00
"Jul 22 2009 10:52:49",42.76981,-71.10315,6.14,0.00,42.44,0.00
"Jul 22 2009 10:52:50",42.76981,-71.10317,6.42,1.00,41.05,0.00
"Jul 22 2009 10:52:51",42.7698,-71.10318,6.34,0.00,41.05,9.00
"Jul 22 2009 10:52:52",42.7698,-71.1032,6.14,1.00,41.05,0.00
"Jul 22 2009 10:52:53",42.7698,-71.10323,5.98,0.00,41.05,0.00
"Jul 22 2009 10:52:54",42.76981,-71.10325,5.95,5.00,42.44,21.00
"Jul 22 2009 10:52:55",42.7698,-71.103264,5.87,1.00,41.05,0.00
"Jul 22 2009 10:52:57",42.769775,-71.10329,5.95,0.00,41.05,0.00
"Jul 22 2009 10:52:58",42.769768,-71.10331,5.87,3.00,41.05,0.00
"Jul 22 2009 10:52:59",42.76976,-71.10332,6.02,0.00,41.05,66.00
"Jul 22 2009 10:53:00",42.769753,-71.103325,6.10,2.00,41.05,0.00
"Jul 22 2009 10:53:01",42.769753,-71.10334,6.14,0.00,41.05,0.00
"Jul 22 2009 10:53:02",42.769753,-71.10335,6.22,0.00,41.05,0.00
"Jul 22 2009 10:53:03",42.76976,-71.10336,6.18,0.00,41.05,0.00
"Jul 22 2009 10:53:04",42.76976,-71.10337,6.14,0.00,41.05,25.00
"Jul 22 2009 10:53:05",42.769775,-71.10337,6.14,1.00,41.05,0.00
"Jul 22 2009 10:53:06",42.769775,-71.10337,6.02,0.00,41.05,0.00
"Jul 22 2009 10:53:07",42.769768,-71.10337,5.87,3.00,41.05,0.00
"Jul 22 2009 10:53:08",42.769768,-71.103386,5.98,4.00,41.05,0.00
"Jul 22 2009 10:53:09",42.769753,-71.10338,5.83,4.00,42.44,0.00
"Jul 22 2009 10:53:11",42.76974,-71.103386,7.50,4.00,41.05,0.00
"Jul 22 2009 10:53:12",42.76974,-71.10339,6.50,5.00,41.05,0.00
"Jul 22 2009 10:53:13",42.76974,-71.1034,5.55,5.00,41.05,0.00
"Jul 22 2009 10:53:14",42.769733,-71.10341,6.14,16.00,41.05,61.00
"Jul 22 2009 10:53:15",42.769733,-71.10342,6.22,22.00,41.05,0.00
"Jul 22 2009 10:53:16",42.769753,-71.10344,5.98,18.00,42.44,0.00
"Jul 22 2009 10:53:17",42.769733,-71.10342,6.06,36.00,41.05,0.00
"Jul 22 2009 10:53:18",42.76972,-71.10345,5.71,34.00,42.44,0.00
"Jul 22 2009 10:53:19",42.769703,-71.10346,6.26,47.00,42.44,0.00
"Jul 22 2009 10:53:20",42.769703,-71.10346,6.22,34.00,41.05,0.00
"Jul 22 2009 10:53:21",42.769688,-71.10344,6.06,43.00,41.05,0.00
