time,lat,long,accel,light,temp,sound
"Jul 22 2009 10:39:14",42.76972,-71.10365,5.91,0.00,23.06,0.00
"Jul 22 2009 10:39:16",42.76972,-71.10365,6.02,0.00,23.06,0.00
"Jul 22 2009 10:39:17",42.769855,-71.10423,6.02,0.00,23.06,0.00
"Jul 22 2009 10:39:17",42.769855,-71.10423,6.34,0.00,23.06,0.00
"Jul 22 2009 10:39:19",42.76954,-71.10336,6.10,0.00,23.06,0.00
"Jul 22 2009 10:39:20",42.769554,-71.10331,6.14,0.00,23.06,0.00
"Jul 22 2009 10:39:21",42.769573,-71.10326,6.06,0.00,23.06,0.00
"Jul 22 2009 10:39:22",42.769596,-71.103264,6.14,0.00,23.06,0.00
"Jul 22 2009 10:39:23",42.769604,-71.10323,6.06,0.00,23.06,0.00
"Jul 22 2009 10:39:24",42.76962,-71.10331,6.14,0.00,23.06,0.00
"Jul 22 2009 10:39:25",42.769646,-71.10336,5.98,0.00,23.06,0.00
"Jul 22 2009 10:39:26",42.769653,-71.103386,5.98,0.00,23.06,0.00
"Jul 22 2009 10:39:27",42.769676,-71.10342,5.79,0.00,23.06,13.00
"Jul 22 2009 10:39:28",42.769676,-71.1034,7.34,0.00,23.06,25.00
"Jul 22 2009 10:39:29",42.769688,-71.10342,6.10,0.00,23.06,25.00
"Jul 22 2009 10:39:30",42.769676,-71.10342,8.82,0.00,23.06,0.00
"Jul 22 2009 10:39:31",42.769676,-71.10341,5.47,0.00,23.06,0.00
"Jul 22 2009 10:39:33",42.769688,-71.10344,6.18,0.00,23.06,0.00
"Jul 22 2009 10:39:34",42.769688,-71.103424,6.26,0.00,23.06,0.00
"Jul 22 2009 10:39:35",42.769688,-71.10342,5.95,0.00,23.06,0.00
"Jul 22 2009 10:39:36",42.769695,-71.10343,5.79,0.00,23.06,4.00
"Jul 22 2009 10:39:37",42.769703,-71.103424,5.63,0.00,23.06,22.00
"Jul 22 2009 10:39:38",42.769695,-71.10341,5.55,0.00,23.06,0.00
"Jul 22 2009 10:39:39",42.769695,-71.10342,5.47,0.00,23.06,0.00
"Jul 22 2009 10:39:40",42.769688,-71.10339,6.14,0.00,23.06,0.00
"Jul 22 2009 10:39:41",42.769688,-71.10338,6.34,0.00,24.44,0.00
"Jul 22 2009 10:39:42",42.769703,-71.10336,6.06,0.00,23.06,0.00
"Jul 22 2009 10:39:43",42.76972,-71.10336,5.87,0.00,23.06,0.00
"Jul 22 2009 10:39:44",42.769703,-71.103386,5.95,0.00,24.44,0.00
"Jul 22 2009 10:39:45",42.769703,-71.10346,6.06,0.00,24.44,0.00
"Jul 22 2009 10:39:47",42.76971,-71.1035,5.51,0.00,23.06,0.00
"Jul 22 2009 10:39:48",42.76972,-71.10348,6.58,0.00,23.06,0.00
"Jul 22 2009 10:39:49",42.769726,-71.10346,6.70,0.00,23.06,0.00
"Jul 22 2009 10:39:50",42.76972,-71.10341,6.50,0.00,23.06,0.00
"Jul 22 2009 10:39:51",42.769726,-71.10339,6.78,0.00,24.44,3.00
"Jul 22 2009 10:39:52",42.769726,-71.103386,6.74,0.00,23.06,0.00
"Jul 22 2009 10:39:53",42.76974,-71.10338,6.82,0.00,23.06,0.00
"Jul 22 2009 10:39:54",42.76976,-71.10335,6.42,0.00,23.06,0.00
"Jul 22 2009 10:39:55",42.769768,-71.10335,6.26,4.00,24.44,0.00
"Jul 22 2009 10:39:56",42.769775,-71.10329,6.18,0.00,23.06,100.00
"Jul 22 2009 10:39:57",42.76979,-71.10326,6.10,0.00,23.06,0.00
"Jul 22 2009 10:39:58",42.769775,-71.103165,5.71,2.00,24.44,0.00
"Jul 22 2009 10:39:59",42.769768,-71.10315,5.71,0.00,24.44,0.00
"Jul 22 2009 10:40:01",42.76976,-71.103096,5.91,7.00,24.44,0.00
"Jul 22 2009 10:40:02",42.769775,-71.103065,6.66,1.00,23.06,0.00
"Jul 22 2009 10:40:03",42.769775,-71.103035,7.34,1.00,23.06,0.00
"Jul 22 2009 10:40:04",42.769775,-71.103004,6.50,0.00,23.06,0.00
"Jul 22 2009 10:40:05",42.769775,-71.102974,5.43,2.00,24.44,0.00
"Jul 22 2009 10:40:06",42.769768,-71.10299,6.54,0.00,23.06,0.00
"Jul 22 2009 10:40:07",42.769775,-71.102936,6.02,4.00,24.44,0.00
"Jul 22 2009 10:40:08",42.769768,-71.102905,6.34,0.00,24.44,0.00
"Jul 22 2009 10:40:09",42.76979,-71.10293,5.87,3.00,24.44,0.00
"Jul 22 2009 10:40:10",42.76979,-71.10296,6.50,0.00,23.06,0.00
"Jul 22 2009 10:40:11",42.76979,-71.10295,6.18,0.00,23.06,0.00
"Jul 22 2009 10:40:12",42.76979,-71.10294,5.87,6.00,24.44,0.00
"Jul 22 2009 10:40:13",42.76979,-71.10293,5.91,3.00,24.44,0.00
"Jul 22 2009 10:40:15",42.76981,-71.10298,6.34,0.00,23.06,0.00
"Jul 22 2009 10:40:16",42.769833,-71.10299,5.67,10.00,23.06,0.00
"Jul 22 2009 10:40:17",42.769848,-71.10298,5.95,0.00,23.06,0.00
"Jul 22 2009 10:40:18",42.769863,-71.10296,6.02,1.00,24.44,0.00
"Jul 22 2009 10:40:19",42.769863,-71.10296,6.14,0.00,24.44,0.00
"Jul 22 2009 10:40:20",42.769875,-71.10295,6.30,0.00,23.06,100.00
"Jul 22 2009 10:40:21",42.769875,-71.10294,6.42,5.00,23.06,0.00
"Jul 22 2009 10:40:22",42.769875,-71.10294,6.30,0.00,23.06,2.00
"Jul 22 2009 10:40:23",42.76989,-71.10291,6.42,0.00,23.06,0.00
"Jul 22 2009 10:40:24",42.76989,-71.10293,5.91,0.00,23.06,0.00
"Jul 22 2009 10:40:25",42.76989,-71.10296,6.46,0.00,23.06,0.00
"Jul 22 2009 10:40:26",42.76989,-71.102974,6.38,0.00,24.44,0.00
"Jul 22 2009 10:40:27",42.76989,-71.102974,6.54,0.00,24.44,0.00
"Jul 22 2009 10:40:29",42.76989,-71.10296,5.98,1.00,23.06,0.00
"Jul 22 2009 10:40:30",42.769875,-71.10293,6.38,0.00,23.06,0.00
"Jul 22 2009 10:40:31",42.769875,-71.102974,6.30,0.00,23.06,0.00
"Jul 22 2009 10:40:32",42.769882,-71.10303,6.42,0.00,24.44,0.00
"Jul 22 2009 10:40:33",42.769863,-71.10305,5.75,0.00,24.44,0.00
"Jul 22 2009 10:40:34",42.769848,-71.10303,7.50,0.00,23.06,5.00
"Jul 22 2009 10:40:35",42.769848,-71.103035,5.87,0.00,24.44,38.00
"Jul 22 2009 10:40:36",42.76984,-71.10303,5.95,0.00,24.44,5.00
"Jul 22 2009 10:40:37",42.769833,-71.103,8.42,0.00,24.44,0.00
"Jul 22 2009 10:40:38",42.769825,-71.10294,6.26,0.00,23.06,0.00
"Jul 22 2009 10:40:39",42.769817,-71.10294,6.70,0.00,24.44,0.00
"Jul 22 2009 10:40:40",42.769825,-71.10294,5.95,0.00,24.44,0.00
"Jul 22 2009 10:40:41",42.76981,-71.10294,6.38,0.00,24.44,13.00
"Jul 22 2009 10:40:43",42.76981,-71.103035,6.18,0.00,24.44,0.00
"Jul 22 2009 10:40:44",42.7698,-71.10307,6.02,0.00,24.44,0.00
"Jul 22 2009 10:40:45",42.76981,-71.1031,5.87,0.00,23.06,14.00
"Jul 22 2009 10:40:46",42.7698,-71.10307,5.63,0.00,24.44,0.00
"Jul 22 2009 10:40:47",42.7698,-71.103035,5.91,3.00,23.06,0.00
"Jul 22 2009 10:40:48",42.7698,-71.102974,5.79,0.00,23.06,0.00
"Jul 22 2009 10:40:49",42.7698,-71.10288,5.87,0.00,23.06,0.00
"Jul 22 2009 10:40:50",42.769817,-71.1028,5.79,0.00,24.44,0.00
"Jul 22 2009 10:40:51",42.769817,-71.10277,5.71,3.00,23.06,0.00
"Jul 22 2009 10:40:52",42.769817,-71.10278,6.46,11.00,23.06,0.00
"Jul 22 2009 10:40:53",42.769817,-71.10274,6.54,6.00,23.06,100.00
"Jul 22 2009 10:40:54",42.76981,-71.102684,6.86,47.00,24.44,0.00
"Jul 22 2009 10:40:55",42.76981,-71.10264,6.22,55.00,23.06,0.00
"Jul 22 2009 10:40:57",42.76981,-71.102585,6.34,73.00,24.44,0.00
"Jul 22 2009 10:40:58",42.76981,-71.102585,6.22,74.00,24.44,0.00
"Jul 22 2009 10:40:59",42.76981,-71.102585,6.38,74.00,24.44,0.00
"Jul 22 2009 10:41:00",42.76981,-71.102585,6.30,74.00,23.06,13.00
"Jul 22 2009 10:41:01",42.769688,-71.1028,6.26,75.00,24.44,0.00
"Jul 22 2009 10:41:02",42.76981,-71.10295,7.30,72.00,23.06,0.00
"Jul 22 2009 10:41:03",42.769768,-71.102875,6.26,73.00,24.44,9.00
"Jul 22 2009 10:41:04",42.769753,-71.102875,5.95,74.00,23.06,0.00
"Jul 22 2009 10:41:05",42.769726,-71.10289,6.06,74.00,23.06,0.00
"Jul 22 2009 10:41:06",42.769638,-71.10282,5.91,74.00,23.06,0.00
"Jul 22 2009 10:41:07",42.76962,-71.10288,6.14,73.00,23.06,3.00
"Jul 22 2009 10:41:08",42.76959,-71.10286,6.10,72.00,24.44,0.00
"Jul 22 2009 10:41:09",42.769573,-71.102875,6.06,68.00,24.44,1.00
"Jul 22 2009 10:41:11",42.76954,-71.10279,6.14,45.00,23.06,0.00
"Jul 22 2009 10:41:12",42.769497,-71.10277,6.22,61.00,23.06,0.00
"Jul 22 2009 10:41:13",42.76953,-71.102776,6.18,56.00,23.06,0.00
"Jul 22 2009 10:41:14",42.76953,-71.1028,6.30,57.00,23.06,7.00
"Jul 22 2009 10:41:15",42.769524,-71.1028,6.10,16.00,23.06,0.00
"Jul 22 2009 10:41:16",42.769566,-71.102936,5.75,18.00,23.06,0.00
"Jul 22 2009 10:41:17",42.76959,-71.10302,6.42,36.00,23.06,0.00
"Jul 22 2009 10:41:18",42.76959,-71.102974,6.50,39.00,23.06,0.00
"Jul 22 2009 10:41:19",42.769573,-71.10294,7.14,40.00,23.06,2.00
"Jul 22 2009 10:41:20",42.769573,-71.10291,6.74,56.00,23.06,0.00
"Jul 22 2009 10:41:21",42.76958,-71.10287,6.38,40.00,23.06,0.00
"Jul 22 2009 10:41:22",42.769596,-71.102875,6.06,74.00,23.06,0.00
"Jul 22 2009 10:41:23",42.76961,-71.10288,6.18,74.00,23.06,0.00
"Jul 22 2009 10:41:25",42.76962,-71.10282,5.98,75.00,23.06,0.00
"Jul 22 2009 10:41:26",42.769638,-71.1028,6.34,74.00,23.06,0.00
"Jul 22 2009 10:41:27",42.769653,-71.102776,6.30,74.00,23.06,0.00
"Jul 22 2009 10:41:28",42.76967,-71.102776,6.30,74.00,23.06,0.00
"Jul 22 2009 10:41:29",42.769695,-71.10277,6.10,75.00,23.06,0.00
"Jul 22 2009 10:41:30",42.76971,-71.10277,6.58,75.00,23.06,0.00
"Jul 22 2009 10:41:31",42.769688,-71.10273,7.10,75.00,23.06,0.00
"Jul 22 2009 10:41:32",42.769676,-71.1027,5.95,74.00,23.06,0.00
"Jul 22 2009 10:41:33",42.76966,-71.10265,5.98,74.00,23.06,0.00
"Jul 22 2009 10:41:34",42.769653,-71.10264,6.46,74.00,23.06,0.00
"Jul 22 2009 10:41:35",42.769646,-71.102646,6.10,75.00,23.06,0.00
"Jul 22 2009 10:41:36",42.769653,-71.102646,5.98,74.00,23.06,0.00
"Jul 22 2009 10:41:37",42.769653,-71.10264,5.98,74.00,23.06,0.00
"Jul 22 2009 10:41:39",42.769653,-71.102646,6.10,75.00,23.06,0.00
"Jul 22 2009 10:41:40",42.769653,-71.10264,6.02,74.00,23.06,0.00
"Jul 22 2009 10:41:41",42.769653,-71.10262,6.26,75.00,23.06,0.00
"Jul 22 2009 10:41:42",42.76966,-71.102615,6.10,76.00,23.06,0.00
"Jul 22 2009 10:41:43",42.76966,-71.10259,6.34,75.00,23.06,0.00
"Jul 22 2009 10:41:44",42.76967,-71.102615,6.22,74.00,23.06,2.00
"Jul 22 2009 10:41:45",42.76966,-71.10262,6.38,75.00,23.06,0.00
"Jul 22 2009 10:41:46",42.769653,-71.10263,5.91,75.00,23.06,0.00
"Jul 22 2009 10:41:47",42.769653,-71.10262,5.95,75.00,23.06,0.00
"Jul 22 2009 10:41:48",42.769653,-71.10262,5.87,75.00,23.06,0.00
"Jul 22 2009 10:41:49",42.76966,-71.102615,6.10,74.00,24.44,0.00
"Jul 22 2009 10:41:50",42.769653,-71.10259,5.55,75.00,23.06,0.00
"Jul 22 2009 10:41:51",42.76967,-71.10258,5.91,75.00,23.06,0.00
"Jul 22 2009 10:41:52",42.769688,-71.102554,6.02,76.00,23.06,0.00
"Jul 22 2009 10:41:54",42.769695,-71.10253,6.18,76.00,23.06,0.00
"Jul 22 2009 10:41:55",42.769695,-71.102516,6.02,73.00,23.06,0.00
"Jul 22 2009 10:41:56",42.769703,-71.102516,5.91,74.00,24.44,12.00
"Jul 22 2009 10:41:57",42.76971,-71.10251,6.50,75.00,23.06,0.00
"Jul 22 2009 10:41:58",42.76971,-71.1025,6.50,74.00,23.06,36.00
"Jul 22 2009 10:41:59",42.76971,-71.102455,6.38,75.00,23.06,0.00
"Jul 22 2009 10:42:00",42.76972,-71.102455,6.10,75.00,23.06,0.00
"Jul 22 2009 10:42:01",42.769726,-71.102455,6.14,75.00,23.06,0.00
"Jul 22 2009 10:42:02",42.769733,-71.10247,6.46,75.00,23.06,0.00
"Jul 22 2009 10:42:03",42.769733,-71.10246,6.82,75.00,23.06,0.00
"Jul 22 2009 10:42:04",42.769733,-71.10245,6.34,76.00,23.06,15.00
"Jul 22 2009 10:42:05",42.769733,-71.10242,6.38,76.00,23.06,40.00
"Jul 22 2009 10:42:06",42.769733,-71.1024,5.98,75.00,23.06,0.00
"Jul 22 2009 10:42:08",42.769733,-71.10235,6.70,75.00,23.06,0.00
"Jul 22 2009 10:42:09",42.76974,-71.10234,6.62,75.00,23.06,0.00
"Jul 22 2009 10:42:10",42.76976,-71.10233,5.87,75.00,23.06,0.00
"Jul 22 2009 10:42:11",42.769733,-71.102325,5.98,75.00,23.06,0.00
"Jul 22 2009 10:42:12",42.769726,-71.102295,5.79,75.00,23.06,0.00
"Jul 22 2009 10:42:13",42.769726,-71.102264,5.87,75.00,23.06,0.00
"Jul 22 2009 10:42:14",42.769726,-71.10223,5.55,75.00,23.06,0.00
"Jul 22 2009 10:42:15",42.769733,-71.102196,5.67,75.00,23.06,0.00
"Jul 22 2009 10:42:16",42.769726,-71.102165,6.26,75.00,23.06,0.00
"Jul 22 2009 10:42:17",42.769726,-71.10215,6.38,75.00,23.06,0.00
"Jul 22 2009 10:42:18",42.76971,-71.1021,6.46,74.00,23.06,0.00
"Jul 22 2009 10:42:19",42.769703,-71.102066,6.22,75.00,23.06,0.00
"Jul 22 2009 10:42:20",42.769703,-71.102066,6.26,74.00,23.06,0.00
"Jul 22 2009 10:42:22",42.769688,-71.10202,6.34,74.00,23.06,0.00
"Jul 22 2009 10:42:23",42.76966,-71.10197,6.14,74.00,23.06,0.00
"Jul 22 2009 10:42:24",42.769646,-71.10194,5.79,76.00,23.06,0.00
"Jul 22 2009 10:42:25",42.769638,-71.101906,6.22,74.00,23.06,0.00
"Jul 22 2009 10:42:26",42.76963,-71.10189,6.34,74.00,23.06,0.00
"Jul 22 2009 10:42:27",42.76962,-71.10186,6.22,74.00,23.06,6.00
"Jul 22 2009 10:42:28",42.769638,-71.10186,6.06,74.00,23.06,0.00
"Jul 22 2009 10:42:29",42.769646,-71.10186,5.83,74.00,23.06,0.00
"Jul 22 2009 10:42:30",42.769653,-71.10185,5.83,74.00,23.06,0.00
"Jul 22 2009 10:42:31",42.76966,-71.101845,5.95,74.00,23.06,0.00
"Jul 22 2009 10:42:32",42.76966,-71.10185,5.98,74.00,23.06,0.00
"Jul 22 2009 10:42:33",42.76967,-71.10185,6.10,74.00,23.06,0.00
"Jul 22 2009 10:42:34",42.76966,-71.10184,7.34,74.00,23.06,0.00
"Jul 22 2009 10:42:36",42.76966,-71.10182,8.06,75.00,23.06,0.00
"Jul 22 2009 10:42:37",42.76966,-71.10182,6.18,75.00,23.06,0.00
"Jul 22 2009 10:42:38",42.769653,-71.101814,5.95,76.00,23.06,43.00
"Jul 22 2009 10:42:39",42.769653,-71.10181,6.58,76.00,24.44,0.00
"Jul 22 2009 10:42:40",42.769653,-71.10179,5.75,76.00,23.06,0.00
"Jul 22 2009 10:42:41",42.769646,-71.101776,5.79,76.00,23.06,0.00
"Jul 22 2009 10:42:42",42.769646,-71.10178,5.98,76.00,23.06,0.00
"Jul 22 2009 10:42:43",42.769646,-71.1018,5.59,76.00,23.06,0.00
"Jul 22 2009 10:42:44",42.769646,-71.1018,6.10,76.00,23.06,0.00
"Jul 22 2009 10:42:45",42.769646,-71.10182,7.26,75.00,23.06,0.00
"Jul 22 2009 10:42:46",42.76966,-71.10185,6.02,76.00,23.06,0.00
"Jul 22 2009 10:42:47",42.769653,-71.10185,5.79,76.00,23.06,0.00
"Jul 22 2009 10:42:48",42.769653,-71.10185,6.26,76.00,23.06,0.00
"Jul 22 2009 10:42:50",42.769638,-71.10183,5.91,76.00,23.06,0.00
"Jul 22 2009 10:42:51",42.76963,-71.10182,6.50,76.00,23.06,0.00
"Jul 22 2009 10:42:52",42.76962,-71.10181,6.06,76.00,23.06,0.00
"Jul 22 2009 10:42:53",42.76961,-71.1018,6.14,75.00,23.06,0.00
"Jul 22 2009 10:42:54",42.769604,-71.1018,6.26,75.00,23.06,9.00
"Jul 22 2009 10:42:55",42.76959,-71.10179,6.38,75.00,23.06,0.00
"Jul 22 2009 10:42:56",42.769573,-71.10179,6.58,75.00,23.06,0.00
"Jul 22 2009 10:42:57",42.769566,-71.10179,7.54,75.00,23.06,0.00
"Jul 22 2009 10:42:58",42.76954,-71.10178,7.46,75.00,23.06,0.00
"Jul 22 2009 10:42:59",42.769524,-71.10176,7.02,75.00,23.06,0.00
"Jul 22 2009 10:43:00",42.76951,-71.10176,6.66,76.00,23.06,0.00
"Jul 22 2009 10:43:01",42.769497,-71.10176,5.43,75.00,23.06,0.00
"Jul 22 2009 10:43:02",42.76948,-71.10178,6.86,75.00,23.06,0.00
"Jul 22 2009 10:43:04",42.769474,-71.10179,6.26,75.00,23.06,0.00
"Jul 22 2009 10:43:05",42.76948,-71.1018,5.98,76.00,23.06,0.00
"Jul 22 2009 10:43:06",42.76948,-71.10178,5.98,75.00,23.06,0.00
"Jul 22 2009 10:43:07",42.76948,-71.10178,6.78,75.00,23.06,0.00
"Jul 22 2009 10:43:08",42.76948,-71.101776,6.94,74.00,23.06,0.00
"Jul 22 2009 10:43:09",42.76948,-71.101776,6.90,75.00,23.06,0.00
"Jul 22 2009 10:43:10",42.76946,-71.10179,6.58,75.00,23.06,0.00
"Jul 22 2009 10:43:11",42.76945,-71.10179,9.18,75.00,23.06,0.00
"Jul 22 2009 10:43:12",42.7694,-71.10181,7.46,74.00,23.06,0.00
"Jul 22 2009 10:43:13",42.76941,-71.116615,6.78,74.00,23.06,0.00
"Jul 22 2009 10:43:14",42.769375,-71.11563,6.66,75.00,23.06,16.00
"Jul 22 2009 10:43:15",42.769337,-71.11533,6.62,75.00,23.06,0.00
"Jul 22 2009 10:43:16",42.76931,-71.11515,7.10,75.00,23.06,0.00
"Jul 22 2009 10:43:18",42.769302,-71.11636,6.26,74.00,23.06,0.00
"Jul 22 2009 10:43:19",42.769295,-71.11611,6.86,74.00,23.06,21.00
"Jul 22 2009 10:43:20",42.769287,-71.1163,6.82,74.00,23.06,0.00
"Jul 22 2009 10:43:21",42.769287,-71.116035,6.58,75.00,23.06,0.00
"Jul 22 2009 10:43:22",42.769302,-71.116585,6.34,75.00,23.06,0.00
"Jul 22 2009 10:43:23",42.76931,-71.116554,6.54,75.00,23.06,0.00
"Jul 22 2009 10:43:24",42.769302,-71.101685,6.62,75.00,23.06,0.00
"Jul 22 2009 10:43:25",42.76932,-71.10174,6.18,76.00,23.06,0.00
"Jul 22 2009 10:43:26",42.76931,-71.10177,5.75,75.00,23.06,0.00
"Jul 22 2009 10:43:27",42.769367,-71.102005,6.22,75.00,23.06,0.00
"Jul 22 2009 10:43:28",42.769375,-71.10208,6.46,75.00,23.06,0.00
"Jul 22 2009 10:43:29",42.769367,-71.10207,6.98,75.00,23.06,0.00
"Jul 22 2009 10:43:30",42.769352,-71.10204,5.83,75.00,23.06,0.00
"Jul 22 2009 10:43:32",42.769302,-71.102,7.50,75.00,23.06,18.00
"Jul 22 2009 10:43:33",42.769302,-71.102,6.50,75.00,23.06,0.00
"Jul 22 2009 10:43:34",42.769295,-71.102005,6.14,75.00,23.06,0.00
"Jul 22 2009 10:43:35",42.769287,-71.10201,6.34,75.00,23.06,0.00
"Jul 22 2009 10:43:36",42.769287,-71.10203,6.34,75.00,23.06,0.00
"Jul 22 2009 10:43:37",42.76928,-71.10203,6.42,74.00,23.06,0.00
"Jul 22 2009 10:43:38",42.769287,-71.10204,5.75,74.00,21.67,0.00
"Jul 22 2009 10:43:39",42.769295,-71.10206,5.98,75.00,23.06,28.00
"Jul 22 2009 10:43:40",42.769302,-71.10206,6.06,75.00,21.67,0.00
"Jul 22 2009 10:43:41",42.76931,-71.10206,6.38,75.00,23.06,0.00
"Jul 22 2009 10:43:42",42.76932,-71.10206,6.14,74.00,23.06,0.00
"Jul 22 2009 10:43:43",42.76932,-71.10205,5.79,75.00,21.67,0.00
"Jul 22 2009 10:43:44",42.76933,-71.10204,6.10,75.00,21.67,0.00
"Jul 22 2009 10:43:46",42.769352,-71.10206,6.10,75.00,21.67,0.00
"Jul 22 2009 10:43:47",42.769367,-71.10205,7.42,75.00,23.06,9.00
"Jul 22 2009 10:43:48",42.769375,-71.10206,7.30,74.00,21.67,0.00
"Jul 22 2009 10:43:49",42.769394,-71.10206,8.82,75.00,21.67,0.00
"Jul 22 2009 10:43:50",42.76941,-71.102066,7.78,75.00,21.67,0.00
"Jul 22 2009 10:43:51",42.7694,-71.10208,6.90,75.00,23.06,0.00
"Jul 22 2009 10:43:52",42.76941,-71.10207,6.26,75.00,21.67,0.00
"Jul 22 2009 10:43:53",42.769417,-71.10208,6.50,76.00,21.67,16.00
"Jul 22 2009 10:43:54",42.769424,-71.10208,6.50,75.00,21.67,0.00
"Jul 22 2009 10:43:55",42.769444,-71.1021,5.91,76.00,21.67,0.00
"Jul 22 2009 10:43:56",42.769432,-71.102104,5.95,75.00,23.06,0.00
"Jul 22 2009 10:43:57",42.76946,-71.102104,6.50,75.00,21.67,0.00
"Jul 22 2009 10:43:58",42.769474,-71.10212,6.10,75.00,21.67,0.00
"Jul 22 2009 10:44:00",42.769516,-71.102165,6.14,75.00,21.67,0.00
"Jul 22 2009 10:44:01",42.76953,-71.10219,6.22,73.00,21.67,0.00
"Jul 22 2009 10:44:02",42.76954,-71.10222,6.38,75.00,21.67,21.00
"Jul 22 2009 10:44:03",42.769554,-71.10226,6.46,74.00,21.67,0.00
"Jul 22 2009 10:44:04",42.769573,-71.102264,6.30,74.00,21.67,0.00
"Jul 22 2009 10:44:05",42.76958,-71.10229,5.91,75.00,21.67,0.00
"Jul 22 2009 10:44:06",42.76959,-71.10228,6.30,76.00,23.06,0.00
"Jul 22 2009 10:44:07",42.769596,-71.10227,6.10,76.00,21.67,0.00
"Jul 22 2009 10:44:08",42.769604,-71.10224,5.95,75.00,21.67,0.00
"Jul 22 2009 10:44:09",42.76962,-71.10225,5.91,75.00,21.67,29.00
"Jul 22 2009 10:44:10",42.76963,-71.10226,6.06,74.00,21.67,0.00
"Jul 22 2009 10:44:11",42.769646,-71.102264,6.18,74.00,21.67,0.00
"Jul 22 2009 10:44:13",42.769646,-71.102295,6.70,74.00,21.67,13.00
"Jul 22 2009 10:44:14",42.769638,-71.102325,6.58,75.00,21.67,0.00
"Jul 22 2009 10:44:15",42.76961,-71.10231,6.90,75.00,21.67,8.00
"Jul 22 2009 10:44:16",42.76962,-71.1023,6.82,75.00,21.67,0.00
"Jul 22 2009 10:44:17",42.76963,-71.10231,7.14,74.00,21.67,0.00
"Jul 22 2009 10:44:18",42.76963,-71.102325,7.10,74.00,21.67,0.00
"Jul 22 2009 10:44:19",42.76961,-71.10231,6.18,75.00,21.67,2.00
"Jul 22 2009 10:44:20",42.769604,-71.10231,6.18,74.00,21.67,17.00
"Jul 22 2009 10:44:21",42.769604,-71.10231,5.79,74.00,21.67,2.00
"Jul 22 2009 10:44:22",42.76961,-71.10232,6.18,74.00,21.67,1.00
"Jul 22 2009 10:44:23",42.76962,-71.10235,6.18,74.00,21.67,0.00
"Jul 22 2009 10:44:24",42.76961,-71.10236,5.95,74.00,21.67,0.00
"Jul 22 2009 10:44:25",42.76961,-71.10238,6.06,74.00,21.67,0.00
"Jul 22 2009 10:44:27",42.769596,-71.10242,5.95,74.00,21.67,0.00
"Jul 22 2009 10:44:28",42.76959,-71.102425,6.22,74.00,21.67,0.00
"Jul 22 2009 10:44:29",42.76959,-71.10244,6.38,74.00,21.67,0.00
"Jul 22 2009 10:44:30",42.76959,-71.10246,6.18,74.00,21.67,0.00
"Jul 22 2009 10:44:31",42.76959,-71.10246,6.18,74.00,21.67,0.00
"Jul 22 2009 10:44:32",42.76959,-71.102455,5.95,74.00,21.67,1.00
"Jul 22 2009 10:44:33",42.76958,-71.10246,6.02,74.00,21.67,7.00
"Jul 22 2009 10:44:34",42.76958,-71.10247,6.10,74.00,21.67,6.00
"Jul 22 2009 10:44:35",42.76958,-71.102486,5.98,74.00,21.67,0.00
"Jul 22 2009 10:44:36",42.769573,-71.10249,6.06,74.00,20.29,0.00
"Jul 22 2009 10:44:37",42.769573,-71.1025,6.34,74.00,20.29,0.00
"Jul 22 2009 10:44:38",42.769573,-71.1025,6.10,74.00,21.67,0.00
"Jul 22 2009 10:44:39",42.76958,-71.10251,6.14,74.00,21.67,14.00
"Jul 22 2009 10:44:41",42.76959,-71.1025,5.98,74.00,20.29,0.00
"Jul 22 2009 10:44:42",42.769596,-71.1025,6.10,74.00,20.29,3.00
"Jul 22 2009 10:44:43",42.769604,-71.1025,6.46,74.00,20.29,5.00
"Jul 22 2009 10:44:44",42.769596,-71.10249,6.06,74.00,21.67,0.00
"Jul 22 2009 10:44:45",42.769596,-71.10247,5.91,74.00,20.29,14.00
"Jul 22 2009 10:44:46",42.769596,-71.10245,7.18,74.00,20.29,0.00
"Jul 22 2009 10:44:47",42.76959,-71.10243,5.98,74.00,21.67,6.00
"Jul 22 2009 10:44:48",42.76959,-71.10241,6.78,72.00,20.29,0.00
"Jul 22 2009 10:44:49",42.76959,-71.102394,8.14,74.00,20.29,0.00
"Jul 22 2009 10:44:50",42.76959,-71.102394,6.14,74.00,20.29,0.00
"Jul 22 2009 10:44:51",42.76958,-71.10239,7.22,74.00,20.29,0.00
"Jul 22 2009 10:44:52",42.769566,-71.10238,7.46,74.00,21.67,0.00
"Jul 22 2009 10:44:53",42.769554,-71.102394,6.34,74.00,21.67,1.00
"Jul 22 2009 10:44:55",42.769554,-71.10238,5.98,74.00,20.29,7.00
"Jul 22 2009 10:44:56",42.769547,-71.10237,6.34,74.00,20.29,6.00
"Jul 22 2009 10:44:57",42.76954,-71.10237,5.83,74.00,20.29,0.00
"Jul 22 2009 10:44:58",42.769547,-71.10238,6.62,74.00,21.67,0.00
"Jul 22 2009 10:44:59",42.769547,-71.10238,6.58,74.00,20.29,0.00
"Jul 22 2009 10:45:00",42.769547,-71.10239,5.95,74.00,20.29,0.00
"Jul 22 2009 10:45:01",42.769554,-71.1024,6.30,74.00,20.29,0.00
"Jul 22 2009 10:45:02",42.769554,-71.102425,5.91,74.00,20.29,0.00
"Jul 22 2009 10:45:03",42.769554,-71.10245,5.98,74.00,20.29,17.00
"Jul 22 2009 10:45:04",42.769554,-71.10249,5.98,74.00,20.29,0.00
"Jul 22 2009 10:45:05",42.769554,-71.102516,6.30,76.00,20.29,0.00
"Jul 22 2009 10:45:06",42.769547,-71.10253,6.14,75.00,20.29,0.00
"Jul 22 2009 10:45:07",42.76953,-71.10254,6.02,75.00,20.29,0.00
"Jul 22 2009 10:45:09",42.769516,-71.10257,5.83,76.00,20.29,0.00
"Jul 22 2009 10:45:10",42.76951,-71.10259,6.14,76.00,20.29,0.00
"Jul 22 2009 10:45:11",42.76951,-71.102615,6.26,76.00,20.29,0.00
"Jul 22 2009 10:45:12",42.76951,-71.10265,5.98,40.00,20.29,0.00
"Jul 22 2009 10:45:13",42.76951,-71.10268,6.70,75.00,21.67,0.00
"Jul 22 2009 10:45:14",42.76951,-71.10269,6.14,75.00,20.29,0.00
"Jul 22 2009 10:45:15",42.76949,-71.10271,6.10,76.00,21.67,13.00
"Jul 22 2009 10:45:16",42.76948,-71.10274,6.94,75.00,20.29,0.00
"Jul 22 2009 10:45:17",42.769497,-71.10274,6.06,75.00,20.29,0.00
"Jul 22 2009 10:45:18",42.769516,-71.1027,7.18,74.00,20.29,0.00
"Jul 22 2009 10:45:19",42.769524,-71.10266,6.34,75.00,20.29,0.00
"Jul 22 2009 10:45:20",42.76954,-71.10264,5.95,75.00,21.67,0.00
"Jul 22 2009 10:45:21",42.769547,-71.10263,6.02,75.00,21.67,0.00
"Jul 22 2009 10:45:23",42.769554,-71.10259,6.50,75.00,21.67,0.00
"Jul 22 2009 10:45:24",42.769554,-71.102585,5.95,75.00,20.29,3.00
"Jul 22 2009 10:45:25",42.76954,-71.10256,6.58,75.00,20.29,0.00
"Jul 22 2009 10:45:26",42.76953,-71.10255,6.18,75.00,20.29,0.00
"Jul 22 2009 10:45:27",42.76953,-71.10254,6.10,76.00,21.67,0.00
"Jul 22 2009 10:45:28",42.76953,-71.10252,5.98,76.00,20.29,0.00
"Jul 22 2009 10:45:29",42.76954,-71.10252,5.95,76.00,20.29,0.00
"Jul 22 2009 10:45:30",42.76954,-71.10252,6.22,76.00,20.29,0.00
"Jul 22 2009 10:45:31",42.76954,-71.102516,5.98,76.00,21.67,0.00
"Jul 22 2009 10:45:32",42.769547,-71.102516,6.34,75.00,21.67,0.00
"Jul 22 2009 10:45:33",42.769547,-71.10249,6.86,75.00,20.29,0.00
"Jul 22 2009 10:45:34",42.769566,-71.10247,6.98,75.00,21.67,0.00
"Jul 22 2009 10:45:35",42.769566,-71.102455,6.42,76.00,21.67,0.00
"Jul 22 2009 10:45:37",42.76958,-71.10243,6.10,76.00,21.67,7.00
"Jul 22 2009 10:45:38",42.769573,-71.10238,6.22,75.00,21.67,0.00
"Jul 22 2009 10:45:39",42.76958,-71.10233,5.87,76.00,21.67,0.00
"Jul 22 2009 10:45:40",42.76958,-71.10233,6.42,76.00,21.67,0.00
"Jul 22 2009 10:45:41",42.769566,-71.10237,6.10,76.00,21.67,0.00
"Jul 22 2009 10:45:42",42.769573,-71.10237,6.06,76.00,21.67,0.00
"Jul 22 2009 10:45:43",42.769573,-71.10237,6.46,75.00,21.67,7.00
"Jul 22 2009 10:45:44",42.76958,-71.10237,6.14,75.00,21.67,0.00
"Jul 22 2009 10:45:45",42.76959,-71.10236,6.42,75.00,21.67,0.00
"Jul 22 2009 10:45:46",42.76959,-71.10235,5.98,76.00,21.67,19.00
"Jul 22 2009 10:45:47",42.76959,-71.10236,6.10,75.00,21.67,0.00
"Jul 22 2009 10:45:48",42.769596,-71.10235,6.06,75.00,21.67,9.00
"Jul 22 2009 10:45:49",42.769604,-71.10234,6.10,74.00,21.67,0.00
"Jul 22 2009 10:45:51",42.769596,-71.10236,5.98,74.00,21.67,0.00
"Jul 22 2009 10:45:52",42.76959,-71.10236,6.02,75.00,21.67,0.00
"Jul 22 2009 10:45:53",42.76959,-71.10238,6.30,74.00,21.67,0.00
"Jul 22 2009 10:45:54",42.769596,-71.10236,6.02,74.00,21.67,0.00
"Jul 22 2009 10:45:55",42.769604,-71.10234,5.98,74.00,21.67,0.00
"Jul 22 2009 10:45:56",42.769604,-71.10234,6.22,74.00,21.67,12.00
"Jul 22 2009 10:45:57",42.76961,-71.102325,5.95,72.00,21.67,0.00
"Jul 22 2009 10:45:58",42.76961,-71.1023,6.14,70.00,21.67,0.00
"Jul 22 2009 10:45:59",42.76961,-71.1023,5.91,74.00,21.67,0.00
"Jul 22 2009 10:46:00",42.76961,-71.10231,6.78,74.00,21.67,2.00
"Jul 22 2009 10:46:01",42.76962,-71.10231,5.98,74.00,21.67,0.00
"Jul 22 2009 10:46:02",42.76963,-71.10231,5.71,75.00,21.67,0.00
"Jul 22 2009 10:46:03",42.76963,-71.10231,5.95,75.00,21.67,0.00
"Jul 22 2009 10:46:05",42.76963,-71.102325,6.02,75.00,21.67,0.00
"Jul 22 2009 10:46:06",42.76963,-71.10232,6.34,74.00,21.67,0.00
"Jul 22 2009 10:46:07",42.76963,-71.10231,5.95,74.00,21.67,0.00
"Jul 22 2009 10:46:08",42.76963,-71.1023,6.14,74.00,21.67,0.00
"Jul 22 2009 10:46:09",42.76963,-71.10232,6.06,75.00,21.67,7.00
"Jul 22 2009 10:46:10",42.76963,-71.1023,6.02,75.00,21.67,0.00
"Jul 22 2009 10:46:11",42.76961,-71.10229,6.10,75.00,21.67,0.00
"Jul 22 2009 10:46:12",42.76961,-71.10229,6.02,75.00,21.67,0.00
"Jul 22 2009 10:46:13",42.76961,-71.102295,6.34,75.00,21.67,3.00
"Jul 22 2009 10:46:14",42.76961,-71.102295,6.26,75.00,21.67,0.00
"Jul 22 2009 10:46:15",42.76962,-71.102295,6.58,75.00,21.67,0.00
"Jul 22 2009 10:46:16",42.76963,-71.1023,6.42,75.00,21.67,0.00
"Jul 22 2009 10:46:18",42.76961,-71.10231,6.86,74.00,21.67,0.00
"Jul 22 2009 10:46:19",42.76961,-71.102325,6.66,75.00,21.67,0.00
"Jul 22 2009 10:46:20",42.769604,-71.10232,6.98,74.00,21.67,0.00
"Jul 22 2009 10:46:21",42.769596,-71.10232,6.86,74.00,21.67,0.00
"Jul 22 2009 10:46:22",42.769596,-71.10234,6.50,74.00,21.67,5.00
"Jul 22 2009 10:46:23",42.769596,-71.10237,6.22,74.00,21.67,0.00
"Jul 22 2009 10:46:24",42.76959,-71.10237,6.50,74.00,21.67,0.00
"Jul 22 2009 10:46:25",42.76958,-71.10235,6.22,74.00,21.67,0.00
"Jul 22 2009 10:46:26",42.76958,-71.10233,5.95,74.00,21.67,0.00
"Jul 22 2009 10:46:27",42.76958,-71.102325,6.02,74.00,21.67,15.00
"Jul 22 2009 10:46:28",42.769573,-71.10231,6.22,74.00,21.67,0.00
"Jul 22 2009 10:46:29",42.769573,-71.1023,6.54,74.00,21.67,0.00
"Jul 22 2009 10:46:30",42.769573,-71.1023,5.87,74.00,21.67,0.00
"Jul 22 2009 10:46:32",42.769573,-71.102295,6.02,74.00,21.67,0.00
"Jul 22 2009 10:46:33",42.769566,-71.1023,5.98,74.00,21.67,0.00
"Jul 22 2009 10:46:34",42.769554,-71.10231,6.14,74.00,21.67,0.00
"Jul 22 2009 10:46:35",42.769547,-71.10232,5.71,76.00,21.67,20.00
"Jul 22 2009 10:46:36",42.76954,-71.10232,5.91,74.00,21.67,0.00
"Jul 22 2009 10:46:37",42.769547,-71.10233,5.79,74.00,21.67,0.00
"Jul 22 2009 10:46:38",42.769547,-71.102325,6.02,74.00,21.67,0.00
"Jul 22 2009 10:46:39",42.76954,-71.10233,6.42,74.00,21.67,0.00
"Jul 22 2009 10:46:40",42.76954,-71.10235,8.06,75.00,21.67,0.00
"Jul 22 2009 10:46:41",42.769524,-71.10234,6.70,74.00,21.67,15.00
"Jul 22 2009 10:46:42",42.769516,-71.10234,6.54,74.00,21.67,0.00
"Jul 22 2009 10:46:43",42.76951,-71.10235,6.58,74.00,21.67,0.00
"Jul 22 2009 10:46:44",42.76951,-71.10237,6.26,74.00,21.67,0.00
"Jul 22 2009 10:46:46",42.769466,-71.1024,5.91,75.00,21.67,1.00
"Jul 22 2009 10:46:47",42.769466,-71.10245,5.91,74.00,20.29,0.00
"Jul 22 2009 10:46:48",42.769474,-71.10247,6.02,75.00,20.29,0.00
"Jul 22 2009 10:46:49",42.769466,-71.102486,5.75,76.00,21.67,0.00
"Jul 22 2009 10:46:50",42.76946,-71.102516,5.83,74.00,20.29,0.00
"Jul 22 2009 10:46:51",42.76946,-71.10253,6.14,74.00,20.29,0.00
"Jul 22 2009 10:46:52",42.76946,-71.10256,6.50,75.00,20.29,0.00
"Jul 22 2009 10:46:53",42.76945,-71.102585,6.42,75.00,20.29,0.00
"Jul 22 2009 10:46:54",42.769432,-71.10256,5.91,76.00,20.29,0.00
"Jul 22 2009 10:46:55",42.769424,-71.10257,6.18,76.00,20.29,0.00
"Jul 22 2009 10:46:56",42.769424,-71.102585,7.06,76.00,20.29,0.00
"Jul 22 2009 10:46:57",42.769444,-71.10262,7.18,74.00,20.29,0.00
"Jul 22 2009 10:46:58",42.76946,-71.10267,5.87,75.00,21.67,0.00
"Jul 22 2009 10:47:00",42.769497,-71.10271,5.27,76.00,21.67,0.00
"Jul 22 2009 10:47:01",42.76949,-71.10275,6.10,75.00,20.29,0.00
"Jul 22 2009 10:47:02",42.769497,-71.102776,6.62,75.00,20.29,0.00
"Jul 22 2009 10:47:03",42.769497,-71.1028,5.95,76.00,20.29,9.00
"Jul 22 2009 10:47:04",42.76951,-71.10282,5.87,76.00,20.29,0.00
"Jul 22 2009 10:47:05",42.76949,-71.10279,6.10,76.00,20.29,0.00
"Jul 22 2009 10:47:06",42.76945,-71.102684,5.95,76.00,20.29,0.00
"Jul 22 2009 10:47:07",42.76945,-71.10268,5.98,76.00,20.29,0.00
"Jul 22 2009 10:47:08",42.76946,-71.10271,6.22,76.00,21.67,0.00
"Jul 22 2009 10:47:09",42.769444,-71.1027,6.18,76.00,21.67,0.00
"Jul 22 2009 10:47:10",42.769432,-71.10269,6.06,76.00,21.67,0.00
"Jul 22 2009 10:47:11",42.769432,-71.10273,6.26,76.00,21.67,0.00
"Jul 22 2009 10:47:12",42.769424,-71.102745,5.95,76.00,21.67,0.00
"Jul 22 2009 10:47:14",42.769417,-71.10277,6.22,75.00,21.67,0.00
"Jul 22 2009 10:47:15",42.7694,-71.102776,6.10,74.00,20.29,0.00
"Jul 22 2009 10:47:16",42.769394,-71.10276,6.10,75.00,21.67,0.00
"Jul 22 2009 10:47:17",42.769386,-71.10275,6.02,75.00,21.67,0.00
"Jul 22 2009 10:47:18",42.769386,-71.102745,5.91,76.00,21.67,0.00
"Jul 22 2009 10:47:19",42.769375,-71.10274,6.06,76.00,21.67,0.00
"Jul 22 2009 10:47:20",42.769386,-71.10273,5.98,76.00,21.67,0.00
"Jul 22 2009 10:47:21",42.769375,-71.10273,5.95,76.00,21.67,9.00
"Jul 22 2009 10:47:22",42.769367,-71.102684,5.95,76.00,21.67,0.00
"Jul 22 2009 10:47:23",42.769386,-71.1027,5.95,76.00,21.67,0.00
"Jul 22 2009 10:47:24",42.7694,-71.10271,5.98,76.00,21.67,0.00
"Jul 22 2009 10:47:25",42.76941,-71.10271,6.02,76.00,21.67,16.00
"Jul 22 2009 10:47:26",42.769417,-71.10271,5.75,76.00,21.67,38.00
"Jul 22 2009 10:47:28",42.769432,-71.102715,6.06,76.00,21.67,0.00
"Jul 22 2009 10:47:29",42.769432,-71.102715,6.02,76.00,21.67,0.00
"Jul 22 2009 10:47:30",42.769432,-71.102715,7.86,75.00,21.67,0.00
"Jul 22 2009 10:47:31",42.769432,-71.102715,7.02,75.00,21.67,0.00
"Jul 22 2009 10:47:32",42.769432,-71.102715,6.26,74.00,21.67,0.00
"Jul 22 2009 10:47:33",42.769432,-71.102715,6.10,75.00,21.67,0.00
"Jul 22 2009 10:47:34",42.769432,-71.102715,6.26,75.00,21.67,0.00
"Jul 22 2009 10:47:35",42.769432,-71.102715,6.62,75.00,21.67,0.00
"Jul 22 2009 10:47:36",42.769432,-71.102715,6.74,75.00,21.67,0.00
"Jul 22 2009 10:47:37",42.769432,-71.102715,9.18,74.00,21.67,0.00
"Jul 22 2009 10:47:38",42.769432,-71.102715,6.02,75.00,21.67,0.00
"Jul 22 2009 10:47:40",42.769432,-71.102715,6.82,75.00,21.67,0.00
"Jul 22 2009 10:47:41",42.769432,-71.102715,6.42,75.00,21.67,0.00
"Jul 22 2009 10:47:42",42.769432,-71.102715,7.34,74.00,21.67,17.00
"Jul 22 2009 10:47:43",42.769375,-71.10265,8.18,74.00,21.67,0.00
"Jul 22 2009 10:47:44",42.769417,-71.10266,7.06,74.00,21.67,0.00
"Jul 22 2009 10:47:45",42.7694,-71.10262,8.06,75.00,21.67,0.00
"Jul 22 2009 10:47:46",42.769417,-71.10261,6.02,75.00,21.67,0.00
"Jul 22 2009 10:47:47",42.769424,-71.102585,5.67,75.00,21.67,0.00
"Jul 22 2009 10:47:48",42.769432,-71.10258,6.18,75.00,21.67,0.00
"Jul 22 2009 10:47:49",42.769424,-71.102554,6.02,74.00,21.67,9.00
"Jul 22 2009 10:47:50",42.76941,-71.10256,6.14,74.00,21.67,0.00
"Jul 22 2009 10:47:51",42.7694,-71.10258,6.18,74.00,21.67,5.00
"Jul 22 2009 10:47:52",42.76941,-71.10261,6.10,74.00,21.67,21.00
"Jul 22 2009 10:47:54",42.769432,-71.10263,6.18,75.00,21.67,0.00
"Jul 22 2009 10:47:55",42.769432,-71.10264,5.87,75.00,21.67,5.00
"Jul 22 2009 10:47:56",42.769444,-71.102646,6.10,76.00,21.67,0.00
"Jul 22 2009 10:47:57",42.76945,-71.10265,6.38,75.00,21.67,0.00
"Jul 22 2009 10:47:58",42.769466,-71.10262,6.06,75.00,21.67,0.00
"Jul 22 2009 10:47:59",42.76948,-71.10261,5.79,75.00,21.67,11.00
"Jul 22 2009 10:48:00",42.76949,-71.10256,5.95,75.00,21.67,0.00
"Jul 22 2009 10:48:01",42.769497,-71.102516,6.22,75.00,21.67,0.00
"Jul 22 2009 10:48:02",42.76949,-71.102516,6.38,74.00,21.67,0.00
"Jul 22 2009 10:48:03",42.769497,-71.10255,5.98,74.00,21.67,0.00
"Jul 22 2009 10:48:04",42.769497,-71.10251,5.98,75.00,20.29,0.00
"Jul 22 2009 10:48:05",42.76951,-71.10251,5.83,74.00,21.67,0.00
"Jul 22 2009 10:48:06",42.769516,-71.102516,5.87,74.00,21.67,0.00
"Jul 22 2009 10:48:08",42.76954,-71.10258,6.46,75.00,21.67,0.00
"Jul 22 2009 10:48:09",42.76954,-71.10258,6.46,75.00,21.67,0.00
"Jul 22 2009 10:48:10",42.76953,-71.10255,6.22,74.00,20.29,0.00
"Jul 22 2009 10:48:11",42.769524,-71.10255,5.87,74.00,20.29,0.00
"Jul 22 2009 10:48:12",42.769516,-71.10253,6.18,75.00,21.67,0.00
"Jul 22 2009 10:48:13",42.76953,-71.102554,6.10,76.00,21.67,8.00
"Jul 22 2009 10:48:14",42.76954,-71.10256,5.91,75.00,20.29,0.00
"Jul 22 2009 10:48:15",42.769566,-71.10263,6.22,75.00,21.67,0.00
"Jul 22 2009 10:48:16",42.769573,-71.10268,5.75,75.00,21.67,10.00
"Jul 22 2009 10:48:17",42.76959,-71.10273,5.83,76.00,21.67,0.00
"Jul 22 2009 10:48:18",42.76959,-71.10273,5.71,75.00,21.67,0.00
"Jul 22 2009 10:48:19",42.76958,-71.10275,5.98,74.00,21.67,0.00
"Jul 22 2009 10:48:20",42.76959,-71.10276,6.54,74.00,21.67,0.00
"Jul 22 2009 10:48:22",42.769604,-71.10277,6.10,74.00,21.67,0.00
"Jul 22 2009 10:48:23",42.769646,-71.10279,6.06,74.00,21.67,0.00
"Jul 22 2009 10:48:24",42.76966,-71.102776,6.18,73.00,21.67,0.00
"Jul 22 2009 10:48:25",42.769653,-71.10276,6.10,71.00,21.67,0.00
"Jul 22 2009 10:48:26",42.769638,-71.10277,6.10,66.00,21.67,0.00
"Jul 22 2009 10:48:27",42.769638,-71.10276,6.02,74.00,21.67,0.00
"Jul 22 2009 10:48:28",42.76963,-71.10277,6.02,74.00,21.67,0.00
"Jul 22 2009 10:48:29",42.76963,-71.10277,6.14,73.00,21.67,0.00
"Jul 22 2009 10:48:30",42.76963,-71.102776,5.87,74.00,21.67,10.00
"Jul 22 2009 10:48:31",42.769638,-71.102776,5.91,73.00,21.67,0.00
"Jul 22 2009 10:48:32",42.769646,-71.102776,6.58,74.00,21.67,0.00
"Jul 22 2009 10:48:33",42.769646,-71.10278,6.10,73.00,21.67,6.00
"Jul 22 2009 10:48:34",42.769653,-71.10279,6.50,72.00,21.67,5.00
"Jul 22 2009 10:48:36",42.769646,-71.1028,5.59,73.00,21.67,0.00
"Jul 22 2009 10:48:37",42.769646,-71.1028,6.10,73.00,21.67,0.00
"Jul 22 2009 10:48:38",42.769646,-71.10279,6.50,73.00,21.67,0.00
"Jul 22 2009 10:48:39",42.769646,-71.10279,6.18,73.00,21.67,0.00
"Jul 22 2009 10:48:40",42.769638,-71.1028,6.14,72.00,21.67,5.00
"Jul 22 2009 10:48:41",42.769638,-71.1028,6.26,72.00,21.67,0.00
"Jul 22 2009 10:48:42",42.769638,-71.10279,6.18,73.00,21.67,0.00
"Jul 22 2009 10:48:43",42.769646,-71.10278,6.26,72.00,21.67,0.00
"Jul 22 2009 10:48:44",42.769646,-71.10278,6.26,73.00,21.67,0.00
"Jul 22 2009 10:48:45",42.769646,-71.102776,6.62,73.00,21.67,1.00
"Jul 22 2009 10:48:46",42.769638,-71.10276,6.18,73.00,21.67,0.00
"Jul 22 2009 10:48:47",42.769638,-71.102745,6.06,72.00,21.67,0.00
"Jul 22 2009 10:48:48",42.769638,-71.102715,6.26,73.00,21.67,2.00
"Jul 22 2009 10:48:50",42.76961,-71.10266,6.06,73.00,21.67,0.00
"Jul 22 2009 10:48:51",42.76961,-71.102646,6.02,73.00,21.67,0.00
"Jul 22 2009 10:48:52",42.769604,-71.10263,5.75,74.00,21.67,0.00
"Jul 22 2009 10:48:53",42.76961,-71.10264,6.18,73.00,21.67,5.00
"Jul 22 2009 10:48:54",42.769604,-71.102615,6.42,72.00,21.67,0.00
"Jul 22 2009 10:48:55",42.769596,-71.102615,5.98,74.00,21.67,0.00
"Jul 22 2009 10:48:56",42.76959,-71.10256,6.06,73.00,21.67,0.00
"Jul 22 2009 10:48:57",42.76959,-71.102554,6.02,73.00,21.67,0.00
"Jul 22 2009 10:48:58",42.76959,-71.10255,6.06,73.00,21.67,0.00
"Jul 22 2009 10:48:59",42.76959,-71.10252,6.22,74.00,21.67,0.00
"Jul 22 2009 10:49:00",42.76959,-71.10251,5.91,74.00,21.67,0.00
"Jul 22 2009 10:49:01",42.76958,-71.10251,6.90,74.00,21.67,0.00
"Jul 22 2009 10:49:02",42.769573,-71.10251,6.30,61.00,21.67,0.00
"Jul 22 2009 10:49:04",42.76954,-71.102516,6.34,74.00,21.67,0.00
"Jul 22 2009 10:49:05",42.769524,-71.102516,6.38,73.00,21.67,0.00
"Jul 22 2009 10:49:06",42.76953,-71.10253,5.98,74.00,21.67,0.00
"Jul 22 2009 10:49:07",42.769547,-71.102554,5.67,74.00,21.67,5.00
"Jul 22 2009 10:49:08",42.769554,-71.102585,6.22,73.00,21.67,0.00
"Jul 22 2009 10:49:09",42.769566,-71.10259,6.62,73.00,21.67,0.00
"Jul 22 2009 10:49:10",42.76954,-71.102554,6.38,73.00,21.67,0.00
"Jul 22 2009 10:49:11",42.76953,-71.10252,6.26,73.00,21.67,0.00
"Jul 22 2009 10:49:12",42.76953,-71.10254,5.98,74.00,21.67,6.00
"Jul 22 2009 10:49:13",42.76954,-71.102554,5.91,74.00,21.67,0.00
"Jul 22 2009 10:49:14",42.769547,-71.10256,5.67,72.00,21.67,0.00
"Jul 22 2009 10:49:15",42.769554,-71.10258,5.95,72.00,21.67,0.00
"Jul 22 2009 10:49:16",42.769566,-71.102585,6.14,73.00,21.67,0.00
"Jul 22 2009 10:49:18",42.769573,-71.102615,6.06,74.00,21.67,0.00
"Jul 22 2009 10:49:19",42.76958,-71.10263,6.34,63.00,21.67,0.00
"Jul 22 2009 10:49:20",42.76958,-71.10264,6.14,73.00,21.67,0.00
"Jul 22 2009 10:49:21",42.76959,-71.102646,5.98,74.00,21.67,0.00
"Jul 22 2009 10:49:22",42.76959,-71.10265,7.02,73.00,21.67,0.00
"Jul 22 2009 10:49:23",42.769596,-71.10265,5.75,72.00,21.67,3.00
"Jul 22 2009 10:49:24",42.76959,-71.10265,6.42,72.00,21.67,0.00
"Jul 22 2009 10:49:25",42.76959,-71.10265,6.10,73.00,21.67,0.00
"Jul 22 2009 10:49:26",42.769596,-71.10266,6.10,74.00,21.67,0.00
"Jul 22 2009 10:49:27",42.769596,-71.10267,6.46,74.00,21.67,0.00
"Jul 22 2009 10:49:28",42.769604,-71.10268,6.26,72.00,21.67,0.00
"Jul 22 2009 10:49:29",42.769604,-71.1027,6.34,72.00,21.67,32.00
"Jul 22 2009 10:49:30",42.76961,-71.102715,6.14,72.00,21.67,0.00
"Jul 22 2009 10:49:32",42.76961,-71.102715,6.06,71.00,21.67,14.00
"Jul 22 2009 10:49:33",42.76961,-71.102715,6.74,27.00,21.67,57.00
"Jul 22 2009 10:49:34",42.76962,-71.10273,6.10,24.00,21.67,0.00
"Jul 22 2009 10:49:35",42.76962,-71.10275,6.50,34.00,21.67,0.00
"Jul 22 2009 10:49:36",42.769604,-71.10278,6.14,74.00,21.67,0.00
"Jul 22 2009 10:49:37",42.769604,-71.102806,6.94,73.00,21.67,0.00
"Jul 22 2009 10:49:38",42.769604,-71.10282,6.54,73.00,21.67,0.00
"Jul 22 2009 10:49:39",42.769596,-71.10282,6.10,73.00,21.67,1.00
"Jul 22 2009 10:49:40",42.769596,-71.102806,6.02,73.00,21.67,0.00
"Jul 22 2009 10:49:41",42.769596,-71.1028,6.10,73.00,21.67,0.00
"Jul 22 2009 10:49:42",42.769596,-71.10279,6.18,73.00,21.67,25.00
"Jul 22 2009 10:49:43",42.769596,-71.10279,6.26,61.00,21.67,0.00
"Jul 22 2009 10:49:44",42.76959,-71.10279,6.54,73.00,21.67,0.00
"Jul 22 2009 10:49:46",42.76959,-71.10281,6.10,74.00,21.67,1.00
"Jul 22 2009 10:49:47",42.769596,-71.10283,6.18,73.00,21.67,0.00
"Jul 22 2009 10:49:48",42.769604,-71.10284,6.22,73.00,21.67,0.00
"Jul 22 2009 10:49:49",42.76961,-71.10286,6.14,73.00,21.67,0.00
"Jul 22 2009 10:49:50",42.76962,-71.10287,6.30,72.00,21.67,0.00
"Jul 22 2009 10:49:51",42.76961,-71.102875,6.06,73.00,21.67,0.00
"Jul 22 2009 10:49:52",42.76961,-71.102875,6.06,73.00,21.67,0.00
"Jul 22 2009 10:49:53",42.76962,-71.1029,6.02,74.00,21.67,0.00
"Jul 22 2009 10:49:54",42.76962,-71.1029,6.58,74.00,21.67,0.00
"Jul 22 2009 10:49:55",42.76962,-71.10289,6.62,74.00,21.67,0.00
"Jul 22 2009 10:49:56",42.76963,-71.102875,6.46,74.00,21.67,0.00
"Jul 22 2009 10:49:57",42.76963,-71.10286,6.46,74.00,21.67,0.00
"Jul 22 2009 10:49:58",42.76962,-71.10284,5.83,73.00,21.67,0.00
"Jul 22 2009 10:50:00",42.769604,-71.10281,5.98,74.00,21.67,4.00
"Jul 22 2009 10:50:01",42.769604,-71.102806,6.26,74.00,21.67,0.00
"Jul 22 2009 10:50:02",42.769596,-71.1028,6.74,74.00,21.67,0.00
"Jul 22 2009 10:50:03",42.769596,-71.10278,6.42,74.00,21.67,0.00
"Jul 22 2009 10:50:04",42.76959,-71.102776,6.30,75.00,21.67,0.00
"Jul 22 2009 10:50:05",42.76958,-71.10277,6.14,75.00,21.67,0.00
"Jul 22 2009 10:50:06",42.76958,-71.10276,6.34,76.00,21.67,0.00
"Jul 22 2009 10:50:07",42.76958,-71.10277,6.18,76.00,21.67,0.00
"Jul 22 2009 10:50:08",42.76958,-71.10274,6.18,76.00,21.67,3.00
"Jul 22 2009 10:50:09",42.76958,-71.10273,6.46,76.00,21.67,0.00
"Jul 22 2009 10:50:10",42.76959,-71.1027,5.79,76.00,21.67,0.00
"Jul 22 2009 10:50:11",42.76959,-71.102684,5.91,75.00,21.67,0.00
"Jul 22 2009 10:50:12",42.76959,-71.10265,6.06,76.00,21.67,0.00
"Jul 22 2009 10:50:14",42.769596,-71.10263,6.02,75.00,21.67,0.00
"Jul 22 2009 10:50:15",42.769596,-71.102615,6.06,76.00,21.67,0.00
"Jul 22 2009 10:50:16",42.769604,-71.10262,6.10,76.00,21.67,0.00
"Jul 22 2009 10:50:17",42.76961,-71.10265,6.42,76.00,21.67,10.00
"Jul 22 2009 10:50:18",42.769596,-71.10267,6.02,75.00,21.67,0.00
"Jul 22 2009 10:50:19",42.769604,-71.10267,6.06,75.00,21.67,0.00
"Jul 22 2009 10:50:20",42.769604,-71.10266,6.02,76.00,21.67,0.00
"Jul 22 2009 10:50:21",42.76961,-71.10266,6.22,75.00,21.67,0.00
"Jul 22 2009 10:50:22",42.76961,-71.10265,6.10,75.00,21.67,0.00
"Jul 22 2009 10:50:23",42.76961,-71.10262,6.38,75.00,21.67,0.00
"Jul 22 2009 10:50:24",42.76961,-71.10262,6.50,76.00,21.67,0.00
"Jul 22 2009 10:50:25",42.769604,-71.10262,6.54,75.00,23.06,17.00
"Jul 22 2009 10:50:26",42.769604,-71.102646,6.58,75.00,21.67,0.00
"Jul 22 2009 10:50:28",42.76962,-71.102646,7.30,76.00,21.67,0.00
"Jul 22 2009 10:50:29",42.769646,-71.10262,6.34,75.00,21.67,0.00
"Jul 22 2009 10:50:30",42.76967,-71.102615,7.62,76.00,21.67,0.00
"Jul 22 2009 10:50:31",42.769676,-71.10256,9.34,76.00,21.67,0.00
"Jul 22 2009 10:50:32",42.76967,-71.10256,5.31,76.00,21.67,0.00
"Jul 22 2009 10:50:33",42.76967,-71.10262,6.18,76.00,21.67,0.00
"Jul 22 2009 10:50:34",42.769676,-71.10261,7.22,76.00,21.67,0.00
"Jul 22 2009 10:50:35",42.769676,-71.10258,6.06,76.00,21.67,0.00
"Jul 22 2009 10:50:36",42.769676,-71.10257,9.26,74.00,21.67,0.00
"Jul 22 2009 10:50:37",42.769688,-71.10258,7.74,75.00,21.67,0.00
"Jul 22 2009 10:50:38",42.769676,-71.10262,0.68,74.00,21.67,0.00
"Jul 22 2009 10:50:39",42.769688,-71.10262,6.06,74.00,21.67,0.00
"Jul 22 2009 10:50:40",42.769688,-71.10264,7.06,74.00,21.67,0.00
"Jul 22 2009 10:50:42",42.76967,-71.102684,8.62,74.00,21.67,9.00
"Jul 22 2009 10:50:43",42.769646,-71.10267,1.56,74.00,21.67,0.00
"Jul 22 2009 10:50:44",42.76962,-71.10265,5.87,74.00,21.67,0.00
"Jul 22 2009 10:50:45",42.76961,-71.10264,6.30,74.00,21.67,21.00
"Jul 22 2009 10:50:46",42.76961,-71.102646,6.18,72.00,21.67,11.00
"Jul 22 2009 10:50:47",42.76963,-71.10269,6.10,73.00,21.67,6.00
"Jul 22 2009 10:50:48",42.769638,-71.1027,5.63,75.00,21.67,0.00
"Jul 22 2009 10:50:49",42.769638,-71.102745,5.91,75.00,21.67,0.00
"Jul 22 2009 10:50:50",42.769653,-71.10276,6.34,75.00,21.67,20.00
"Jul 22 2009 10:50:51",42.769653,-71.10275,6.02,73.00,21.67,0.00
"Jul 22 2009 10:50:52",42.769646,-71.10275,6.02,65.00,21.67,83.00
"Jul 22 2009 10:50:53",42.769646,-71.10274,6.94,74.00,21.67,0.00
"Jul 22 2009 10:50:54",42.76962,-71.10273,6.86,72.00,21.67,0.00
"Jul 22 2009 10:50:56",42.76959,-71.10271,6.22,53.00,21.67,0.00
"Jul 22 2009 10:50:57",42.76958,-71.10267,6.02,73.00,21.67,29.00
"Jul 22 2009 10:50:58",42.769573,-71.10265,5.98,75.00,21.67,0.00
"Jul 22 2009 10:50:59",42.769566,-71.10264,6.14,74.00,21.67,0.00
"Jul 22 2009 10:51:00",42.769554,-71.10262,6.86,73.00,21.67,7.00
"Jul 22 2009 10:51:01",42.76954,-71.10269,6.06,73.00,21.67,0.00
"Jul 22 2009 10:51:02",42.769604,-71.10271,6.66,72.00,21.67,0.00
"Jul 22 2009 10:51:03",42.76961,-71.10269,6.22,25.00,21.67,0.00
"Jul 22 2009 10:51:04",42.76961,-71.10269,6.14,11.00,21.67,0.00
"Jul 22 2009 10:51:05",42.769566,-71.102684,6.22,31.00,21.67,0.00
"Jul 22 2009 10:51:06",42.769554,-71.10266,6.26,74.00,21.67,14.00
"Jul 22 2009 10:51:07",42.769524,-71.10256,6.34,60.00,21.67,0.00
"Jul 22 2009 10:51:08",42.76951,-71.10253,6.26,40.00,21.67,0.00
"Jul 22 2009 10:51:10",42.769474,-71.102455,6.10,74.00,21.67,0.00
"Jul 22 2009 10:51:11",42.76946,-71.102425,6.14,75.00,21.67,0.00
"Jul 22 2009 10:51:12",42.769688,-71.10267,6.14,75.00,21.67,0.00
"Jul 22 2009 10:51:13",42.769703,-71.102684,6.22,74.00,21.67,0.00
"Jul 22 2009 10:51:14",42.76972,-71.1027,5.91,74.00,21.67,0.00
"Jul 22 2009 10:51:15",42.76974,-71.102715,6.10,73.00,21.67,0.00
"Jul 22 2009 10:51:16",42.76976,-71.10273,6.06,73.00,21.67,0.00
"Jul 22 2009 10:51:17",42.76976,-71.10273,6.18,74.00,21.67,0.00
"Jul 22 2009 10:51:18",42.769688,-71.10268,6.14,74.00,21.67,0.00
"Jul 22 2009 10:51:19",42.76966,-71.10257,6.10,74.00,21.67,13.00
"Jul 22 2009 10:51:20",42.769688,-71.10258,6.18,74.00,21.67,0.00
"Jul 22 2009 10:51:21",42.76966,-71.10258,6.14,74.00,21.67,0.00
"Jul 22 2009 10:51:22",42.76966,-71.102615,6.14,74.00,21.67,0.00
"Jul 22 2009 10:51:24",42.769646,-71.10262,6.18,74.00,21.67,0.00
"Jul 22 2009 10:51:25",42.769638,-71.10265,6.18,73.00,21.67,0.00
"Jul 22 2009 10:51:26",42.76961,-71.10269,6.26,74.00,21.67,0.00
"Jul 22 2009 10:51:27",42.76963,-71.10271,6.18,74.00,21.67,0.00
"Jul 22 2009 10:51:28",42.769596,-71.102715,6.34,74.00,21.67,0.00
"Jul 22 2009 10:51:29",42.76958,-71.10271,6.10,75.00,21.67,0.00
"Jul 22 2009 10:51:30",42.76958,-71.102715,6.70,76.00,21.67,0.00
"Jul 22 2009 10:51:31",42.76961,-71.102745,6.34,76.00,21.67,0.00
"Jul 22 2009 10:51:32",42.769646,-71.10277,6.02,76.00,21.67,0.00
"Jul 22 2009 10:51:33",42.769646,-71.10275,5.83,76.00,23.06,0.00
"Jul 22 2009 10:51:34",42.769653,-71.10275,6.02,76.00,21.67,0.00
"Jul 22 2009 10:51:35",42.769653,-71.10277,6.02,76.00,21.67,0.00
"Jul 22 2009 10:51:36",42.769653,-71.10276,5.98,76.00,21.67,8.00
"Jul 22 2009 10:51:38",42.769646,-71.10276,5.98,75.00,21.67,0.00
"Jul 22 2009 10:51:39",42.769653,-71.10276,6.46,75.00,21.67,0.00
"Jul 22 2009 10:51:40",42.76967,-71.10277,5.98,75.00,21.67,0.00
"Jul 22 2009 10:51:41",42.76966,-71.10278,6.18,75.00,21.67,0.00
"Jul 22 2009 10:51:42",42.769638,-71.1028,6.10,74.00,21.67,59.00
"Jul 22 2009 10:51:43",42.76963,-71.10283,5.27,75.00,21.67,0.00
"Jul 22 2009 10:51:44",42.76961,-71.10286,6.14,75.00,21.67,0.00
"Jul 22 2009 10:51:45",42.769604,-71.10288,5.98,74.00,21.67,0.00
"Jul 22 2009 10:51:46",42.769596,-71.10291,6.18,74.00,23.06,0.00
"Jul 22 2009 10:51:47",42.769596,-71.10291,6.22,74.00,23.06,0.00
"Jul 22 2009 10:51:48",42.769646,-71.102806,6.22,74.00,23.06,100.00
"Jul 22 2009 10:51:49",42.769638,-71.10278,6.02,74.00,23.06,0.00
"Jul 22 2009 10:51:50",42.769638,-71.10277,5.98,75.00,21.67,0.00
"Jul 22 2009 10:51:52",42.769833,-71.10287,5.98,74.00,23.06,0.00
"Jul 22 2009 10:51:53",42.769875,-71.102875,6.34,73.00,21.67,0.00
"Jul 22 2009 10:51:54",42.769905,-71.10287,6.50,74.00,21.67,0.00
"Jul 22 2009 10:51:55",42.76993,-71.10286,6.18,73.00,21.67,0.00
"Jul 22 2009 10:51:56",42.769863,-71.10274,6.14,72.00,21.67,0.00
"Jul 22 2009 10:51:57",42.76984,-71.10269,6.10,67.00,21.67,0.00
"Jul 22 2009 10:51:58",42.769855,-71.102684,6.06,65.00,21.67,0.00
"Jul 22 2009 10:51:59",42.769875,-71.10268,6.18,72.00,21.67,0.00
"Jul 22 2009 10:52:00",42.769882,-71.10266,6.46,71.00,21.67,0.00
"Jul 22 2009 10:52:01",42.769897,-71.10265,6.26,41.00,21.67,0.00
"Jul 22 2009 10:52:02",42.769817,-71.10273,6.22,71.00,21.67,0.00
"Jul 22 2009 10:52:03",42.76976,-71.10282,5.98,11.00,21.67,0.00
"Jul 22 2009 10:52:05",42.76971,-71.102875,5.98,5.00,21.67,0.00
"Jul 22 2009 10:52:06",42.769688,-71.102905,6.02,1.00,21.67,0.00
"Jul 22 2009 10:52:07",42.76966,-71.10293,5.95,3.00,21.67,0.00
"Jul 22 2009 10:52:08",42.76966,-71.10293,5.79,1.00,21.67,0.00
"Jul 22 2009 10:52:09",42.76966,-71.10293,5.98,0.00,21.67,0.00
"Jul 22 2009 10:52:10",42.76966,-71.10293,6.10,0.00,21.67,0.00
"Jul 22 2009 10:52:11",42.76966,-71.10293,6.10,0.00,21.67,0.00
"Jul 22 2009 10:52:12",42.76966,-71.10293,6.26,0.00,21.67,0.00
"Jul 22 2009 10:52:13",42.76966,-71.10293,6.26,0.00,21.67,0.00
"Jul 22 2009 10:52:14",42.76966,-71.10293,6.30,0.00,21.67,0.00
"Jul 22 2009 10:52:15",42.76966,-71.10293,6.34,0.00,21.67,0.00
"Jul 22 2009 10:52:16",42.76966,-71.10293,6.22,0.00,21.67,0.00
"Jul 22 2009 10:52:18",42.76966,-71.10293,6.30,0.00,21.67,0.00
"Jul 22 2009 10:52:19",42.76966,-71.10293,6.26,0.00,21.67,0.00
"Jul 22 2009 10:52:20",42.76966,-71.10293,6.22,0.00,21.67,0.00
"Jul 22 2009 10:52:21",42.76966,-71.10293,6.62,0.00,21.67,0.00
"Jul 22 2009 10:52:22",42.76966,-71.10293,6.50,0.00,21.67,0.00
"Jul 22 2009 10:52:23",42.76966,-71.10293,6.62,0.00,21.67,0.00
"Jul 22 2009 10:52:24",42.76966,-71.10293,7.18,0.00,21.67,0.00
"Jul 22 2009 10:52:25",42.76966,-71.10293,6.02,0.00,21.67,0.00
"Jul 22 2009 10:52:26",42.76966,-71.10293,5.98,0.00,21.67,0.00
"Jul 22 2009 10:52:27",42.76966,-71.10293,5.59,0.00,21.67,0.00
"Jul 22 2009 10:52:28",42.769825,-71.10295,5.47,0.00,21.67,0.00
"Jul 22 2009 10:52:29",42.76974,-71.10262,5.83,0.00,21.67,0.00
"Jul 22 2009 10:52:30",42.769726,-71.10255,5.91,0.00,21.67,0.00
"Jul 22 2009 10:52:32",42.769775,-71.102715,5.98,0.00,21.67,0.00
"Jul 22 2009 10:52:33",42.769848,-71.102974,6.06,0.00,21.67,0.00
"Jul 22 2009 10:52:34",42.769817,-71.10287,6.26,0.00,21.67,0.00
"Jul 22 2009 10:52:35",42.76979,-71.10277,6.30,1.00,21.67,0.00
"Jul 22 2009 10:52:36",42.76981,-71.10284,6.34,1.00,21.67,0.00
"Jul 22 2009 10:52:37",42.7698,-71.10286,5.75,0.00,21.67,0.00
"Jul 22 2009 10:52:38",42.7698,-71.10282,5.75,0.00,21.67,100.00
"Jul 22 2009 10:52:39",42.7698,-71.10278,6.02,0.00,21.67,0.00
"Jul 22 2009 10:52:40",42.76981,-71.10277,5.95,0.00,21.67,0.00
"Jul 22 2009 10:52:41",42.76981,-71.1028,5.95,0.00,21.67,0.00
"Jul 22 2009 10:52:42",42.7698,-71.10284,6.30,0.00,21.67,0.00
"Jul 22 2009 10:52:43",42.76979,-71.10284,6.10,0.00,21.67,0.00
"Jul 22 2009 10:52:45",42.769753,-71.10287,6.22,0.00,21.67,0.00
"Jul 22 2009 10:52:46",42.76976,-71.10292,6.14,0.00,21.67,0.00
"Jul 22 2009 10:52:47",42.769775,-71.10295,6.18,0.00,21.67,0.00
"Jul 22 2009 10:52:48",42.769768,-71.102936,6.18,0.00,21.67,0.00
"Jul 22 2009 10:52:49",42.769768,-71.102974,6.18,0.00,21.67,0.00
"Jul 22 2009 10:52:50",42.769783,-71.10302,6.22,0.00,21.67,0.00
"Jul 22 2009 10:52:51",42.76981,-71.10303,6.22,0.00,23.06,0.00
"Jul 22 2009 10:52:52",42.769817,-71.10301,5.98,0.00,21.67,0.00
"Jul 22 2009 10:52:53",42.76981,-71.10299,5.31,0.00,21.67,0.00
"Jul 22 2009 10:52:54",42.76981,-71.103,7.22,0.00,21.67,0.00
"Jul 22 2009 10:52:55",42.76979,-71.10302,6.90,0.00,21.67,0.00
"Jul 22 2009 10:52:56",42.7698,-71.10307,6.06,0.00,21.67,0.00
"Jul 22 2009 10:52:57",42.7698,-71.10311,6.06,0.00,21.67,0.00
"Jul 22 2009 10:52:58",42.76981,-71.10313,6.14,0.00,21.67,0.00
"Jul 22 2009 10:53:00",42.76981,-71.103165,6.30,0.00,21.67,0.00
"Jul 22 2009 10:53:01",42.769817,-71.103195,6.18,0.00,23.06,0.00
"Jul 22 2009 10:53:02",42.769817,-71.10322,5.87,0.00,21.67,0.00
"Jul 22 2009 10:53:03",42.769817,-71.10324,7.82,0.00,21.67,0.00
"Jul 22 2009 10:53:04",42.76981,-71.103226,6.26,1.00,21.67,0.00
"Jul 22 2009 10:53:05",42.76981,-71.10326,5.83,5.00,23.06,0.00
"Jul 22 2009 10:53:06",42.76981,-71.103264,7.66,0.00,21.67,0.00
"Jul 22 2009 10:53:07",42.769817,-71.1033,6.90,0.00,21.67,0.00
"Jul 22 2009 10:53:08",42.76981,-71.103325,7.66,0.00,21.67,0.00
"Jul 22 2009 10:53:09",42.76981,-71.10338,10.01,0.00,21.67,0.00
"Jul 22 2009 10:53:10",42.7698,-71.10341,6.22,1.00,23.06,0.00
"Jul 22 2009 10:53:11",42.76981,-71.10348,6.54,0.00,21.67,0.00
"Jul 22 2009 10:53:12",42.76979,-71.10348,6.74,0.00,21.67,0.00
"Jul 22 2009 10:53:14",42.7698,-71.10344,6.18,0.00,21.67,3.00
"Jul 22 2009 10:53:15",42.76979,-71.10344,6.26,0.00,23.06,0.00
"Jul 22 2009 10:53:16",42.769775,-71.10344,6.26,0.00,21.67,0.00
"Jul 22 2009 10:53:17",42.7698,-71.10347,6.06,0.00,21.67,0.00
"Jul 22 2009 10:53:18",42.76981,-71.10349,5.95,0.00,21.67,0.00
"Jul 22 2009 10:53:19",42.769775,-71.10336,6.10,0.00,23.06,0.00
"Jul 22 2009 10:53:20",42.769775,-71.1034,6.02,2.00,21.67,0.00
"Jul 22 2009 10:53:21",42.76979,-71.10347,5.95,4.00,21.67,0.00
"Jul 22 2009 10:53:22",42.76979,-71.10351,5.98,9.00,21.67,0.00
