time,latitude,longitude,accel,light,external,sound
"Jul 27 2009 18:00:04",,,0.98,548.70,30.0189,0
"Jul 27 2009 18:00:05",,,0.98,593.15,30.0189,0
"Jul 27 2009 18:00:06",,,1.09,725.50,30.0189,0
"Jul 27 2009 18:00:08",,,0.98,698.35,30.0189,0
"Jul 27 2009 18:00:09",,,0.98,430.10,30.13135,0
"Jul 27 2009 18:00:11",,,0.94,587.11,30.13135,0
"Jul 27 2009 18:00:12",,,1.02,520.35,30.13135,0
"Jul 27 2009 18:00:14",,,0.86,617.03,30.13135,0
"Jul 27 2009 18:00:15",,,1.09,504.34,30.13135,0
"Jul 27 2009 18:00:17",,,0.86,395.93,30.13135,0
"Jul 27 2009 18:00:17",,,1.05,709.30,30.13135,0
"Jul 27 2009 18:00:20",,,0.78,771.28,30.2438,0
"Jul 27 2009 18:00:20",,,1.21,802.63,30.2438,0
"Jul 27 2009 18:00:22",,,0.74,805.09,30.35625,0
"Jul 27 2009 18:00:23",,,1.72,805.09,30.35625,0
"Jul 27 2009 18:00:25",,,0.59,807.54,30.4687,0
"Jul 27 2009 18:00:26",,,1.09,677.52,30.80605,0
"Jul 27 2009 18:00:28",,,1.02,671.90,31.1434,0
"Jul 27 2009 18:00:29",,,0.90,832.85,31.1434,0
"Jul 27 2009 18:00:31",,,1.09,677.52,31.25585,0
"Jul 27 2009 18:00:32",,,0.82,825.70,31.48075,0
"Jul 27 2009 18:00:34",,,1.60,677.52,31.70565,0
"Jul 27 2009 18:00:35",,,0.78,820.89,31.70565,0
"Jul 27 2009 18:00:37",,,1.21,829.28,31.8181,0
"Jul 27 2009 18:00:37",,,0.82,820.89,32.15545,0
"Jul 27 2009 18:00:39",,,1.05,820.89,32.2679,0
"Jul 27 2009 18:00:40",,,1.02,822.10,32.38035,0
"Jul 27 2009 18:00:42",,,1.02,825.70,32.2679,0
"Jul 27 2009 18:00:43",,,1.17,820.89,32.4928,0
"Jul 27 2009 18:00:45",,,1.02,819.69,32.60525,0
"Jul 27 2009 18:00:46",,,0.78,836.40,32.83015,0
"Jul 27 2009 18:00:48",,,1.21,676.12,32.9426,0
"Jul 27 2009 18:00:49",,,1.09,663.41,33.05505,0
"Jul 27 2009 18:00:51",,,1.13,808.76,32.9426,0
"Jul 27 2009 18:00:52",,,1.02,803.86,34.9667,0
"Jul 27 2009 18:00:54",,,1.33,813.64,36.3161,0
"Jul 27 2009 18:00:54",,,1.05,676.12,35.30405,0
"Jul 27 2009 18:00:57",,,1.13,822.10,34.7418,0
"Jul 27 2009 18:00:57",,,0.90,823.30,34.2920,0
"Jul 27 2009 18:00:59",,,1.02,820.89,33.95465,0
"Jul 27 2009 18:00:00",,,0.98,836.40,33.72975,0
"Jul 27 2009 18:00:02",,,0.78,673.31,33.72975,0
"Jul 27 2009 18:00:03",,,1.13,676.12,33.72975,0
"Jul 27 2009 18:00:05",,,0.94,676.12,33.72975,0
"Jul 27 2009 18:00:06",,,0.78,674.71,33.6173,0
"Jul 27 2009 18:00:08",,,0.82,829.28,33.6173,0
"Jul 27 2009 18:00:09",,,1.09,825.70,33.6173,0
"Jul 27 2009 18:00:11",,,0.82,823.30,33.6173,0
"Jul 27 2009 18:00:11",,,0.74,661.99,33.6173,4
"Jul 27 2009 18:00:14",,,1.41,829.28,33.72975,0
"Jul 27 2009 18:00:14",,,1.13,673.31,33.72975,0
"Jul 27 2009 18:00:16",,,0.66,837.58,33.72975,0
"Jul 27 2009 18:00:17",,,1.37,819.69,33.72975,0
"Jul 27 2009 18:00:19",,,1.17,670.49,33.72975,0
"Jul 27 2009 18:00:20",,,1.05,828.09,33.72975,0
"Jul 27 2009 18:00:22",,,1.05,835.22,33.8422,0
"Jul 27 2009 18:00:23",,,0.86,831.66,33.72975,0
"Jul 27 2009 18:00:25",,,1.21,829.28,33.8422,0
"Jul 27 2009 18:00:26",,,0.70,834.03,33.72975,0
"Jul 27 2009 18:00:28",,,1.09,830.47,33.72975,1
"Jul 27 2009 18:00:28",,,0.82,823.30,33.72975,0
"Jul 27 2009 18:00:31",,,1.02,831.66,33.8422,0
"Jul 27 2009 18:00:31",,,1.13,678.92,33.8422,0
"Jul 27 2009 18:00:33",,,0.74,678.92,33.8422,0
"Jul 27 2009 18:00:34",,,1.29,677.52,33.8422,1
"Jul 27 2009 18:00:36",,,0.94,678.92,33.8422,1
"Jul 27 2009 18:00:37",,,1.17,677.52,33.95465,0
"Jul 27 2009 18:00:39",,,0.82,678.92,34.0671,0
"Jul 27 2009 18:00:40",,,1.33,678.92,34.0671,0
"Jul 27 2009 18:00:42",,,0.94,817.27,33.72975,0
"Jul 27 2009 18:00:43",,,1.13,829.28,33.3924,0
"Jul 27 2009 18:00:45",,,1.25,677.52,33.3924,0
"Jul 27 2009 18:00:45",,,0.74,678.92,33.3924,0
"Jul 27 2009 18:00:48",,,1.17,678.92,33.3924,0
"Jul 27 2009 18:00:48",,,0.66,676.12,33.50485,0
"Jul 27 2009 18:00:50",,,1.05,834.03,33.3924,0
"Jul 27 2009 18:00:51",,,1.29,814.85,33.1675,1
"Jul 27 2009 18:00:53",,,1.02,811.20,33.05505,0
"Jul 27 2009 18:00:54",,,1.09,812.42,33.05505,0
"Jul 27 2009 18:00:56",,,1.05,667.66,33.05505,0
"Jul 27 2009 18:00:57",,,0.98,676.12,33.27995,0
"Jul 27 2009 18:00:59",,,1.13,678.92,33.50485,1
"Jul 27 2009 18:04:00",,,1.21,817.27,33.3924,0
"Jul 27 2009 18:04:02",,,1.37,837.58,33.27995,0
"Jul 27 2009 18:04:02",,,1.09,825.70,33.3924,0
"Jul 27 2009 18:04:05",,,1.60,677.52,33.6173,0
"Jul 27 2009 18:04:05",,,0.82,841.11,33.72975,0
"Jul 27 2009 18:04:07",,,1.60,678.92,33.6173,0
"Jul 27 2009 18:04:08",,,0.51,676.12,33.6173,0
"Jul 27 2009 18:04:10",,,1.21,678.92,33.72975,0
"Jul 27 2009 18:04:11",,,0.59,678.92,33.6173,0
"Jul 27 2009 18:04:13",,,2.03,674.71,33.6173,0
"Jul 27 2009 18:04:14",,,1.17,660.56,33.72975,0
"Jul 27 2009 18:04:16",,,0.82,676.12,33.8422,0
"Jul 27 2009 18:04:17",,,1.17,674.71,33.72975,0
"Jul 27 2009 18:04:19",,,0.55,676.12,33.72975,0
"Jul 27 2009 18:04:19",,,1.09,678.92,33.6173,0
"Jul 27 2009 18:04:21",,,1.09,677.52,33.6173,0
"Jul 27 2009 18:04:22",,,1.05,678.92,33.50485,0
"Jul 27 2009 18:04:24",,,1.21,676.12,33.50485,0
"Jul 27 2009 18:04:25",,,0.98,674.71,33.50485,0
"Jul 27 2009 18:04:27",,,0.66,838.76,33.50485,0
"Jul 27 2009 18:04:28",,,1.17,673.31,33.3924,0
"Jul 27 2009 18:04:30",,,1.37,676.12,33.3924,0
"Jul 27 2009 18:04:31",,,1.41,677.52,33.3924,0
"Jul 27 2009 18:04:33",,,1.52,674.71,33.27995,0
"Jul 27 2009 18:04:34",,,0.66,677.52,33.27995,0
"Jul 27 2009 18:04:36",,,1.25,676.12,33.3924,0
"Jul 27 2009 18:04:36",,,1.64,677.52,33.6173,0
"Jul 27 2009 18:04:38",,,0.82,678.92,33.6173,0
"Jul 27 2009 18:04:39",,,0.66,680.32,33.6173,0
"Jul 27 2009 18:04:41",,,1.02,667.66,33.72975,0
"Jul 27 2009 18:04:42",,,0.90,836.40,33.6173,1
"Jul 27 2009 18:04:44",,,1.09,836.40,33.50485,2
"Jul 27 2009 18:04:45",,,1.29,831.66,33.3924,2
"Jul 27 2009 18:04:47",,,0.70,669.07,33.3924,2
"Jul 27 2009 18:04:48",,,1.13,836.40,33.27995,0
"Jul 27 2009 18:04:50",,,1.02,820.89,33.27995,0
"Jul 27 2009 18:04:51",,,1.05,817.27,33.27995,0
"Jul 27 2009 18:04:53",,,1.09,817.27,33.3924,0
"Jul 27 2009 18:04:53",,,1.02,824.50,33.3924,0
"Jul 27 2009 18:04:55",,,1.25,817.27,33.3924,0
"Jul 27 2009 18:04:56",,,1.17,817.27,33.50485,0
"Jul 27 2009 18:04:58",,,1.02,822.10,33.50485,1
"Jul 27 2009 18:04:59",,,1.13,816.06,33.50485,0
"Jul 27 2009 18:04:01",,,1.09,816.06,33.50485,0
"Jul 27 2009 18:04:02",,,1.13,814.85,33.50485,0
"Jul 27 2009 18:04:04",,,1.13,814.85,33.50485,0
"Jul 27 2009 18:04:05",,,1.09,808.76,33.50485,0
"Jul 27 2009 18:04:07",,,1.02,806.31,33.3924,0
"Jul 27 2009 18:04:08",,,0.94,805.09,33.27995,0
"Jul 27 2009 18:04:10",,,1.02,802.63,33.1675,0
"Jul 27 2009 18:04:10",,,1.02,801.39,33.1675,0
"Jul 27 2009 18:04:13",,,0.98,795.21,33.1675,0
"Jul 27 2009 18:04:13",,,1.09,788.97,33.05505,0
"Jul 27 2009 18:04:15",,,0.94,798.92,33.05505,0
"Jul 27 2009 18:04:16",,,1.02,808.76,33.05505,0
"Jul 27 2009 18:04:18",,,1.05,811.20,32.9426,0
"Jul 27 2009 18:04:19",,,1.02,801.39,32.9426,0
"Jul 27 2009 18:04:21",,,0.98,791.47,32.9426,0
"Jul 27 2009 18:04:22",,,0.90,800.16,32.9426,0
"Jul 27 2009 18:04:24",,,1.09,795.21,32.9426,0
"Jul 27 2009 18:04:25",,,0.98,787.72,32.9426,0
"Jul 27 2009 18:04:27",,,1.02,786.47,32.9426,0
"Jul 27 2009 18:04:28",,,1.02,785.21,32.9426,0
"Jul 27 2009 18:04:30",,,1.02,783.95,32.9426,0
"Jul 27 2009 18:04:30",,,1.02,785.21,32.9426,0
"Jul 27 2009 18:04:33",,,1.02,785.21,32.9426,0
"Jul 27 2009 18:04:33",,,0.98,786.47,32.83015,0
"Jul 27 2009 18:04:35",,,0.98,786.47,32.83015,0
"Jul 27 2009 18:04:36",,,1.21,795.21,32.83015,0
"Jul 27 2009 18:04:38",,,0.98,806.31,32.83015,0
"Jul 27 2009 18:04:39",,,1.05,820.89,32.7177,0
"Jul 27 2009 18:04:41",,,1.91,825.70,33.05505,0
"Jul 27 2009 18:04:42",,,0.98,828.09,32.9426,0
"Jul 27 2009 18:04:44",,,0.78,830.47,33.05505,0
"Jul 27 2009 18:04:45",,,1.13,798.92,33.05505,0
"Jul 27 2009 18:04:47",,,0.86,619.98,32.83015,0
"Jul 27 2009 18:04:48",,,0.82,676.12,32.7177,0
"Jul 27 2009 18:04:50",,,1.05,493.03,32.60525,1
"Jul 27 2009 18:04:50",,,0.74,371.58,32.4928,0
"Jul 27 2009 18:04:52",,,1.29,366.32,32.4928,0
"Jul 27 2009 18:04:53",,,0.82,242.68,32.38035,0
"Jul 27 2009 18:04:55",,,1.05,290.94,32.38035,0
"Jul 27 2009 18:04:56",,,1.05,200.90,32.2679,0
"Jul 27 2009 18:04:58",,,0.90,53.97,32.15545,0
"Jul 27 2009 18:04:59",,,1.09,29.21,32.0430,0
"Jul 27 2009 18:04:01",,,0.78,33.35,31.8181,0
"Jul 27 2009 18:04:02",,,0.82,33.35,31.5932,0
"Jul 27 2009 18:04:04",,,1.17,29.21,31.5932,0
"Jul 27 2009 18:04:05",,,0.90,37.49,31.48075,0
"Jul 27 2009 18:04:07",,,1.05,51.91,31.3683,0
"Jul 27 2009 18:04:08",,,1.45,74.40,31.1434,0
"Jul 27 2009 18:04:10",,,0.94,82.52,30.9185,0
"Jul 27 2009 18:04:10",,,0.82,88.59,30.80605,0
"Jul 27 2009 18:04:12",,,1.09,124.69,30.58115,0
"Jul 27 2009 18:04:13",,,0.86,110.72,30.4687,0
"Jul 27 2009 18:04:15",,,0.66,100.69,30.35625,0
"Jul 27 2009 18:04:16",,,0.98,112.72,30.2438,0
"Jul 27 2009 18:04:18",,,1.02,102.70,30.13135,0
"Jul 27 2009 18:04:19",,,0.94,110.72,30.0189,0
"Jul 27 2009 18:04:21",,,0.82,112.72,30.0189,0
"Jul 27 2009 18:04:22",,,0.86,104.71,29.90645,0
"Jul 27 2009 18:04:24",,,1.05,104.71,29.90645,0
"Jul 27 2009 18:04:25",,,1.05,110.72,29.7940,0
"Jul 27 2009 18:04:27",,,0.90,110.72,29.7940,0
"Jul 27 2009 18:04:28",,,1.05,126.68,29.7940,0
"Jul 27 2009 18:04:30",,,1.05,132.63,29.7940,0
"Jul 27 2009 18:04:30",,,1.17,296.43,29.7940,0
"Jul 27 2009 18:04:32",,,1.05,300.08,29.7940,0
"Jul 27 2009 18:04:33",,,0.90,688.68,29.7940,0
"Jul 27 2009 18:04:35",,,1.02,777.64,29.90645,0
"Jul 27 2009 18:04:36",,,0.94,142.52,29.90645,0
"Jul 27 2009 18:04:38",,,0.74,755.83,30.0189,0
"Jul 27 2009 18:04:39",,,0.62,755.83,30.2438,0
"Jul 27 2009 18:04:41",,,1.05,140.55,30.2438,0
"Jul 27 2009 18:04:42",,,0.78,90.61,30.13135,0
"Jul 27 2009 18:04:44",,,0.94,29.21,30.13135,0
"Jul 27 2009 18:04:45",,,1.13,31.28,30.0189,0
"Jul 27 2009 18:04:47",,,0.62,37.49,30.0189,0
"Jul 27 2009 18:04:47",,,0.86,62.16,30.0189,0
"Jul 27 2009 18:04:49",,,0.98,476.72,30.0189,0
"Jul 27 2009 18:04:50",,,0.78,562.66,29.90645,0
"Jul 27 2009 18:04:52",,,0.90,144.49,29.90645,0
"Jul 27 2009 18:04:53",,,0.82,84.55,29.7940,0
"Jul 27 2009 18:04:55",,,0.94,64.20,29.7940,0
"Jul 27 2009 18:04:56",,,0.98,114.72,29.7940,0
"Jul 27 2009 18:04:58",,,0.86,118.71,29.7940,0
"Jul 27 2009 18:04:59",,,0.94,62.16,29.7940,0
"Jul 27 2009 18:04:01",,,0.94,134.61,29.7940,0
"Jul 27 2009 18:04:02",,,0.70,671.90,29.68155,0
"Jul 27 2009 18:04:04",,,0.90,609.62,29.7940,0
"Jul 27 2009 18:04:05",,,0.98,114.72,29.68155,0
"Jul 27 2009 18:04:07",,,0.98,4.19,29.5691,0
"Jul 27 2009 18:04:08",,,0.86,37.49,29.45665,0
"Jul 27 2009 18:04:10",,,0.86,27.13,29.45665,0
"Jul 27 2009 18:04:10",,,0.98,2.10,29.3442,0
"Jul 27 2009 18:04:13",,,0.78,2.10,29.23175,0
"Jul 27 2009 18:04:13",,,0.94,0.00,29.23175,0
"Jul 27 2009 18:04:15",,,0.90,0.00,29.1193,0
"Jul 27 2009 18:04:16",,,0.90,0.00,29.00685,0
"Jul 27 2009 18:04:18",,,0.98,0.00,29.00685,0
"Jul 27 2009 18:04:19",,,1.13,0.00,29.00685,0
"Jul 27 2009 18:04:21",,,0.86,0.00,29.00685,0
"Jul 27 2009 18:04:22",,,0.86,12.56,29.00685,0
"Jul 27 2009 18:04:24",,,1.05,56.02,28.8944,0
"Jul 27 2009 18:04:25",,,0.94,16.73,28.78195,0
"Jul 27 2009 18:04:27",,,0.66,8.38,28.6695,0
"Jul 27 2009 18:04:28",,,0.98,10.47,28.55705,0
"Jul 27 2009 18:04:30",,,0.86,12.56,28.4446,0
"Jul 27 2009 18:04:31",,,0.62,10.47,28.4446,0
"Jul 27 2009 18:04:33",,,1.25,4.19,28.33215,0
"Jul 27 2009 18:04:33",,,0.59,8.38,28.33215,0
"Jul 27 2009 18:04:35",,,1.05,18.82,28.2197,0
"Jul 27 2009 18:04:36",,,0.66,25.06,28.2197,0
"Jul 27 2009 18:04:38",,,0.94,33.35,28.2197,0
"Jul 27 2009 18:04:39",,,0.59,47.80,28.2197,0
"Jul 27 2009 18:04:41",,,0.82,33.35,28.2197,0
"Jul 27 2009 18:04:42",,,0.90,156.29,28.2197,0
"Jul 27 2009 18:04:44",,,1.02,423.32,28.4446,0
"Jul 27 2009 18:04:45",,,0.94,641.90,28.55705,1
"Jul 27 2009 18:04:47",,,0.51,767.44,28.6695,0
"Jul 27 2009 18:04:48",,,1.02,790.22,28.78195,0
"Jul 27 2009 18:04:50",,,0.82,795.21,28.8944,0
"Jul 27 2009 18:04:50",,,0.78,806.31,29.1193,0
"Jul 27 2009 18:04:52",,,1.02,807.54,29.3442,0
"Jul 27 2009 18:04:53",,,0.47,807.54,29.5691,0
"Jul 27 2009 18:04:55",,,1.37,805.09,29.68155,1
"Jul 27 2009 18:04:56",,,1.25,812.42,29.68155,0
"Jul 27 2009 18:04:58",,,0.66,803.86,29.7940,0
"Jul 27 2009 18:04:59",,,1.25,806.31,29.7940,0
"Jul 27 2009 18:08:01",,,0.62,809.98,29.90645,0
"Jul 27 2009 18:08:02",,,0.90,813.64,30.2438,0
"Jul 27 2009 18:08:04",,,0.74,806.31,30.35625,1
"Jul 27 2009 18:08:05",,,1.33,805.09,30.58115,0
"Jul 27 2009 18:08:07",,,0.94,816.06,30.6936,0
"Jul 27 2009 18:08:07",,,1.05,808.76,30.80605,0
"Jul 27 2009 18:08:09",,,0.78,805.09,30.80605,0
"Jul 27 2009 18:08:10",,,1.52,805.09,30.58115,0
"Jul 27 2009 18:08:12",,,0.90,808.76,30.58115,0
"Jul 27 2009 18:08:13",,,1.25,673.31,30.6936,0
"Jul 27 2009 18:08:15",,,1.29,836.40,30.80605,0
"Jul 27 2009 18:08:16",,,0.70,829.28,31.1434,0
"Jul 27 2009 18:08:18",,,1.17,677.52,31.3683,0
"Jul 27 2009 18:08:19",,,0.74,838.76,31.70565,2
"Jul 27 2009 18:08:21",,,1.33,817.27,31.70565,0
"Jul 27 2009 18:08:22",,,0.78,660.56,31.8181,2
"Jul 27 2009 18:08:24",,,1.09,816.06,31.8181,0
"Jul 27 2009 18:08:24",,,1.25,825.70,31.93055,0
"Jul 27 2009 18:08:26",,,1.29,661.99,32.0430,0
"Jul 27 2009 18:08:27",,,1.56,813.64,32.0430,0
"Jul 27 2009 18:08:29",,,1.41,823.30,32.0430,0
"Jul 27 2009 18:08:30",,,1.21,832.85,32.0430,0
"Jul 27 2009 18:08:32",,,1.33,832.85,32.15545,0
"Jul 27 2009 18:08:33",,,0.98,819.69,32.2679,0
"Jul 27 2009 18:08:35",,,1.05,817.27,32.38035,1
"Jul 27 2009 18:08:36",,,1.09,814.85,32.4928,0
"Jul 27 2009 18:08:38",,,1.21,817.27,32.38035,0
"Jul 27 2009 18:08:39",,,0.90,823.30,32.38035,0
"Jul 27 2009 18:08:41",,,1.02,671.90,32.38035,0
"Jul 27 2009 18:08:41",,,1.05,830.47,32.38035,0
"Jul 27 2009 18:08:43",,,0.70,812.42,32.38035,0
"Jul 27 2009 18:08:44",,,1.60,812.42,32.38035,0
"Jul 27 2009 18:08:46",,,1.29,661.99,32.4928,0
"Jul 27 2009 18:08:47",,,0.78,817.27,32.60525,0
"Jul 27 2009 18:08:49",,,0.94,816.06,32.38035,0
"Jul 27 2009 18:08:50",,,1.09,671.90,32.2679,0
"Jul 27 2009 18:08:52",,,0.82,674.71,32.15545,0
"Jul 27 2009 18:08:53",,,1.41,808.76,32.0430,2
"Jul 27 2009 18:08:55",,,0.74,814.85,31.8181,1
"Jul 27 2009 18:08:56",,,0.98,813.64,31.70565,2
"Jul 27 2009 18:08:58",,,1.21,659.14,31.5932,0
"Jul 27 2009 18:08:58",,,0.94,806.31,31.48075,0
"Jul 27 2009 18:08:00",,,0.98,798.92,31.25585,0
"Jul 27 2009 18:08:01",,,0.74,806.31,31.1434,0
"Jul 27 2009 18:08:03",,,1.37,811.20,31.1434,0
"Jul 27 2009 18:08:04",,,1.05,829.28,31.1434,0
"Jul 27 2009 18:08:06",,,1.05,835.22,31.48075,0
"Jul 27 2009 18:08:07",,,0.98,676.12,31.8181,2
"Jul 27 2009 18:08:09",,,0.78,830.47,31.8181,0
"Jul 27 2009 18:08:10",,,1.37,819.69,31.93055,0
"Jul 27 2009 18:08:12",,,1.02,661.99,32.0430,2
"Jul 27 2009 18:08:12",,,1.29,661.99,32.15545,0
"Jul 27 2009 18:08:15",,,0.86,829.28,32.2679,0
"Jul 27 2009 18:08:15",,,0.90,653.42,32.2679,1
"Jul 27 2009 18:08:17",,,1.33,807.54,32.2679,0
"Jul 27 2009 18:08:18",,,0.94,808.76,32.38035,0
"Jul 27 2009 18:08:20",,,1.29,807.54,32.60525,0
"Jul 27 2009 18:08:21",,,0.90,805.09,32.83015,0
"Jul 27 2009 18:08:23",,,1.25,809.98,32.9426,0
"Jul 27 2009 18:08:24",,,0.98,806.31,32.9426,0
"Jul 27 2009 18:08:26",,,1.33,805.09,32.9426,0
"Jul 27 2009 18:08:27",,,1.21,808.76,33.05505,0
"Jul 27 2009 18:08:29",,,1.02,807.54,33.05505,0
"Jul 27 2009 18:08:29",,,1.29,809.98,33.05505,0
"Jul 27 2009 18:08:32",,,0.98,809.98,33.05505,1
"Jul 27 2009 18:08:32",,,1.25,811.20,33.1675,0
"Jul 27 2009 18:08:34",,,1.25,811.20,33.1675,0
"Jul 27 2009 18:08:35",,,1.17,809.98,33.27995,0
"Jul 27 2009 18:08:37",,,1.21,812.42,33.27995,0
"Jul 27 2009 18:08:38",,,1.37,809.98,33.27995,0
"Jul 27 2009 18:08:40",,,0.90,811.20,33.3924,0
"Jul 27 2009 18:08:41",,,1.29,811.20,33.3924,0
"Jul 27 2009 18:08:43",,,1.09,808.76,33.3924,0
"Jul 27 2009 18:08:44",,,1.37,808.76,33.27995,0
"Jul 27 2009 18:08:46",,,1.25,817.27,33.1675,0
"Jul 27 2009 18:08:46",,,1.33,808.76,33.1675,0
"Jul 27 2009 18:08:48",,,1.33,808.76,33.27995,0
"Jul 27 2009 18:08:49",,,0.98,816.06,33.27995,0
"Jul 27 2009 18:08:51",,,1.25,806.31,33.27995,1
"Jul 27 2009 18:08:52",,,1.09,807.54,33.27995,0
"Jul 27 2009 18:08:54",,,0.86,805.09,33.3924,0
"Jul 27 2009 18:08:55",,,1.25,805.09,33.50485,0
"Jul 27 2009 18:08:57",,,1.09,820.89,33.50485,0
"Jul 27 2009 18:08:58",,,1.13,816.06,33.50485,0
"Jul 27 2009 18:08:00",,,1.02,818.48,33.50485,0
"Jul 27 2009 18:08:01",,,0.90,819.69,33.50485,0
"Jul 27 2009 18:08:03",,,0.90,819.69,33.50485,0
"Jul 27 2009 18:08:03",,,0.94,819.69,33.6173,0
"Jul 27 2009 18:08:06",,,0.82,819.69,33.72975,0
"Jul 27 2009 18:08:06",,,0.98,819.69,33.95465,0
"Jul 27 2009 18:08:08",,,0.74,819.69,34.0671,0
"Jul 27 2009 18:08:09",,,0.59,818.48,34.2920,0
"Jul 27 2009 18:08:11",,,1.13,816.06,34.40445,0
"Jul 27 2009 18:08:12",,,1.21,816.06,34.5169,0
"Jul 27 2009 18:08:14",,,1.17,817.27,34.5169,0
"Jul 27 2009 18:08:15",,,1.64,816.06,34.62935,0
"Jul 27 2009 18:08:17",,,1.45,817.27,34.62935,0
"Jul 27 2009 18:08:18",,,1.56,813.64,34.7418,0
"Jul 27 2009 18:08:20",,,1.37,814.85,34.7418,0
"Jul 27 2009 18:08:21",,,1.33,813.64,34.85425,0
"Jul 27 2009 18:08:23",,,1.29,826.89,34.85425,0
"Jul 27 2009 18:08:23",,,1.21,826.89,34.9667,0
"Jul 27 2009 18:08:25",,,0.98,814.85,34.85425,1
"Jul 27 2009 18:08:26",,,1.25,825.70,34.7418,0
"Jul 27 2009 18:08:28",,,1.48,813.64,34.7418,0
"Jul 27 2009 18:08:29",,,1.25,812.42,34.7418,0
"Jul 27 2009 18:08:31",,,1.33,812.42,34.62935,0
"Jul 27 2009 18:08:32",,,1.84,812.42,34.62935,0
"Jul 27 2009 18:08:34",,,0.78,820.89,34.62935,0
"Jul 27 2009 18:08:35",,,1.29,820.89,34.62935,0
"Jul 27 2009 18:08:37",,,1.48,813.64,34.62935,0
"Jul 27 2009 18:08:37",,,1.64,814.85,34.62935,0
"Jul 27 2009 18:08:39",,,1.48,816.06,34.62935,0
"Jul 27 2009 18:08:40",,,1.17,820.89,34.62935,0
"Jul 27 2009 18:08:42",,,1.37,824.50,34.62935,0
"Jul 27 2009 18:08:43",,,1.02,824.50,34.62935,0
"Jul 27 2009 18:08:45",,,1.37,814.85,34.62935,0
"Jul 27 2009 18:08:46",,,1.33,814.85,34.62935,1
"Jul 27 2009 18:08:48",,,0.94,814.85,34.40445,0
"Jul 27 2009 18:08:49",,,1.02,817.27,34.40445,0
"Jul 27 2009 18:08:51",,,1.05,817.27,34.40445,0
"Jul 27 2009 18:08:51",,,0.98,817.27,34.40445,0
"Jul 27 2009 18:08:53",,,1.29,814.85,34.40445,0
"Jul 27 2009 18:08:54",,,0.90,836.40,34.2920,0
"Jul 27 2009 18:08:56",,,1.21,669.07,34.17955,0
"Jul 27 2009 18:08:57",,,1.09,818.48,34.0671,0
"Jul 27 2009 18:08:59",,,0.98,836.40,34.0671,0
"Jul 27 2009 18:08:00",,,2.07,834.03,34.0671,0
"Jul 27 2009 18:08:02",,,1.41,677.52,34.0671,0
"Jul 27 2009 18:08:03",,,0.98,823.30,34.0671,0
"Jul 27 2009 18:08:05",,,0.90,664.83,34.2920,0
"Jul 27 2009 18:08:06",,,1.25,824.50,34.40445,0
"Jul 27 2009 18:08:08",,,1.52,829.28,34.40445,0
"Jul 27 2009 18:08:08",,,0.70,822.10,34.5169,0
"Jul 27 2009 18:08:10",,,1.17,669.07,34.62935,0
"Jul 27 2009 18:08:11",,,1.02,812.42,34.40445,0
"Jul 27 2009 18:08:13",,,1.21,663.41,34.2920,0
"Jul 27 2009 18:08:14",,,0.62,830.47,34.40445,0
"Jul 27 2009 18:08:16",,,1.21,831.66,34.40445,0
"Jul 27 2009 18:08:17",,,0.94,822.10,34.40445,0
"Jul 27 2009 18:08:19",,,0.98,824.50,34.40445,0
"Jul 27 2009 18:08:20",,,1.56,814.85,34.2920,0
"Jul 27 2009 18:08:22",,,1.48,814.85,34.2920,0
"Jul 27 2009 18:08:23",,,0.82,816.06,34.40445,0
"Jul 27 2009 18:08:25",,,1.41,813.64,34.40445,0
"Jul 27 2009 18:08:25",,,1.05,812.42,34.40445,0
"Jul 27 2009 18:08:27",,,0.86,816.06,34.40445,0
"Jul 27 2009 18:08:28",,,1.52,819.69,34.5169,0
"Jul 27 2009 18:08:30",,,1.91,817.27,34.5169,0
"Jul 27 2009 18:08:31",,,1.21,813.64,34.5169,0
"Jul 27 2009 18:08:33",,,0.51,817.27,34.40445,0
"Jul 27 2009 18:08:34",,,1.45,814.85,34.40445,0
"Jul 27 2009 18:08:36",,,1.91,813.64,34.40445,0
"Jul 27 2009 18:08:37",,,1.13,814.85,34.2920,0
"Jul 27 2009 18:08:39",,,1.68,813.64,34.2920,2
"Jul 27 2009 18:08:39",,,1.80,814.85,34.2920,0
"Jul 27 2009 18:08:41",,,1.25,816.06,34.2920,0
"Jul 27 2009 18:08:42",,,1.52,811.20,34.2920,0
"Jul 27 2009 18:08:44",,,1.21,816.06,34.0671,0
"Jul 27 2009 18:08:45",,,0.90,813.64,33.95465,0
"Jul 27 2009 18:08:47",,,1.45,811.20,33.8422,0
"Jul 27 2009 18:08:48",,,1.21,817.27,33.95465,0
"Jul 27 2009 18:08:50",,,1.48,816.06,34.0671,0
"Jul 27 2009 18:08:51",,,1.37,816.06,34.17955,0
"Jul 27 2009 18:08:53",,,1.60,816.06,34.2920,1
"Jul 27 2009 18:08:53",,,1.17,817.27,34.40445,0
"Jul 27 2009 18:08:55",,,1.41,816.06,34.5169,1
"Jul 27 2009 18:08:56",,,1.48,817.27,34.5169,0
"Jul 27 2009 18:08:58",,,1.17,816.06,34.5169,0
"Jul 27 2009 18:08:59",,,1.52,816.06,34.5169,1
"Jul 27 2009 18:12:01",,,1.13,817.27,34.62935,1
"Jul 27 2009 18:12:02",,,1.52,816.06,34.62935,2
"Jul 27 2009 18:12:04",,,1.41,816.06,34.5169,0
"Jul 27 2009 18:12:05",,,1.21,816.06,34.40445,1
"Jul 27 2009 18:12:07",,,1.60,816.06,34.2920,1
"Jul 27 2009 18:12:07",,,1.64,817.27,34.40445,1
"Jul 27 2009 18:12:09",,,1.60,816.06,34.40445,2
"Jul 27 2009 18:12:10",,,1.37,816.06,34.40445,1
"Jul 27 2009 18:12:12",,,1.37,816.06,34.2920,2
"Jul 27 2009 18:12:13",,,1.37,817.27,34.0671,2
"Jul 27 2009 18:12:15",,,1.37,817.27,33.95465,4
"Jul 27 2009 18:12:16",,,1.21,817.27,33.8422,1
"Jul 27 2009 18:12:18",,,1.87,803.86,33.50485,0
"Jul 27 2009 18:12:19",,,2.11,797.69,33.27995,0
"Jul 27 2009 18:12:21",,,1.87,796.45,33.1675,0
"Jul 27 2009 18:12:21",,,1.80,800.16,32.9426,2
"Jul 27 2009 18:12:23",,,1.60,801.39,32.83015,0
"Jul 27 2009 18:12:24",,,1.33,808.76,32.83015,1
"Jul 27 2009 18:12:26",,,1.80,814.85,32.9426,0
"Jul 27 2009 18:12:27",,,1.95,823.30,33.1675,1
"Jul 27 2009 18:12:29",,,1.21,807.54,33.1675,0
"Jul 27 2009 18:12:30",,,1.29,800.16,33.05505,0
"Jul 27 2009 18:12:32",,,1.09,782.69,32.9426,0
"Jul 27 2009 18:12:33",,,0.78,772.55,32.83015,0
"Jul 27 2009 18:12:35",,,1.13,790.22,32.60525,0
"Jul 27 2009 18:12:35",,,1.33,795.21,32.4928,0
"Jul 27 2009 18:12:37",,,1.05,798.92,32.4928,0
"Jul 27 2009 18:12:38",,,1.05,795.21,32.38035,0
"Jul 27 2009 18:12:40",,,1.05,798.92,32.38035,0
"Jul 27 2009 18:12:41",,,1.05,800.16,32.2679,0
"Jul 27 2009 18:12:43",,,1.09,798.92,32.15545,0
"Jul 27 2009 18:12:44",,,1.17,800.16,32.0430,0
"Jul 27 2009 18:12:46",,,0.94,805.09,31.93055,0
"Jul 27 2009 18:12:47",,,1.05,801.39,31.93055,0
"Jul 27 2009 18:12:49",,,0.98,802.63,31.8181,0
"Jul 27 2009 18:12:49",,,1.41,803.86,31.70565,0
"Jul 27 2009 18:12:52",,,1.13,802.63,31.70565,0
"Jul 27 2009 18:12:52",,,1.09,809.98,31.8181,0
"Jul 27 2009 18:12:54",,,0.86,813.64,32.15545,0
"Jul 27 2009 18:12:55",,,1.33,812.42,32.38035,0
"Jul 27 2009 18:12:57",,,0.78,812.42,32.60525,0
"Jul 27 2009 18:12:58",,,1.09,818.48,32.83015,0
"Jul 27 2009 18:12:00",,,0.82,808.76,32.9426,0
"Jul 27 2009 18:12:01",,,1.05,814.85,33.05505,0
"Jul 27 2009 18:12:03",,,0.74,816.06,33.1675,0
"Jul 27 2009 18:12:04",,,1.05,814.85,33.3924,0
"Jul 27 2009 18:12:06",,,0.98,813.64,33.50485,0
"Jul 27 2009 18:12:06",,,0.82,816.06,33.50485,0
"Jul 27 2009 18:12:09",,,1.13,816.06,33.72975,0
"Jul 27 2009 18:12:09",,,0.98,817.27,33.8422,0
"Jul 27 2009 18:12:11",,,0.86,817.27,33.95465,0
"Jul 27 2009 18:12:12",,,0.86,816.06,34.0671,0
"Jul 27 2009 18:12:14",,,0.82,816.06,34.0671,0
"Jul 27 2009 18:12:15",,,0.90,813.64,34.17955,0
"Jul 27 2009 18:12:17",,,0.74,816.06,34.2920,0
"Jul 27 2009 18:12:18",,,0.94,814.85,34.2920,0
"Jul 27 2009 18:12:20",,,0.86,816.06,34.2920,0
"Jul 27 2009 18:12:21",,,1.21,816.06,34.40445,0
"Jul 27 2009 18:12:23",,,0.74,814.85,34.2920,0
"Jul 27 2009 18:12:23",,,1.21,811.20,34.2920,0
"Jul 27 2009 18:12:25",,,0.86,814.85,34.40445,0
"Jul 27 2009 18:12:26",,,1.09,816.06,34.40445,0
"Jul 27 2009 18:12:28",,,0.55,814.85,34.5169,0
"Jul 27 2009 18:12:29",,,1.37,814.85,34.62935,0
"Jul 27 2009 18:12:31",,,0.82,814.85,34.62935,0
"Jul 27 2009 18:12:32",,,1.05,813.64,34.62935,0
"Jul 27 2009 18:12:34",,,1.05,811.20,34.62935,0
"Jul 27 2009 18:12:35",,,0.66,770.00,34.62935,0
"Jul 27 2009 18:12:37",,,1.25,746.70,34.40445,0
"Jul 27 2009 18:12:38",,,0.62,807.54,34.2920,0
"Jul 27 2009 18:12:40",,,1.25,809.98,34.17955,0
"Jul 27 2009 18:12:40",,,0.66,813.64,34.17955,0
"Jul 27 2009 18:12:42",,,0.55,820.89,34.2920,0
"Jul 27 2009 18:12:43",,,0.98,820.89,34.5169,0
"Jul 27 2009 18:12:45",,,0.66,817.27,34.7418,0
"Jul 27 2009 18:12:46",,,0.90,816.06,34.85425,0
"Jul 27 2009 18:12:48",,,1.09,817.27,34.85425,1
"Jul 27 2009 18:12:49",,,0.82,816.06,34.85425,1
"Jul 27 2009 18:12:51",,,1.17,809.98,34.7418,1
"Jul 27 2009 18:12:52",,,0.78,814.85,34.62935,3
"Jul 27 2009 18:12:54",,,1.45,814.85,34.62935,2
"Jul 27 2009 18:12:55",,,1.17,814.85,34.5169,1
"Jul 27 2009 18:12:57",,,0.90,816.06,34.5169,2
"Jul 27 2009 18:12:57",,,1.17,816.06,34.40445,2
"Jul 27 2009 18:12:00",,,0.86,816.06,34.40445,0
"Jul 27 2009 18:12:00",,,1.17,813.64,34.40445,0
"Jul 27 2009 18:12:02",,,0.86,812.42,34.5169,0
"Jul 27 2009 18:12:03",,,1.17,812.42,34.62935,0
"Jul 27 2009 18:12:05",,,1.02,813.64,34.7418,0
"Jul 27 2009 18:12:06",,,0.82,829.28,34.7418,0
"Jul 27 2009 18:12:08",,,1.45,832.85,34.62935,0
"Jul 27 2009 18:12:09",,,2.97,828.09,34.62935,1
"Jul 27 2009 18:12:11",,,1.87,830.47,34.5169,0
"Jul 27 2009 18:12:12",,,1.02,839.93,34.62935,0
"Jul 27 2009 18:12:14",,,1.02,838.76,34.62935,0
"Jul 27 2009 18:12:14",,,1.29,677.52,34.7418,1
"Jul 27 2009 18:12:16",,,0.74,667.66,34.7418,0
"Jul 27 2009 18:12:17",,,1.02,836.40,34.85425,0
"Jul 27 2009 18:12:19",,,1.41,678.92,34.9667,1
"Jul 27 2009 18:12:20",,,0.86,680.32,34.9667,1
"Jul 27 2009 18:12:22",,,1.29,674.71,34.9667,1
"Jul 27 2009 18:12:23",,,1.05,836.40,34.9667,0
"Jul 27 2009 18:12:25",,,1.02,826.89,34.9667,1
"Jul 27 2009 18:12:26",,,1.33,680.32,34.9667,0
"Jul 27 2009 18:12:28",,,0.82,680.32,34.9667,2
"Jul 27 2009 18:12:29",,,1.21,681.72,34.85425,1
"Jul 27 2009 18:12:31",,,0.74,680.32,34.9667,0
"Jul 27 2009 18:12:31",,,1.37,673.31,34.7418,1
"Jul 27 2009 18:12:33",,,1.21,836.40,34.7418,2
"Jul 27 2009 18:12:34",,,1.02,667.66,34.7418,0
"Jul 27 2009 18:12:36",,,1.25,831.66,34.7418,1
"Jul 27 2009 18:12:37",,,1.13,671.90,34.5169,1
"Jul 27 2009 18:12:39",,,1.37,680.32,34.5169,1
"Jul 27 2009 18:12:40",,,1.25,830.47,34.62935,0
"Jul 27 2009 18:12:42",,,0.94,674.71,34.62935,0
"Jul 27 2009 18:12:43",,,1.41,818.48,34.5169,0
"Jul 27 2009 18:12:45",,,0.70,819.69,34.5169,0
"Jul 27 2009 18:12:45",,,1.17,838.76,34.5169,1
"Jul 27 2009 18:12:47",,,1.25,681.72,34.5169,0
"Jul 27 2009 18:12:48",,,0.78,683.12,34.5169,0
"Jul 27 2009 18:12:50",,,1.45,825.70,34.5169,0
"Jul 27 2009 18:12:51",,,0.90,829.28,34.7418,0
"Jul 27 2009 18:12:53",,,0.82,678.92,34.62935,0
"Jul 27 2009 18:12:54",,,1.45,674.71,34.62935,0
"Jul 27 2009 18:12:56",,,0.78,673.31,34.5169,0
"Jul 27 2009 18:12:57",,,1.25,663.41,34.5169,0
"Jul 27 2009 18:12:59",,,0.94,805.09,34.40445,0
"Jul 27 2009 18:12:00",,,1.60,801.39,34.2920,0
"Jul 27 2009 18:12:02",,,0.74,805.09,34.0671,0
"Jul 27 2009 18:12:02",,,1.17,808.76,33.95465,0
"Jul 27 2009 18:12:04",,,1.17,819.69,33.95465,0
"Jul 27 2009 18:12:05",,,1.09,818.48,34.17955,0
"Jul 27 2009 18:12:07",,,1.52,808.76,34.17955,0
"Jul 27 2009 18:12:08",,,0.82,812.42,34.0671,0
"Jul 27 2009 18:12:10",,,1.13,812.42,34.17955,0
"Jul 27 2009 18:12:11",,,1.05,813.64,34.2920,0
"Jul 27 2009 18:12:13",,,1.05,812.42,34.5169,0
"Jul 27 2009 18:12:14",,,1.25,813.64,34.7418,0
"Jul 27 2009 18:12:16",,,0.98,812.42,34.7418,0
"Jul 27 2009 18:12:17",,,1.25,812.42,34.85425,0
"Jul 27 2009 18:12:19",,,1.05,813.64,34.85425,0
"Jul 27 2009 18:12:19",,,1.05,812.42,34.9667,0
"Jul 27 2009 18:12:22",,,1.33,813.64,35.1916,0
"Jul 27 2009 18:12:22",,,1.02,816.06,35.30405,0
"Jul 27 2009 18:12:24",,,1.17,813.64,35.4165,0
"Jul 27 2009 18:12:25",,,1.17,818.48,35.4165,0
"Jul 27 2009 18:12:27",,,1.05,816.06,35.52895,0
"Jul 27 2009 18:12:28",,,1.29,817.27,35.6414,0
"Jul 27 2009 18:12:30",,,1.05,813.64,35.52895,0
"Jul 27 2009 18:12:31",,,1.29,813.64,35.52895,0
"Jul 27 2009 18:12:33",,,1.02,812.42,35.52895,0
"Jul 27 2009 18:12:34",,,1.52,813.64,35.4165,0
"Jul 27 2009 18:12:36",,,1.02,812.42,35.4165,0
"Jul 27 2009 18:12:36",,,1.45,816.06,35.4165,0
"Jul 27 2009 18:12:38",,,0.98,814.85,35.30405,0
"Jul 27 2009 18:12:39",,,1.17,813.64,35.4165,0
"Jul 27 2009 18:12:41",,,1.25,817.27,35.52895,0
"Jul 27 2009 18:12:42",,,1.21,814.85,35.6414,0
"Jul 27 2009 18:12:44",,,1.21,816.06,35.6414,0
"Jul 27 2009 18:12:45",,,0.86,814.85,35.6414,0
"Jul 27 2009 18:12:47",,,1.37,812.42,35.75385,0
"Jul 27 2009 18:12:48",,,0.90,813.64,35.6414,0
"Jul 27 2009 18:12:50",,,1.33,812.42,35.6414,0
"Jul 27 2009 18:12:50",,,0.90,816.06,35.6414,0
"Jul 27 2009 18:12:53",,,1.09,808.76,35.6414,0
"Jul 27 2009 18:12:53",,,1.05,802.63,35.30405,0
"Jul 27 2009 18:12:55",,,1.37,801.39,34.9667,0
"Jul 27 2009 18:12:56",,,0.94,797.69,34.62935,0
"Jul 27 2009 18:12:58",,,0.59,792.72,34.40445,0
"Jul 27 2009 18:12:59",,,1.13,803.86,34.2920,0
"Jul 27 2009 18:16:01",,,1.29,793.96,34.0671,0
"Jul 27 2009 18:16:02",,,0.82,787.72,33.95465,0
"Jul 27 2009 18:16:04",,,0.90,792.72,33.72975,0
"Jul 27 2009 18:16:05",,,1.33,797.69,33.6173,0
"Jul 27 2009 18:16:07",,,0.98,795.21,33.50485,0
"Jul 27 2009 18:16:07",,,1.80,790.22,33.3924,0
"Jul 27 2009 18:16:09",,,1.13,788.97,33.27995,0
"Jul 27 2009 18:16:10",,,1.64,793.96,33.05505,0
"Jul 27 2009 18:16:12",,,0.94,791.47,33.05505,0
"Jul 27 2009 18:16:13",,,1.09,797.69,32.9426,0
"Jul 27 2009 18:16:15",,,1.02,796.45,32.9426,0
"Jul 27 2009 18:16:16",,,0.86,796.45,32.83015,0
"Jul 27 2009 18:16:18",,,1.25,793.96,32.7177,0
"Jul 27 2009 18:16:19",,,1.13,817.27,32.7177,0
"Jul 27 2009 18:16:21",,,0.74,809.98,32.7177,0
"Jul 27 2009 18:16:22",,,1.52,817.27,32.60525,0
"Jul 27 2009 18:16:24",,,1.41,835.22,32.4928,0
"Jul 27 2009 18:16:24",,,1.17,674.71,32.7177,0
"Jul 27 2009 18:16:26",,,1.21,825.70,32.83015,0
"Jul 27 2009 18:16:27",,,2.07,816.06,32.9426,0
"Jul 27 2009 18:16:29",,,1.25,816.06,33.1675,0
"Jul 27 2009 18:16:30",,,0.98,818.48,33.27995,0
"Jul 27 2009 18:16:32",,,1.21,811.20,33.27995,0
"Jul 27 2009 18:16:33",,,0.78,803.86,32.9426,0
"Jul 27 2009 18:16:35",,,1.17,802.63,32.7177,0
"Jul 27 2009 18:16:36",,,0.82,801.39,32.4928,0
"Jul 27 2009 18:16:38",,,1.52,807.54,32.38035,0
"Jul 27 2009 18:16:38",,,0.90,812.42,32.38035,0
"Jul 27 2009 18:16:40",,,1.13,807.54,32.38035,0
"Jul 27 2009 18:16:41",,,0.82,809.98,32.2679,0
"Jul 27 2009 18:16:43",,,1.29,811.20,32.38035,0
"Jul 27 2009 18:16:44",,,1.60,816.06,32.38035,0
"Jul 27 2009 18:16:46",,,0.98,817.27,32.4928,0
"Jul 27 2009 18:16:47",,,1.64,813.64,32.60525,0
"Jul 27 2009 18:16:49",,,0.78,807.54,32.60525,0
"Jul 27 2009 18:16:50",,,1.09,807.54,32.38035,0
"Jul 27 2009 18:16:52",,,1.02,807.54,32.2679,0
"Jul 27 2009 18:16:52",,,1.29,822.10,32.38035,0
"Jul 27 2009 18:16:55",,,1.02,816.06,32.7177,0
"Jul 27 2009 18:16:55",,,1.17,820.89,32.9426,0
"Jul 27 2009 18:16:57",,,1.13,818.48,33.05505,0
"Jul 27 2009 18:16:58",,,1.02,817.27,33.27995,0
"Jul 27 2009 18:16:00",,,1.13,818.48,33.3924,0
"Jul 27 2009 18:16:01",,,0.98,819.69,33.50485,0
"Jul 27 2009 18:16:03",,,1.41,819.69,33.6173,0
"Jul 27 2009 18:16:04",,,0.90,819.69,33.72975,0
"Jul 27 2009 18:16:06",,,1.21,818.48,33.8422,0
"Jul 27 2009 18:16:07",,,0.78,817.27,33.95465,0
"Jul 27 2009 18:16:09",,,1.29,819.69,34.0671,0
"Jul 27 2009 18:16:09",,,0.94,820.89,34.2920,0
"Jul 27 2009 18:16:11",,,1.13,829.28,34.2920,0
"Jul 27 2009 18:16:12",,,0.86,818.48,34.2920,0
"Jul 27 2009 18:16:14",,,1.09,816.06,34.17955,0
"Jul 27 2009 18:16:15",,,0.94,816.06,34.0671,0
"Jul 27 2009 18:16:17",,,1.21,817.27,33.95465,0
"Jul 27 2009 18:16:18",,,0.98,816.06,33.95465,0
"Jul 27 2009 18:16:20",,,1.02,817.27,33.95465,0
"Jul 27 2009 18:16:21",,,1.02,814.85,33.8422,0
"Jul 27 2009 18:16:23",,,1.05,819.69,33.8422,0
"Jul 27 2009 18:16:23",,,0.86,823.30,33.95465,0
"Jul 27 2009 18:16:26",,,0.74,817.27,33.95465,0
"Jul 27 2009 18:16:26",,,1.25,669.07,33.95465,0
"Jul 27 2009 18:16:28",,,0.90,834.03,33.95465,0
"Jul 27 2009 18:16:29",,,1.45,823.30,34.17955,0
"Jul 27 2009 18:16:31",,,1.13,669.07,34.17955,0
"Jul 27 2009 18:16:32",,,1.48,838.76,34.17955,0
"Jul 27 2009 18:16:34",,,2.62,820.89,34.0671,0
"Jul 27 2009 18:16:35",,,1.56,816.06,33.8422,0
"Jul 27 2009 18:16:37",,,1.05,836.40,33.8422,0
"Jul 27 2009 18:16:38",,,1.17,820.89,33.95465,0
"Jul 27 2009 18:16:40",,,1.33,828.09,34.0671,0
"Jul 27 2009 18:16:40",,,0.74,676.12,34.0671,0
"Jul 27 2009 18:16:42",,,1.17,825.70,34.0671,0
"Jul 27 2009 18:16:43",,,0.55,836.40,34.0671,0
"Jul 27 2009 18:16:45",,,2.07,828.09,34.0671,0
"Jul 27 2009 18:16:46",,,1.02,659.14,34.0671,0
"Jul 27 2009 18:16:48",,,1.45,659.14,34.0671,0
"Jul 27 2009 18:16:49",,,1.17,824.50,34.0671,0
"Jul 27 2009 18:16:51",,,1.33,816.06,34.0671,0
"Jul 27 2009 18:16:52",,,1.33,824.50,34.0671,0
"Jul 27 2009 18:16:54",,,1.33,817.27,34.0671,0
"Jul 27 2009 18:16:54",,,1.41,825.70,33.95465,0
"Jul 27 2009 18:16:57",,,0.70,836.40,33.8422,0
"Jul 27 2009 18:16:57",,,1.56,838.76,33.95465,0
"Jul 27 2009 18:16:59",,,0.90,677.52,33.95465,0
"Jul 27 2009 18:16:00",,,0.98,822.10,33.8422,0
"Jul 27 2009 18:16:02",,,1.37,681.72,33.8422,0
"Jul 27 2009 18:16:03",,,0.86,835.22,33.95465,0
"Jul 27 2009 18:16:05",,,1.45,677.52,34.17955,0
"Jul 27 2009 18:16:06",,,1.17,826.89,34.2920,0
"Jul 27 2009 18:16:08",,,0.78,835.22,34.40445,0
"Jul 27 2009 18:16:09",,,1.25,835.22,34.5169,0
"Jul 27 2009 18:16:11",,,1.29,670.49,34.62935,0
"Jul 27 2009 18:16:11",,,1.09,681.72,34.62935,0
"Jul 27 2009 18:16:13",,,0.74,678.92,34.5169,0
"Jul 27 2009 18:16:14",,,0.90,677.52,34.40445,0
"Jul 27 2009 18:16:16",,,1.25,834.03,34.40445,0
"Jul 27 2009 18:16:17",,,0.90,676.12,34.5169,0
"Jul 27 2009 18:16:19",,,1.02,817.27,34.62935,0
"Jul 27 2009 18:16:20",,,1.25,835.22,34.7418,0
"Jul 27 2009 18:16:22",,,0.86,834.03,34.7418,0
"Jul 27 2009 18:16:23",,,1.21,677.52,34.7418,0
"Jul 27 2009 18:16:25",,,0.86,830.47,34.85425,0
"Jul 27 2009 18:16:26",,,1.33,676.12,35.07915,0
"Jul 27 2009 18:16:28",,,0.94,834.03,35.1916,0
"Jul 27 2009 18:16:28",,,0.90,832.85,35.30405,0
"Jul 27 2009 18:16:30",,,1.09,830.47,35.4165,0
"Jul 27 2009 18:16:31",,,0.59,830.47,35.6414,0
"Jul 27 2009 18:16:33",,,1.87,813.64,35.52895,0
"Jul 27 2009 18:16:34",,,1.37,824.50,35.52895,0
"Jul 27 2009 18:16:36",,,0.90,826.89,35.4165,0
"Jul 27 2009 18:16:37",,,1.21,816.06,35.30405,0
"Jul 27 2009 18:16:39",,,1.29,657.71,35.30405,0
"Jul 27 2009 18:16:40",,,0.74,667.66,35.30405,0
"Jul 27 2009 18:16:42",,,1.37,818.48,35.1916,0
"Jul 27 2009 18:16:42",,,0.98,835.22,35.1916,0
"Jul 27 2009 18:16:45",,,1.37,837.58,35.30405,0
"Jul 27 2009 18:16:45",,,1.13,674.71,35.30405,0
"Jul 27 2009 18:16:47",,,0.90,830.47,35.30405,0
"Jul 27 2009 18:16:48",,,1.33,834.03,35.30405,0
"Jul 27 2009 18:16:50",,,0.78,678.92,35.4165,0
"Jul 27 2009 18:16:51",,,1.25,841.11,35.4165,0
"Jul 27 2009 18:16:53",,,0.74,676.12,35.52895,0
"Jul 27 2009 18:16:54",,,1.33,677.52,35.6414,0
"Jul 27 2009 18:16:56",,,0.86,678.92,35.6414,0
"Jul 27 2009 18:16:57",,,1.33,676.12,35.6414,0
"Jul 27 2009 18:16:59",,,0.86,677.52,35.75385,0
"Jul 27 2009 18:16:59",,,1.13,674.71,35.75385,0
"Jul 27 2009 18:16:01",,,0.62,839.93,35.75385,0
"Jul 27 2009 18:16:02",,,0.98,674.71,35.8663,0
"Jul 27 2009 18:16:04",,,1.21,677.52,35.75385,0
"Jul 27 2009 18:16:05",,,1.02,674.71,35.6414,0
"Jul 27 2009 18:16:07",,,1.25,660.56,35.6414,0
"Jul 27 2009 18:16:08",,,1.05,812.42,35.52895,0
"Jul 27 2009 18:16:10",,,1.09,814.85,35.4165,0
"Jul 27 2009 18:16:11",,,0.86,816.06,35.30405,0
"Jul 27 2009 18:16:13",,,1.45,819.69,35.1916,0
"Jul 27 2009 18:16:14",,,0.78,811.20,35.07915,0
"Jul 27 2009 18:16:16",,,1.41,809.98,34.9667,0
"Jul 27 2009 18:16:16",,,0.82,813.64,34.85425,0
"Jul 27 2009 18:16:18",,,1.33,806.31,34.7418,0
"Jul 27 2009 18:16:19",,,0.86,824.50,34.7418,0
"Jul 27 2009 18:16:21",,,1.33,819.69,34.5169,0
"Jul 27 2009 18:16:22",,,0.78,822.10,34.40445,0
"Jul 27 2009 18:16:24",,,1.48,813.64,34.17955,0
"Jul 27 2009 18:16:25",,,0.74,837.58,34.2920,0
"Jul 27 2009 18:16:27",,,1.29,813.64,34.2920,0
"Jul 27 2009 18:16:28",,,0.82,659.14,34.2920,0
"Jul 27 2009 18:16:30",,,1.33,657.71,34.2920,0
"Jul 27 2009 18:16:31",,,0.78,825.70,34.40445,0
"Jul 27 2009 18:16:33",,,0.98,809.98,34.40445,0
"Jul 27 2009 18:16:33",,,0.90,813.64,34.40445,0
"Jul 27 2009 18:16:35",,,1.21,812.42,34.5169,0
"Jul 27 2009 18:16:36",,,1.13,812.42,34.62935,0
"Jul 27 2009 18:16:38",,,1.41,818.48,34.40445,0
"Jul 27 2009 18:16:39",,,1.29,812.42,34.2920,0
"Jul 27 2009 18:16:41",,,1.21,811.20,34.0671,0
"Jul 27 2009 18:16:42",,,1.33,812.42,34.0671,0
"Jul 27 2009 18:16:44",,,1.13,811.20,33.95465,0
"Jul 27 2009 18:16:45",,,1.21,813.64,33.6173,0
"Jul 27 2009 18:16:47",,,0.94,812.42,33.50485,0
"Jul 27 2009 18:16:47",,,1.87,824.50,33.3924,0
"Jul 27 2009 18:16:50",,,0.74,812.42,33.27995,0
"Jul 27 2009 18:16:50",,,1.13,811.20,33.27995,0
"Jul 27 2009 18:16:52",,,1.09,656.28,33.27995,0
"Jul 27 2009 18:16:53",,,0.94,812.42,33.1675,0
"Jul 27 2009 18:16:55",,,1.13,812.42,33.27995,0
"Jul 27 2009 18:16:56",,,1.02,809.98,33.27995,0
"Jul 27 2009 18:16:58",,,1.21,813.64,33.1675,0
"Jul 27 2009 18:16:59",,,1.05,813.64,33.1675,0
"Jul 27 2009 18:20:01",,,1.25,812.42,33.1675,0
"Jul 27 2009 18:20:02",,,1.02,812.42,33.05505,0
"Jul 27 2009 18:20:04",,,1.45,812.42,33.05505,0
"Jul 27 2009 18:20:04",,,0.94,808.76,33.05505,0
"Jul 27 2009 18:20:06",,,1.33,812.42,33.1675,0
"Jul 27 2009 18:20:07",,,0.90,808.76,33.1675,0
"Jul 27 2009 18:20:09",,,1.45,812.42,32.9426,1
"Jul 27 2009 18:20:10",,,0.98,808.76,32.83015,0
"Jul 27 2009 18:20:12",,,1.33,813.64,32.7177,0
"Jul 27 2009 18:20:13",,,1.02,812.42,32.4928,0
"Jul 27 2009 18:20:15",,,1.21,809.98,32.4928,2
"Jul 27 2009 18:20:16",,,0.98,812.42,32.38035,0
"Jul 27 2009 18:20:18",,,0.82,807.54,32.38035,0
"Jul 27 2009 18:20:18",,,1.17,809.98,32.2679,0
"Jul 27 2009 18:20:21",,,1.05,814.85,32.15545,0
"Jul 27 2009 18:20:21",,,1.25,808.76,32.2679,0
"Jul 27 2009 18:20:23",,,1.13,809.98,32.2679,0
"Jul 27 2009 18:20:24",,,1.02,817.27,32.2679,0
"Jul 27 2009 18:20:26",,,1.05,824.50,32.2679,0
"Jul 27 2009 18:20:27",,,0.66,803.86,32.15545,1
"Jul 27 2009 18:20:29",,,1.21,673.31,32.15545,1
"Jul 27 2009 18:20:30",,,0.82,832.85,32.15545,0
"Jul 27 2009 18:20:32",,,1.37,659.14,32.0430,0
"Jul 27 2009 18:20:33",,,0.90,812.42,32.15545,0
"Jul 27 2009 18:20:35",,,1.17,825.70,32.15545,0
"Jul 27 2009 18:20:35",,,0.90,830.47,32.0430,1
"Jul 27 2009 18:20:37",,,0.98,814.85,32.0430,0
"Jul 27 2009 18:20:38",,,1.13,813.64,32.0430,0
"Jul 27 2009 18:20:40",,,0.70,829.28,32.15545,0
"Jul 27 2009 18:20:41",,,1.29,678.92,32.0430,0
"Jul 27 2009 18:20:43",,,0.70,678.92,32.0430,0
"Jul 27 2009 18:20:44",,,1.25,677.52,32.15545,0
"Jul 27 2009 18:20:46",,,0.74,678.92,32.15545,0
"Jul 27 2009 18:20:47",,,1.37,673.31,32.15545,0
"Jul 27 2009 18:20:49",,,0.82,817.27,32.15545,0
"Jul 27 2009 18:20:50",,,1.21,826.89,32.15545,0
"Jul 27 2009 18:20:52",,,0.98,825.70,32.0430,0
"Jul 27 2009 18:20:52",,,1.21,816.06,32.15545,0
"Jul 27 2009 18:20:54",,,0.94,816.06,32.38035,0
"Jul 27 2009 18:20:55",,,1.29,817.27,32.4928,0
"Jul 27 2009 18:20:57",,,0.90,816.06,32.60525,0
"Jul 27 2009 18:20:58",,,1.37,816.06,32.7177,0
"Jul 27 2009 18:20:00",,,0.90,816.06,32.7177,0
"Jul 27 2009 18:20:01",,,1.41,816.06,32.60525,0
"Jul 27 2009 18:20:03",,,1.17,832.85,32.4928,0
"Jul 27 2009 18:20:04",,,0.82,811.20,32.4928,1
"Jul 27 2009 18:20:06",,,1.41,813.64,32.4928,0
"Jul 27 2009 18:20:07",,,0.78,813.64,32.4928,0
"Jul 27 2009 18:20:09",,,1.29,812.42,32.38035,1
"Jul 27 2009 18:20:09",,,0.82,656.28,32.38035,1
"Jul 27 2009 18:20:11",,,0.70,653.42,32.2679,0
"Jul 27 2009 18:20:12",,,1.25,803.86,32.2679,0
"Jul 27 2009 18:20:14",,,0.78,820.89,32.0430,0
"Jul 27 2009 18:20:15",,,1.25,671.90,32.0430,1
"Jul 27 2009 18:20:17",,,1.17,820.89,32.0430,0
"Jul 27 2009 18:20:18",,,0.74,825.70,32.15545,0
"Jul 27 2009 18:20:20",,,0.98,816.06,32.38035,0
"Jul 27 2009 18:20:21",,,1.29,814.85,32.38035,0
"Jul 27 2009 18:20:23",,,0.74,813.64,32.38035,0
"Jul 27 2009 18:20:23",,,1.09,814.85,32.4928,0
"Jul 27 2009 18:20:26",,,1.05,830.47,32.4928,0
"Jul 27 2009 18:20:26",,,0.74,831.66,32.4928,0
"Jul 27 2009 18:20:28",,,1.25,807.54,32.38035,0
"Jul 27 2009 18:20:29",,,0.86,796.45,32.15545,0
"Jul 27 2009 18:20:31",,,1.21,353.98,32.0430,0
"Jul 27 2009 18:32:13",36.292248,-109.21613,0.94,352.21,29.3442,0
"Jul 27 2009 18:32:14",36.292336,-109.21616,0.98,423.32,29.3442,0
