time,latitude,longitude,acceleration,light,temperature,sound
"00/15/2010 11:04:55",42.787354,-71.107155,0.98,31.28,25.40,0
"00/15/2010 11:04:56",42.787354,-71.10714,1.29,41.62,25.40,0
"00/15/2010 11:04:57",42.787354,-71.10714,0.94,20.90,25.40,1
"00/15/2010 11:04:58",42.787354,-71.107155,1.02,62.16,25.40,21
"00/15/2010 11:04:59",42.787354,-71.107155,1.17,70.33,25.40,6
"00/15/2010 11:05:00",42.78737,-71.10714,1.05,146.46,25.40,0
"00/15/2010 11:05:01",42.78737,-71.10714,1.25,231.37,25.40,0
"00/15/2010 11:05:02",42.78737,-71.10711,1.05,16.73,25.40,12
"00/15/2010 11:05:03",42.78737,-71.10709,1.02,84.55,25.40,9
"00/15/2010 11:05:05",42.787388,-71.10714,0.82,168.02,25.40,21
"00/15/2010 11:05:06",42.787403,-71.107185,1.29,2.10,25.40,0
"00/15/2010 11:05:07",42.787403,-71.107185,0.86,10.47,25.40,0
"00/15/2010 11:05:08",42.78742,-71.10714,0.90,84.55,25.40,2
"00/15/2010 11:05:09",42.787434,-71.10711,0.74,56.02,25.40,1
"00/15/2010 11:05:10",42.787453,-71.10711,0.66,20.90,25.40,6
"00/15/2010 11:05:11",42.787468,-71.10706,0.78,2.10,25.40,4
"00/15/2010 11:05:12",42.787483,-71.10705,0.70,10.47,25.40,6
"00/15/2010 11:05:13",42.787468,-71.10705,0.94,53.97,25.40,6
"00/15/2010 11:05:14",42.787453,-71.10709,0.74,70.33,25.40,8
"00/15/2010 11:05:15",42.787453,-71.10709,1.21,4.19,25.40,0
"00/15/2010 11:05:16",42.787453,-71.10709,1.05,12.56,25.40,0
"00/15/2010 11:05:17",42.787453,-71.10711,0.86,84.55,25.40,1
"00/15/2010 11:05:19",42.787453,-71.10714,0.90,8.38,25.40,0
"00/15/2010 11:05:20",42.787468,-71.10717,1.02,72.36,25.40,2
"00/15/2010 11:05:21",42.787468,-71.10714,1.17,116.72,25.40,4
"00/15/2010 11:05:22",42.787468,-71.10711,0.94,14.65,25.40,0
"00/15/2010 11:05:23",42.787468,-71.10709,0.94,4.19,25.40,0
"00/15/2010 11:05:24",42.787483,-71.10714,0.90,2.10,25.40,0
"00/15/2010 11:05:25",42.7875,-71.10714,0.94,10.47,25.40,3
"00/15/2010 11:05:26",42.787518,-71.107155,1.17,33.35,25.40,0
"00/15/2010 11:05:27",42.787518,-71.10714,1.29,78.46,25.40,1
"00/15/2010 11:05:28",42.787518,-71.10709,0.78,16.73,25.40,0
"00/15/2010 11:05:29",42.7875,-71.10711,1.05,20.90,25.40,0
"00/15/2010 11:05:30",42.7875,-71.10711,1.13,37.49,25.40,12
"00/15/2010 11:05:31",42.7875,-71.10714,1.17,88.59,25.40,2
"00/15/2010 11:05:33",42.7875,-71.10714,0.90,969.01,25.08,0
"00/15/2010 11:05:34",42.7875,-71.10711,0.98,982.24,25.08,0
"00/15/2010 11:05:35",42.787483,-71.10708,0.90,985.03,25.08,0
"00/15/2010 11:05:36",42.787483,-71.10706,0.94,919.91,25.08,0
"00/15/2010 11:05:37",42.7875,-71.10706,0.86,965.16,25.08,0
"00/15/2010 11:05:38",42.7875,-71.10708,1.02,588.63,25.08,0
"00/15/2010 11:05:39",42.787518,-71.10709,0.94,565.74,25.08,0
"00/15/2010 11:05:40",42.7875,-71.10709,1.02,603.66,25.08,0
"00/15/2010 11:05:41",,,0.94,1056.56,25.08,0
"00/15/2010 11:05:42",,,0.90,1058.88,25.08,2
"00/15/2010 11:05:43",42.787533,-71.10708,0.94,1059.65,25.08,1
"00/15/2010 11:05:44",,,0.98,1058.11,25.08,0
"00/15/2010 11:05:45",,,1.91,1060.42,25.08,7
"00/15/2010 11:05:47",42.787563,-71.10706,2.11,1061.95,25.08,7
"00/15/2010 11:05:48",,,1.72,1050.30,24.76,40
"00/15/2010 11:05:49",,,0.90,1057.34,24.76,1
"00/15/2010 11:05:50",,,2.27,1062.71,24.76,0
"00/15/2010 11:05:51",42.787632,-71.10706,1.68,1062.71,24.43,2
"00/15/2010 11:05:52",42.787632,-71.10708,1.56,1061.95,24.43,4
"00/15/2010 11:05:53",42.787632,-71.10705,1.84,1061.19,24.43,5
"00/15/2010 11:05:54",,,2.27,1061.19,24.11,1
"00/15/2010 11:05:55",42.787632,-71.10703,1.80,1059.65,24.11,0
"00/15/2010 11:05:56",42.787598,-71.10705,1.41,1059.65,23.79,1
"00/15/2010 11:05:57",42.787613,-71.10706,1.68,1061.19,23.79,2
"00/15/2010 11:05:58",42.787598,-71.10705,2.42,1058.11,23.79,1
"00/15/2010 11:05:59",42.787598,-71.10705,1.56,1054.23,23.47,1
"00/15/2010 11:06:01",42.787582,-71.10705,0.94,1059.65,23.47,0
"00/15/2010 11:06:02",42.787563,-71.10705,0.90,1058.88,23.47,0
"00/15/2010 11:06:03",42.787563,-71.10705,0.82,1050.30,23.47,2
"00/15/2010 11:06:04",42.787548,-71.10703,0.74,1044.72,23.14,0
"00/15/2010 11:06:05",,,2.77,1040.68,23.14,1
"00/15/2010 11:06:06",,,1.09,927.19,22.82,0
"00/15/2010 11:06:07",,,2.54,1050.30,23.14,1
"00/15/2010 11:06:08",42.787533,-71.10706,1.60,1043.92,22.82,0
"00/15/2010 11:06:09",42.787533,-71.10708,0.86,1014.65,22.82,3
"00/15/2010 11:06:10",,,0.82,1036.60,22.82,0
"00/15/2010 11:06:10",42.787563,-71.10708,2.11,1051.87,22.82,9
"00/15/2010 11:06:12",42.787563,-71.10706,2.70,1057.34,22.50,15
"00/15/2010 11:06:13",42.787548,-71.10705,1.02,1056.56,22.50,3
"00/15/2010 11:06:15",42.787548,-71.10706,1.68,1055.01,22.18,8
"00/15/2010 11:06:16",42.787548,-71.10705,1.33,1055.79,22.18,26
"00/15/2010 11:06:17",42.787548,-71.10705,0.86,1045.52,21.86,3
"00/15/2010 11:06:18",,,0.94,1056.56,21.86,2
"00/15/2010 11:06:19",,,1.13,1051.09,21.86,0
"00/15/2010 11:06:20",,,2.30,1043.11,21.53,4
"00/15/2010 11:06:21",42.787548,-71.10706,1.68,1047.12,21.53,12
"00/15/2010 11:06:22",,,1.17,1052.66,21.53,3
"00/15/2010 11:06:23",42.787548,-71.10705,2.11,1047.12,21.21,3
"00/15/2010 11:06:24",42.787548,-71.10705,1.87,1044.72,21.21,1
"00/15/2010 11:06:25",42.787563,-71.10705,0.90,1053.44,21.21,1
"00/15/2010 11:06:26",,,1.05,867.63,21.21,0
"00/15/2010 11:06:27",,,0.90,1053.44,21.21,5
"00/15/2010 11:06:29",,,1.09,1058.11,21.21,1
"00/15/2010 11:06:30",,,1.41,1058.88,21.21,14
"00/15/2010 11:06:31",42.787563,-71.10702,0.98,1058.88,21.21,2
"00/15/2010 11:06:32",42.787548,-71.107,0.94,1058.88,21.21,13
"00/15/2010 11:06:33",42.787548,-71.107,1.33,1058.11,21.21,8
"00/15/2010 11:06:34",42.787548,-71.10702,1.17,1055.79,21.21,2
"00/15/2010 11:06:35",42.787548,-71.10705,0.98,1051.87,20.89,3
"00/15/2010 11:06:36",42.787533,-71.10706,1.09,1055.79,20.89,6
"00/15/2010 11:06:37",42.787533,-71.10706,1.33,1038.24,20.89,22
"00/15/2010 11:06:38",,,0.78,1049.51,20.89,0
"00/15/2010 11:06:39",42.787533,-71.10702,0.74,255.79,20.89,0
"00/15/2010 11:06:40",42.7875,-71.10698,0.94,22.98,20.89,0
"00/15/2010 11:06:41",,,1.29,35.42,20.89,3
"00/15/2010 11:06:42",42.787483,-71.10698,0.90,218.10,20.89,2
"00/15/2010 11:06:44",42.787483,-71.10695,0.98,2.10,20.89,1
"00/15/2010 11:06:45",42.787483,-71.10698,1.21,2.10,20.89,2
"00/15/2010 11:06:46",42.7875,-71.107,1.13,2.10,20.89,6
"00/15/2010 11:06:47",42.7875,-71.107,1.05,12.56,20.89,5
"00/15/2010 11:06:48",,,1.02,12.56,20.57,0
"00/15/2010 11:06:49",42.7875,-71.10702,1.13,35.42,20.57,0
"00/15/2010 11:06:50",42.7875,-71.10702,0.98,25.06,20.89,5
"00/15/2010 11:06:51",42.7875,-71.10703,1.09,45.74,20.89,2
"00/15/2010 11:06:52",42.787483,-71.10703,0.98,168.02,20.89,0
"00/15/2010 11:06:53",,,1.02,35.42,20.89,0
"00/15/2010 11:06:54",,,1.60,25.06,20.89,0
"00/15/2010 11:06:55",42.787483,-71.10705,0.98,80.49,20.89,0
"00/15/2010 11:06:57",42.787518,-71.10702,0.78,70.33,20.89,0
"00/15/2010 11:06:58",42.787533,-71.10706,1.02,31.28,20.89,7
"00/15/2010 11:06:59",42.787548,-71.10711,0.90,45.74,20.89,0
"00/15/2010 11:07:00",42.787533,-71.10714,0.98,33.35,20.89,0
"00/15/2010 11:07:01",42.787548,-71.10717,1.25,25.06,20.89,1
"00/15/2010 11:07:02",42.787533,-71.1072,0.90,37.49,20.89,3
"00/15/2010 11:07:03",42.787548,-71.10723,1.02,47.80,20.89,6
"00/15/2010 11:07:04",42.787533,-71.107216,1.05,96.66,20.89,0
"00/15/2010 11:07:05",42.787533,-71.10723,0.82,158.25,21.21,0
"00/15/2010 11:07:06",42.787533,-71.10723,1.09,49.86,20.89,0
"00/15/2010 11:07:07",42.787518,-71.107254,0.86,70.33,21.21,0
"00/15/2010 11:07:08",42.787518,-71.10723,0.94,160.20,21.21,7
"00/15/2010 11:07:09",42.7875,-71.107254,0.86,126.68,21.21,0
"00/15/2010 11:07:11",42.7875,-71.107254,1.02,162.16,21.21,0
"00/15/2010 11:07:12",42.787483,-71.107216,1.25,104.71,21.21,0
"00/15/2010 11:07:13",42.787483,-71.107216,0.90,92.63,21.21,0
"00/15/2010 11:07:14",42.787468,-71.10723,0.98,98.68,21.21,0
"00/15/2010 11:07:15",42.787483,-71.107216,0.98,108.72,21.21,2
"00/15/2010 11:07:16",42.787483,-71.1072,0.94,134.61,21.21,0
"00/15/2010 11:07:17",42.787483,-71.107185,1.02,261.39,21.53,0
"00/15/2010 11:07:18",42.787483,-71.1072,1.41,355.75,21.53,0
"00/15/2010 11:07:19",42.787483,-71.107185,1.37,191.28,21.53,0
"00/15/2010 11:07:20",,,1.02,78.46,21.53,0
"00/15/2010 11:07:21",,,0.98,130.65,21.53,0
"00/15/2010 11:07:22",42.787483,-71.10717,0.59,132.63,21.53,0
"00/15/2010 11:07:23",42.7875,-71.10714,0.74,175.80,21.53,0
"00/15/2010 11:07:25",42.787483,-71.10709,0.94,210.47,21.53,0
"00/15/2010 11:07:26",42.787468,-71.10705,1.13,146.46,21.53,3
"00/15/2010 11:07:27",42.787453,-71.10703,0.86,98.68,21.53,0
"00/15/2010 11:07:28",,,0.82,152.36,21.53,0
"00/15/2010 11:07:29",,,0.70,221.90,21.53,0
"00/15/2010 11:07:30",,,1.41,244.56,21.53,0
"00/15/2010 11:07:31",,,1.13,334.40,21.53,0
"00/15/2010 11:07:32",,,0.94,255.79,21.86,4
"00/15/2010 11:07:33",42.787468,-71.10706,1.21,100.69,21.53,31
"00/15/2010 11:07:34",,,0.62,76.43,21.86,42
"00/15/2010 11:07:34",,,0.94,56.02,21.53,40
"00/15/2010 11:07:36",42.787483,-71.107185,0.98,29.21,21.86,41
"00/15/2010 11:07:37",42.787468,-71.107185,0.86,33.35,21.86,41
"00/15/2010 11:07:39",42.7875,-71.107185,1.05,120.71,21.86,17
"00/15/2010 11:07:40",,,1.13,272.52,21.86,0
"00/15/2010 11:07:41",,,1.29,235.15,21.86,2
"00/15/2010 11:07:42",,,1.41,171.91,21.86,1
"00/15/2010 11:07:43",,,0.82,138.57,21.86,0
"00/15/2010 11:07:44",42.787533,-71.107216,0.82,37.49,21.86,0
"00/15/2010 11:07:45",42.787483,-71.10723,0.94,56.02,21.86,0
"00/15/2010 11:07:46",,,0.90,76.43,21.86,0
"00/15/2010 11:07:47",42.787483,-71.1072,0.86,41.62,21.86,0
"00/15/2010 11:07:48",42.7875,-71.10723,0.94,68.29,21.86,1
"00/15/2010 11:07:49",42.787518,-71.10723,0.82,94.65,21.86,0
"00/15/2010 11:07:50",42.787518,-71.107254,0.94,12.56,21.86,11
"00/15/2010 11:07:51",,,1.21,14.65,21.86,0
"00/15/2010 11:07:53",,,1.09,12.56,22.18,0
"00/15/2010 11:07:54",,,1.45,10.47,22.18,0
"00/15/2010 11:07:55",,,1.05,10.47,22.18,0
"00/15/2010 11:07:56",,,0.86,12.56,22.18,4
"00/15/2010 11:07:57",,,1.17,66.25,22.18,0
"00/15/2010 11:07:58",42.787518,-71.107155,0.90,51.91,22.18,0
"00/15/2010 11:07:59",42.787518,-71.10717,1.02,53.97,22.18,0
"00/15/2010 11:08:00",42.7875,-71.10714,1.45,33.35,22.18,0
"00/15/2010 11:08:01",42.787483,-71.10714,1.05,18.82,22.18,0
"00/15/2010 11:08:02",42.787483,-71.10714,0.78,58.07,22.18,9
"00/15/2010 11:08:03",42.787468,-71.10711,0.82,18.82,22.18,0
"00/15/2010 11:08:04",42.787468,-71.10711,0.94,64.20,22.18,0
"00/15/2010 11:08:05",42.787453,-71.10711,1.29,70.33,22.18,18
"00/15/2010 11:08:07",42.787453,-71.10708,0.74,62.16,22.18,0
"00/15/2010 11:08:08",42.787434,-71.10706,0.90,35.42,22.18,0
"00/15/2010 11:08:09",42.787434,-71.10706,1.45,51.91,22.18,6
"00/15/2010 11:08:10",42.787434,-71.10706,1.56,18.82,22.18,2
"00/15/2010 11:08:11",42.787453,-71.10708,1.52,41.62,22.18,1
"00/15/2010 11:08:12",42.787468,-71.10709,0.98,58.07,21.86,0
"00/15/2010 11:08:13",42.787483,-71.10709,1.25,14.65,21.86,0
"00/15/2010 11:08:14",42.7875,-71.10714,1.48,18.82,21.86,1
"00/15/2010 11:08:15",42.787483,-71.107185,1.33,18.82,21.86,3
"00/15/2010 11:08:16",42.787453,-71.1072,1.41,8.38,21.86,0
"00/15/2010 11:08:17",42.787434,-71.107185,1.13,8.38,21.86,2
"00/15/2010 11:08:18",42.787434,-71.107155,0.98,6.29,21.86,0
"00/15/2010 11:08:19",42.78742,-71.107155,0.98,2.10,21.86,0
"00/15/2010 11:08:20",42.787434,-71.10717,0.90,4.19,21.86,2
"00/15/2010 11:08:22",,,0.94,10.47,21.86,0
"00/15/2010 11:08:23",42.787434,-71.1072,1.29,25.06,21.86,0
"00/15/2010 11:08:24",42.787434,-71.1072,0.94,12.56,21.86,0
"00/15/2010 11:08:25",42.787434,-71.10717,1.21,4.19,21.86,25
"00/15/2010 11:08:26",42.78742,-71.10717,0.82,12.56,21.86,0
"00/15/2010 11:08:27",42.787434,-71.107155,1.13,64.20,21.86,0
"00/15/2010 11:08:28",42.787434,-71.107155,0.98,16.73,21.86,0
"00/15/2010 11:08:29",42.787434,-71.10714,1.05,80.49,21.86,0
"00/15/2010 11:08:30",42.787434,-71.10714,0.82,58.07,21.86,0
"00/15/2010 11:08:31",42.787434,-71.10708,0.98,16.73,21.86,5
"00/15/2010 11:08:32",42.787434,-71.10705,1.17,98.68,21.86,16
"00/15/2010 11:08:33",42.78742,-71.10705,1.17,78.46,21.86,0
"00/15/2010 11:08:35",,,0.94,2.10,21.86,0
"00/15/2010 11:08:36",,,0.90,8.38,21.86,0
"00/15/2010 11:08:37",,,0.94,39.56,21.86,0
"00/15/2010 11:08:38",42.787388,-71.107,0.94,148.43,21.86,0
"00/15/2010 11:08:39",42.78737,-71.107,0.98,51.91,21.86,0
"00/15/2010 11:08:40",42.787388,-71.107,0.98,18.82,21.86,0
"00/15/2010 11:08:41",42.787388,-71.107,0.90,29.21,21.86,0
"00/15/2010 11:08:42",42.787403,-71.10698,1.05,114.72,21.86,0
"00/15/2010 11:08:43",42.787388,-71.10695,0.86,31.28,21.86,0
"00/15/2010 11:08:44",42.78737,-71.10693,0.82,29.21,21.86,0
"00/15/2010 11:08:45",42.787354,-71.106964,0.90,108.72,21.86,0
"00/15/2010 11:08:46",42.78734,-71.106964,0.94,45.74,21.86,0
"00/15/2010 11:08:47",42.78734,-71.10698,1.02,20.90,21.86,0
"00/15/2010 11:08:49",42.787296,-71.10695,1.33,68.29,21.86,0
"00/15/2010 11:08:50",42.787296,-71.10695,0.90,43.68,21.86,0
"00/15/2010 11:08:51",,,0.98,18.82,21.86,3
"00/15/2010 11:08:52",42.787266,-71.10695,0.82,18.82,21.86,0
"00/15/2010 11:08:53",42.787266,-71.10695,0.82,12.56,21.86,0
"00/15/2010 11:08:54",42.787266,-71.106964,0.70,33.35,21.86,0
"00/15/2010 11:08:55",42.787266,-71.10693,0.82,10.47,21.86,0
"00/15/2010 11:08:56",42.787247,-71.10692,1.13,20.90,21.86,0
"00/15/2010 11:08:57",42.787247,-71.10693,2.11,22.98,21.86,5
"00/15/2010 11:08:58",42.787247,-71.10692,0.74,114.72,21.86,1
"00/15/2010 11:08:59",42.78723,-71.1069,1.02,33.35,21.86,1
"00/15/2010 11:09:00",42.787216,-71.1069,0.62,2.10,21.86,0
"00/15/2010 11:09:02",42.787216,-71.10695,1.76,0.00,21.86,0
"00/15/2010 11:09:03",42.787197,-71.10698,0.70,22.98,21.86,0
"00/15/2010 11:09:04",42.78718,-71.10703,1.09,33.35,21.86,0
"00/15/2010 11:09:05",,,1.09,20.90,21.86,0
"00/15/2010 11:09:06",42.78715,-71.107155,0.74,16.73,21.86,0
"00/15/2010 11:09:07",42.787117,-71.107155,1.21,16.73,21.86,0
"00/15/2010 11:09:08",42.787117,-71.107155,1.13,31.28,21.86,0
"00/15/2010 11:09:09",42.7871,-71.10711,1.21,27.13,21.86,0
"00/15/2010 11:09:10",42.787086,-71.10708,0.98,22.98,21.86,8
"00/15/2010 11:09:11",,,0.78,31.28,21.86,10
"00/15/2010 11:09:11",42.787067,-71.10708,1.72,20.90,21.86,9
"00/15/2010 11:09:13",42.787067,-71.10708,1.17,88.59,21.86,6
"00/15/2010 11:09:14",42.787086,-71.10711,1.02,78.46,21.86,0
"00/15/2010 11:09:16",42.787086,-71.10714,0.98,31.28,21.86,1
"00/15/2010 11:09:17",42.787067,-71.10709,1.05,49.86,21.86,3
"00/15/2010 11:09:18",42.787052,-71.10711,1.05,53.97,21.86,0
"00/15/2010 11:09:19",42.787037,-71.10711,0.86,31.28,21.86,0
"00/15/2010 11:09:20",42.787052,-71.10711,1.17,130.65,21.86,11
"00/15/2010 11:09:21",42.787052,-71.10709,0.82,162.16,21.86,1
"00/15/2010 11:09:22",42.787052,-71.10709,0.98,25.06,21.86,1
"00/15/2010 11:09:23",42.787067,-71.10711,1.13,16.73,21.86,16
"00/15/2010 11:09:24",42.787067,-71.10714,1.13,10.47,21.86,4
"00/15/2010 11:09:25",42.787067,-71.10714,0.94,16.73,21.86,3
"00/15/2010 11:09:26",42.787067,-71.10711,1.02,22.98,21.86,0
"00/15/2010 11:09:27",42.7871,-71.10711,1.13,27.13,21.86,0
"00/15/2010 11:09:28",42.787086,-71.10709,0.82,29.21,21.86,0
"00/15/2010 11:09:29",42.787086,-71.10705,1.02,25.06,22.18,0
"00/15/2010 11:09:31",42.787086,-71.10703,0.94,20.90,21.86,1
"00/15/2010 11:09:32",42.7871,-71.10702,1.02,10.47,21.86,8
"00/15/2010 11:09:33",42.7871,-71.10702,0.98,2.10,22.18,0
"00/15/2010 11:09:34",42.787117,-71.107,1.05,2.10,22.18,26
"00/15/2010 11:09:35",42.787132,-71.10702,1.13,2.10,22.18,1
"00/15/2010 11:09:36",42.787132,-71.107,1.33,10.47,21.86,5
"00/15/2010 11:09:37",42.787117,-71.107,1.37,62.16,22.18,0
"00/15/2010 11:09:38",42.787132,-71.10703,1.05,31.28,21.86,3
"00/15/2010 11:09:39",42.78715,-71.10705,0.78,45.74,21.86,0
"00/15/2010 11:09:40",42.78715,-71.10705,0.78,60.11,21.86,14
"00/15/2010 11:09:41",42.78715,-71.10705,0.94,25.06,22.18,17
"00/15/2010 11:09:42",42.78715,-71.10702,0.98,86.57,22.18,0
"00/15/2010 11:09:43",42.787167,-71.10702,0.78,12.56,22.18,1
"00/15/2010 11:09:45",42.78718,-71.10702,0.74,6.29,22.18,0
"00/15/2010 11:09:46",42.787197,-71.10702,0.98,20.90,22.18,0
"00/15/2010 11:09:47",42.787216,-71.107,1.21,70.33,22.18,0
"00/15/2010 11:09:48",42.787197,-71.107,1.41,108.72,21.86,4
"00/15/2010 11:09:49",42.787216,-71.107,0.86,8.38,21.86,0
"00/15/2010 11:09:50",42.78723,-71.10703,0.90,4.19,21.86,0
"00/15/2010 11:09:51",42.78723,-71.10705,1.02,14.65,21.86,3
"00/15/2010 11:09:52",42.78723,-71.10705,0.94,25.06,22.18,6
"00/15/2010 11:09:53",42.787247,-71.10705,0.94,27.13,22.18,12
"00/15/2010 11:09:54",42.787247,-71.10705,1.05,29.21,22.18,0
"00/15/2010 11:09:55",,,0.94,27.13,22.18,13
"00/15/2010 11:09:56",42.78723,-71.107,0.98,33.35,22.18,0
"00/15/2010 11:09:58",42.78723,-71.107,0.98,18.82,22.18,0
"00/15/2010 11:09:59",42.78723,-71.107,1.05,33.35,22.18,0
"00/15/2010 11:10:00",42.787247,-71.10702,0.94,70.33,22.18,0
"00/15/2010 11:10:01",42.787247,-71.10705,0.98,122.70,22.18,0
"00/15/2010 11:10:02",42.787247,-71.10708,0.94,98.68,22.18,24
"00/15/2010 11:10:03",42.787247,-71.10709,1.13,8.38,22.18,13
"00/15/2010 11:10:04",42.787247,-71.10709,1.02,20.90,22.18,5
"00/15/2010 11:10:05",42.787266,-71.10711,0.98,22.98,22.18,0
"00/15/2010 11:10:06",42.787266,-71.107155,1.02,14.65,22.18,0
"00/15/2010 11:10:07",42.787266,-71.10717,1.02,27.13,22.18,2
"00/15/2010 11:10:08",42.787247,-71.10717,0.98,31.28,22.18,0
"00/15/2010 11:10:09",,,0.94,31.28,22.18,0
"00/15/2010 11:10:10",42.78728,-71.107155,0.94,27.13,22.18,0
"00/15/2010 11:10:12",42.78728,-71.107155,0.94,29.21,22.18,5
"00/15/2010 11:10:13",42.787266,-71.107155,1.09,41.62,22.18,0
"00/15/2010 11:10:14",42.787266,-71.107155,0.98,45.74,22.18,0
"00/15/2010 11:10:15",42.787247,-71.10717,1.05,39.56,22.18,0
"00/15/2010 11:10:16",42.787247,-71.107185,1.09,41.62,22.18,0
"00/15/2010 11:10:17",42.787247,-71.107185,0.94,12.56,22.18,0
"00/15/2010 11:10:18",42.787266,-71.107185,0.78,18.82,22.18,1
"00/15/2010 11:10:19",42.78728,-71.107185,1.21,22.98,22.18,0
"00/15/2010 11:10:20",42.78728,-71.107216,1.13,14.65,22.18,0
"00/15/2010 11:10:21",42.78728,-71.107216,1.13,68.29,22.18,0
"00/15/2010 11:10:22",42.787296,-71.107216,0.98,72.36,22.18,0
"00/15/2010 11:10:23",,,1.02,74.40,22.18,2
"00/15/2010 11:10:24",,,1.05,66.25,22.18,0
"00/15/2010 11:10:26",42.78731,-71.107254,1.09,56.02,22.18,0
"00/15/2010 11:10:27",42.78731,-71.107254,0.98,64.20,22.18,0
"00/15/2010 11:10:28",42.78734,-71.107216,0.98,70.33,22.18,0
"00/15/2010 11:10:29",,,1.05,45.74,22.18,0
"00/15/2010 11:10:30",42.78734,-71.107185,1.09,56.02,22.18,0
"00/15/2010 11:10:31",42.78734,-71.107216,1.05,214.29,22.18,2
"00/15/2010 11:10:32",42.78731,-71.1072,1.02,120.71,22.18,6
"00/15/2010 11:10:33",42.787296,-71.10717,0.98,132.63,22.18,1
"00/15/2010 11:10:34",42.787296,-71.10714,0.98,144.49,22.50,0
"00/15/2010 11:10:35",42.78728,-71.10709,1.02,116.72,22.18,0
"00/15/2010 11:10:36",42.78728,-71.10705,0.98,197.06,22.50,1
"00/15/2010 11:10:37",42.787266,-71.10705,0.94,134.61,22.18,0
"00/15/2010 11:10:38",42.787266,-71.10705,0.98,197.06,22.18,0
"00/15/2010 11:10:40",42.787266,-71.10705,0.98,106.71,22.50,10
"00/15/2010 11:10:41",42.787266,-71.10705,1.02,166.07,22.18,22
"00/15/2010 11:10:42",42.787266,-71.10702,0.98,108.72,22.50,0
"00/15/2010 11:10:43",42.787266,-71.10702,0.98,100.69,22.50,0
"00/15/2010 11:10:44",42.787247,-71.107,0.98,90.61,22.18,0
"00/15/2010 11:10:45",42.787247,-71.107,1.13,136.59,22.50,8
"00/15/2010 11:10:46",42.787247,-71.10698,1.48,27.13,22.50,1
"00/15/2010 11:10:47",42.787247,-71.106964,1.33,120.71,22.50,2
"00/15/2010 11:10:48",42.787247,-71.106964,1.45,33.35,22.50,0
"00/15/2010 11:10:49",,,1.91,22.98,22.50,3
"00/15/2010 11:10:49",42.787266,-71.10692,1.48,116.72,22.18,7
"00/15/2010 11:10:51",,,0.59,62.16,22.18,18
"00/15/2010 11:10:52",42.787247,-71.10692,1.09,94.65,22.50,8
"00/15/2010 11:10:54",42.787247,-71.1069,1.37,25.06,22.50,0
"00/15/2010 11:10:55",42.787247,-71.10692,1.87,22.98,22.50,26
"00/15/2010 11:10:56",42.78723,-71.10692,1.25,33.35,22.50,0
"00/15/2010 11:10:57",42.78723,-71.10693,0.86,14.65,22.50,25
"00/15/2010 11:10:58",42.787247,-71.1069,0.86,18.82,22.50,4
"00/15/2010 11:10:59",42.787266,-71.10689,0.94,20.90,22.50,0
"00/15/2010 11:11:00",42.787247,-71.106865,1.21,22.98,22.50,0
"00/15/2010 11:11:01",42.787266,-71.10689,0.74,208.56,22.50,0
"00/15/2010 11:11:02",42.78723,-71.10689,1.17,10.47,22.50,0
"00/15/2010 11:11:03",42.78723,-71.10689,1.02,8.38,22.50,20
"00/15/2010 11:11:04",42.787216,-71.1069,0.74,18.82,22.50,0
"00/15/2010 11:11:05",42.787216,-71.10692,0.98,12.56,22.50,7
"00/15/2010 11:11:06",42.787197,-71.1069,0.74,12.56,22.18,0
"00/15/2010 11:11:08",42.787167,-71.1069,1.13,43.68,22.50,0
"00/15/2010 11:11:09",42.78715,-71.10689,1.05,82.52,22.50,0
"00/15/2010 11:11:10",42.787132,-71.106865,0.90,110.72,22.50,0
"00/15/2010 11:11:11",42.787132,-71.106865,0.98,276.22,22.50,0
"00/15/2010 11:11:12",42.787132,-71.106865,1.02,539.31,22.50,0
"00/15/2010 11:11:13",42.787132,-71.106865,1.05,639.00,22.18,0
"00/15/2010 11:11:14",42.787117,-71.106865,0.86,1030.81,22.50,0
"00/15/2010 11:11:15",42.787117,-71.106865,0.78,238.92,22.18,0
"00/15/2010 11:11:16",42.787117,-71.10685,0.94,266.96,22.50,0
"00/15/2010 11:11:17",,,1.13,301.90,22.50,0
"00/15/2010 11:11:17",42.7871,-71.106865,0.82,770.00,22.18,5
"00/15/2010 11:11:19",42.787117,-71.10689,0.90,1045.52,22.18,0
"00/15/2010 11:11:20",42.787117,-71.10689,0.90,1043.11,22.18,0
"00/15/2010 11:11:22",,,0.90,1043.92,22.50,0
"00/15/2010 11:11:23",,,0.90,1038.24,22.18,0
"00/15/2010 11:11:24",42.7871,-71.106865,0.94,1034.95,22.50,1
"00/15/2010 11:11:25",42.7871,-71.10685,0.90,1022.38,22.50,3
"00/15/2010 11:11:26",42.7871,-71.106834,0.94,1034.95,22.50,0
"00/15/2010 11:11:27",,,0.90,1034.13,22.50,8
"00/15/2010 11:11:28",42.787086,-71.10689,0.94,1044.72,22.50,1
"00/15/2010 11:11:29",42.787086,-71.1069,0.94,1045.52,22.50,0
"00/15/2010 11:11:30",42.787067,-71.10692,0.74,755.83,22.50,8
"00/15/2010 11:11:31",,,1.02,166.07,22.50,0
"00/15/2010 11:11:32",,,0.90,292.77,22.50,0
"00/15/2010 11:11:33",,,1.13,68.29,22.50,20
"00/15/2010 11:11:35",42.787086,-71.10692,0.86,70.33,22.50,4
"00/15/2010 11:11:36",42.787067,-71.106964,1.02,43.68,22.50,0
"00/15/2010 11:11:37",42.7871,-71.10695,0.94,22.98,22.18,0
"00/15/2010 11:11:38",42.787117,-71.106964,1.05,47.80,22.18,0
"00/15/2010 11:11:39",42.787132,-71.107,1.09,27.13,22.18,5
"00/15/2010 11:11:40",42.78715,-71.10702,0.66,10.47,22.50,0
"00/15/2010 11:11:41",42.787167,-71.107,1.05,0.00,22.50,0
"00/15/2010 11:11:42",42.78715,-71.107,1.05,8.38,22.18,0
"00/15/2010 11:11:43",42.787167,-71.10702,1.13,18.82,22.50,0
"00/15/2010 11:11:44",42.787167,-71.10705,0.82,51.91,22.50,1
"00/15/2010 11:11:45",42.787197,-71.10706,0.98,33.35,22.18,31
"00/15/2010 11:11:46",42.787216,-71.10714,1.05,20.90,22.50,4
"00/15/2010 11:11:47",42.78723,-71.107185,1.09,6.29,22.50,0
"00/15/2010 11:11:49",42.78723,-71.107216,0.86,12.56,22.50,0
"00/15/2010 11:11:50",42.78723,-71.107216,0.90,14.65,22.50,0
"00/15/2010 11:11:51",42.787247,-71.10723,2.46,16.73,22.18,7
"00/15/2010 11:11:52",42.787247,-71.10723,1.02,10.47,22.50,3
"00/15/2010 11:11:53",42.78723,-71.10723,1.29,22.98,22.50,0
"00/15/2010 11:11:54",42.787247,-71.107216,0.90,39.56,22.18,0
"00/15/2010 11:11:55",42.787247,-71.1072,0.90,12.56,22.50,0
"00/15/2010 11:11:56",42.787266,-71.1072,1.48,29.21,22.18,2
"00/15/2010 11:11:57",42.787266,-71.107185,0.86,4.19,22.50,0
"00/15/2010 11:11:58",42.78728,-71.107216,0.98,4.19,22.18,21
"00/15/2010 11:11:59",42.78728,-71.10717,1.02,12.56,22.50,0
"00/15/2010 11:12:00",42.78728,-71.10717,0.90,134.61,22.50,0
"00/15/2010 11:12:01",42.78728,-71.10717,0.51,25.06,22.18,0
"00/15/2010 11:12:03",42.78728,-71.107185,1.25,20.90,22.18,1
"00/15/2010 11:12:04",42.787296,-71.107185,1.09,8.38,22.18,4
"00/15/2010 11:12:05",42.787296,-71.1072,1.09,4.19,22.18,0
"00/15/2010 11:12:06",42.78731,-71.107216,1.21,8.38,22.18,0
"00/15/2010 11:12:07",42.78731,-71.10723,0.90,8.38,22.18,1
"00/15/2010 11:12:08",42.787296,-71.107254,1.29,14.65,22.18,2
"00/15/2010 11:12:09",42.78731,-71.107285,1.02,240.80,22.18,4
"00/15/2010 11:12:10",42.78734,-71.107285,0.94,60.11,22.18,0
"00/15/2010 11:12:11",42.787354,-71.1073,0.90,82.52,22.18,0
"00/15/2010 11:12:12",42.78737,-71.107285,0.94,49.86,22.18,0
"00/15/2010 11:12:13",42.78737,-71.107216,0.86,35.42,22.18,0
"00/15/2010 11:12:14",42.787388,-71.107216,0.94,92.63,22.18,0
"00/15/2010 11:12:15",42.78737,-71.107216,1.09,31.28,22.18,0
"00/15/2010 11:12:17",42.78737,-71.107216,0.90,18.82,22.18,0
"00/15/2010 11:12:18",42.78737,-71.1072,1.09,22.98,22.18,0
"00/15/2010 11:12:19",42.78737,-71.1072,1.17,0.00,22.18,0
"00/15/2010 11:12:20",,,1.09,0.00,22.18,0
"00/15/2010 11:12:21",42.78737,-71.1072,1.13,0.00,22.18,0
"00/15/2010 11:12:22",,,1.09,0.00,22.18,0
"00/15/2010 11:12:23",,,1.05,0.00,22.18,0
"00/15/2010 11:12:24",42.787403,-71.107216,1.05,4.19,22.18,0
"00/15/2010 11:12:25",42.787388,-71.107216,0.98,22.98,22.18,0
"00/15/2010 11:12:26",42.787434,-71.107185,1.29,16.73,22.18,0
"00/15/2010 11:12:27",42.787453,-71.107185,0.86,8.38,22.18,0
"00/15/2010 11:12:28",42.787468,-71.1072,1.02,84.55,22.18,0
"00/15/2010 11:12:29",42.787483,-71.107216,1.13,6.29,22.18,0
"00/15/2010 11:12:31",42.787483,-71.107216,1.41,10.47,22.18,0
"00/15/2010 11:12:32",42.7875,-71.1072,1.13,0.00,22.18,0
"00/15/2010 11:12:33",42.7875,-71.1072,0.86,4.19,22.18,0
"00/15/2010 11:12:34",42.787518,-71.1072,1.05,8.38,22.18,0
"00/15/2010 11:12:35",42.787518,-71.107155,1.02,53.97,22.18,3
"00/15/2010 11:12:36",42.787518,-71.107155,0.86,47.80,22.18,0
"00/15/2010 11:12:37",42.787518,-71.10714,1.05,173.86,22.18,4
"00/15/2010 11:12:38",42.787518,-71.10711,1.05,285.43,22.18,0
"00/15/2010 11:12:39",42.787518,-71.10709,0.94,334.40,22.18,0
"00/15/2010 11:12:40",,,1.02,375.08,22.18,8
"00/15/2010 11:12:41",,,1.13,674.71,21.86,9
"00/15/2010 11:12:42",42.787533,-71.10709,0.94,574.94,21.86,2
"00/15/2010 11:12:44",42.787533,-71.10708,0.86,853.91,21.53,0
"00/15/2010 11:12:45",42.787548,-71.10706,1.09,1038.24,21.53,3
"00/15/2010 11:12:46",42.787563,-71.10705,0.82,1038.24,21.21,0
"00/15/2010 11:12:47",42.787563,-71.10703,0.98,1051.09,21.21,3
"00/15/2010 11:12:48",42.787563,-71.10702,0.98,1038.24,21.21,0
"00/15/2010 11:12:49",,,0.98,1048.71,21.21,0
"00/15/2010 11:12:50",,,0.98,1051.09,21.21,0
"00/15/2010 11:12:51",,,0.98,1051.09,20.89,0
"00/15/2010 11:12:52",,,1.13,1042.30,20.89,9
"00/15/2010 11:12:53",,,0.98,1050.30,20.89,0
"00/15/2010 11:12:54",42.787548,-71.10692,0.90,1048.71,20.89,6
"00/15/2010 11:12:55",42.787533,-71.10695,0.98,1047.92,20.89,0
"00/15/2010 11:12:56",42.787582,-71.106964,0.98,1047.92,20.89,0
"00/15/2010 11:12:58",42.787582,-71.10698,0.98,1047.12,20.89,6
"00/15/2010 11:12:59",42.787613,-71.10698,1.13,1043.11,20.89,0
"00/15/2010 11:13:00",42.787632,-71.10702,0.98,1042.30,20.57,0
"00/15/2010 11:13:01",42.787613,-71.10703,0.98,1034.95,20.57,0
"00/15/2010 11:13:02",42.787613,-71.10703,0.94,1001.43,20.57,0
"00/15/2010 11:13:03",42.787632,-71.10705,0.94,881.09,20.57,0
"00/15/2010 11:13:04",42.787613,-71.10703,0.90,856.22,20.57,0
"00/15/2010 11:13:05",42.787598,-71.10702,1.33,687.29,20.57,3
"00/15/2010 11:13:06",,,0.90,413.10,20.24,0
"00/15/2010 11:13:07",42.787563,-71.10698,0.82,531.44,20.24,0
"00/15/2010 11:13:08",42.787563,-71.10698,1.25,513.97,20.24,0
"00/15/2010 11:13:09",42.787582,-71.106964,1.05,371.58,20.24,5
"00/15/2010 11:13:11",,,1.02,281.75,19.92,0
"00/15/2010 11:13:12",,,0.82,593.15,19.92,11
"00/15/2010 11:13:13",,,0.90,261.39,19.92,0
"00/15/2010 11:13:14",42.787548,-71.10692,1.02,248.31,19.92,5
"00/15/2010 11:13:15",42.787533,-71.10695,0.94,332.61,19.92,2
"00/15/2010 11:13:16",42.787533,-71.10698,0.90,430.10,19.92,0
"00/15/2010 11:13:17",42.787518,-71.10703,1.02,389.01,19.92,0
"00/15/2010 11:13:18",42.787518,-71.10705,1.05,218.10,19.92,1
"00/15/2010 11:13:19",42.787518,-71.10705,1.25,140.55,19.92,0
"00/15/2010 11:13:20",42.787518,-71.10708,0.98,310.99,19.60,0
"00/15/2010 11:13:21",42.787518,-71.10709,0.90,502.73,19.60,0
"00/15/2010 11:13:22",42.787533,-71.10709,0.86,148.43,19.60,11
"00/15/2010 11:13:24",42.787533,-71.10711,1.02,6.29,19.60,1
"00/15/2010 11:13:25",42.787533,-71.10717,0.90,8.38,19.28,1
"00/15/2010 11:13:26",42.787533,-71.107216,0.90,25.06,19.60,0
"00/15/2010 11:13:27",42.787548,-71.1073,0.78,20.90,19.28,8
"00/15/2010 11:13:28",,,0.86,49.86,19.28,0
"00/15/2010 11:13:29",42.787548,-71.107315,0.82,102.70,19.28,0
"00/15/2010 11:13:30",42.787548,-71.1073,0.94,33.35,19.28,4
"00/15/2010 11:13:31",42.787548,-71.1073,0.86,29.21,19.28,0
"00/15/2010 11:13:32",42.787582,-71.107346,0.86,16.73,19.28,0
"00/15/2010 11:13:33",42.787582,-71.1073,0.94,25.06,19.28,0
"00/15/2010 11:13:34",42.787563,-71.10727,0.98,20.90,19.28,0
"00/15/2010 11:13:35",42.787563,-71.1073,0.90,8.38,19.28,0
"00/15/2010 11:13:36",42.787548,-71.107285,0.98,6.29,19.28,0
"00/15/2010 11:13:38",,,0.90,6.29,19.28,0
"00/15/2010 11:13:39",,,0.98,4.19,19.28,0
"00/15/2010 11:13:40",42.787563,-71.107346,1.37,0.00,19.28,5
"00/15/2010 11:13:41",42.787563,-71.10733,0.90,6.29,19.28,6
"00/15/2010 11:13:42",42.787548,-71.107315,0.66,16.73,18.96,11
"00/15/2010 11:13:43",42.787533,-71.10727,0.90,18.82,18.96,18
"00/15/2010 11:13:44",42.787518,-71.107254,1.21,6.29,18.96,2
"00/15/2010 11:13:45",42.787518,-71.107216,0.98,10.47,18.96,1
"00/15/2010 11:13:46",42.787518,-71.107216,1.17,8.38,18.96,0
"00/15/2010 11:13:47",,,0.90,4.19,18.96,0
"00/15/2010 11:13:48",42.787453,-71.107216,1.37,2.10,18.96,5
"00/15/2010 11:13:49",42.787453,-71.10723,1.21,6.29,18.96,0
"00/15/2010 11:13:50",42.787453,-71.107254,1.09,6.29,18.96,0
"00/15/2010 11:13:52",,,1.02,8.38,18.96,0
"00/15/2010 11:13:53",42.787434,-71.107216,0.98,8.38,18.96,0
"00/15/2010 11:13:54",42.78742,-71.107185,0.86,29.21,18.96,0
"00/15/2010 11:13:55",42.787403,-71.107185,1.02,35.42,18.96,0
"00/15/2010 11:13:56",42.78737,-71.10711,0.94,47.80,18.96,0
"00/15/2010 11:13:57",42.787354,-71.10706,0.98,45.74,18.96,0
"00/15/2010 11:13:58",42.78734,-71.10705,1.02,45.74,18.96,0
"00/15/2010 11:13:59",42.78731,-71.10705,1.09,18.82,18.96,0
"00/15/2010 11:14:00",42.78731,-71.10705,0.98,22.98,18.96,1
"00/15/2010 11:14:01",42.78734,-71.10708,1.02,29.21,18.96,0
"00/15/2010 11:14:02",42.78734,-71.10711,0.98,35.42,18.96,0
"00/15/2010 11:14:03",42.78734,-71.10711,1.76,268.82,18.96,12
"00/15/2010 11:14:04",42.787354,-71.10714,1.64,20.90,18.96,0
"00/15/2010 11:14:06",42.78734,-71.10714,0.82,6.29,18.96,0
"00/15/2010 11:14:07",42.78734,-71.107155,1.02,0.00,18.96,0
"00/15/2010 11:14:08",42.787354,-71.107185,2.07,6.29,18.96,12
"00/15/2010 11:14:09",42.78734,-71.1072,0.86,12.56,18.96,0
"00/15/2010 11:14:10",42.78734,-71.107216,0.90,51.91,18.96,0
"00/15/2010 11:14:11",42.78734,-71.107185,0.78,49.86,18.63,0
"00/15/2010 11:14:12",42.78734,-71.10714,1.41,31.28,18.96,8
"00/15/2010 11:14:13",42.78734,-71.10711,1.02,27.13,18.63,0
"00/15/2010 11:14:14",42.78734,-71.10706,0.94,12.56,18.96,0
"00/15/2010 11:14:15",42.78731,-71.10705,0.94,27.13,18.96,0
"00/15/2010 11:14:16",,,1.17,90.61,18.96,0
"00/15/2010 11:14:17",,,0.94,156.29,18.96,0
"00/15/2010 11:14:18",42.78737,-71.10693,0.90,122.70,18.96,0
"00/15/2010 11:14:20",42.787388,-71.10692,1.05,106.71,18.96,0
"00/15/2010 11:14:21",42.78742,-71.1069,1.09,51.91,18.96,4
"00/15/2010 11:14:22",42.787403,-71.10692,0.90,100.69,18.96,3
"00/15/2010 11:14:23",42.787388,-71.10692,1.05,37.49,18.96,5
"00/15/2010 11:14:24",42.78737,-71.10692,0.98,29.21,18.96,1
"00/15/2010 11:14:25",42.787354,-71.10693,0.94,31.28,18.96,0
"00/15/2010 11:14:26",42.787354,-71.10693,0.98,33.35,18.96,0
"00/15/2010 11:14:27",42.78734,-71.10693,1.41,18.82,18.96,0
"00/15/2010 11:14:28",42.78734,-71.10692,1.09,16.73,18.96,0
"00/15/2010 11:14:29",42.787354,-71.10693,0.94,22.98,18.96,4
"00/15/2010 11:14:30",42.78734,-71.10692,0.98,51.91,18.96,0
"00/15/2010 11:14:31",42.78734,-71.10692,0.90,47.80,18.96,0
"00/15/2010 11:14:32",42.78734,-71.106865,0.90,60.11,18.96,0
"00/15/2010 11:14:34",,,0.98,70.33,18.96,1
"00/15/2010 11:14:35",,,0.86,80.49,18.96,0
"00/15/2010 11:14:36",42.78734,-71.106804,0.82,41.62,19.28,6
"00/15/2010 11:14:37",,,1.02,108.72,18.96,12
"00/15/2010 11:14:38",,,0.94,171.91,18.96,21
"00/15/2010 11:14:39",42.787354,-71.106766,0.39,301.90,19.28,41
"00/15/2010 11:14:40",42.78737,-71.10682,0.90,325.43,19.28,14
"00/15/2010 11:14:41",42.78737,-71.10682,0.98,330.82,19.28,8
"00/15/2010 11:14:42",42.787354,-71.10682,1.05,90.61,19.28,14
"00/15/2010 11:14:43",,,0.82,16.73,19.28,0
"00/15/2010 11:14:44",,,0.86,303.72,19.28,7
"00/15/2010 11:14:45",,,0.98,330.82,19.28,0
"00/15/2010 11:14:47",42.78734,-71.10692,0.86,166.07,19.28,0
"00/15/2010 11:14:48",42.787296,-71.10695,0.86,197.06,19.28,0
"00/15/2010 11:14:49",42.78731,-71.106964,0.98,204.73,19.28,2
"00/15/2010 11:14:50",42.78731,-71.10698,0.82,98.68,19.28,0
"00/15/2010 11:14:51",42.78734,-71.10702,0.82,92.63,19.28,1
"00/15/2010 11:14:52",42.78734,-71.10702,0.90,110.72,19.28,6
"00/15/2010 11:14:53",42.78734,-71.10702,0.98,98.68,19.28,5
"00/15/2010 11:14:54",42.78734,-71.10702,0.90,78.46,19.28,2
"00/15/2010 11:14:55",42.78734,-71.10702,0.82,210.47,19.28,0
"00/15/2010 11:14:56",42.78734,-71.10705,0.78,166.07,19.28,0
"00/15/2010 11:14:57",42.78737,-71.10706,0.70,110.72,19.28,0
"00/15/2010 11:14:58",42.78737,-71.10705,1.41,4.19,19.28,9
"00/15/2010 11:14:59",42.78737,-71.10705,0.62,134.61,19.28,15
"00/15/2010 11:15:01",42.78737,-71.10705,1.05,10.47,19.28,0
"00/15/2010 11:15:02",42.78737,-71.10705,0.82,14.65,19.60,0
"00/15/2010 11:15:03",42.787354,-71.10703,0.90,76.43,19.60,1
"00/15/2010 11:15:04",42.787354,-71.10705,0.70,18.82,19.60,0
"00/15/2010 11:15:05",42.787354,-71.10705,1.02,8.38,19.60,3
"00/15/2010 11:15:06",,,0.70,12.56,19.60,13
"00/15/2010 11:15:07",42.78731,-71.10706,0.59,37.49,19.60,16
"00/15/2010 11:15:08",42.787296,-71.10706,0.62,6.29,19.28,0
"00/15/2010 11:15:09",42.787296,-71.10706,1.02,2.10,19.60,8
"00/15/2010 11:15:10",42.78728,-71.10708,1.25,16.73,19.60,2
"00/15/2010 11:15:11",42.787266,-71.10708,1.09,16.73,19.60,1
"00/15/2010 11:15:12",,,0.94,22.98,19.60,0
"00/15/2010 11:15:13",,,1.05,20.90,19.60,1
"00/15/2010 11:15:15",,,1.09,106.71,19.60,1
"00/15/2010 11:15:16",42.787247,-71.10705,0.94,413.10,19.60,0
