time,latitude,longitude,acceleration,light,temperature,sound
0,42.787117,-71.10737,0.90,1059.65,24.43,0
1,42.787132,-71.10738,0.94,1055.01,24.76,0
2,42.78715,-71.10738,0.94,1049.51,24.43,0
3,42.78715,-71.10737,0.94,1051.87,24.43,0
4,42.787132,-71.10737,0.98,1051.09,24.43,0
5,,,0.98,1055.79,24.43,0
6,42.787117,-71.10737,0.90,1054.23,24.43,0
7,42.787117,-71.107346,0.94,1051.09,24.11,0
8,42.787117,-71.10733,0.94,1043.11,24.11,0
9,42.787117,-71.107346,0.90,1054.23,24.11,0
10,42.787117,-71.107346,0.94,1053.44,24.11,0
11,42.787132,-71.107346,0.94,1052.66,24.11,0
12,42.787132,-71.10737,0.94,1052.66,24.11,0
13,42.787117,-71.10737,0.94,1051.87,23.79,0
14,42.787117,-71.10737,0.98,1051.09,23.79,0
15,42.787117,-71.10737,0.90,1051.87,23.79,0
16,42.787117,-71.10737,0.94,1051.87,23.79,0
17,42.787117,-71.10737,0.90,1051.87,23.47,0
18,42.787132,-71.10737,0.94,1051.87,23.47,0
19,42.787132,-71.107346,0.94,1052.66,23.47,0
20,,,0.94,1053.44,23.14,0
21,42.787132,-71.10733,0.94,1052.66,23.14,0
22,42.787132,-71.10733,0.90,1052.66,23.14,0
23,42.78715,-71.107346,0.94,1052.66,23.14,0
24,42.787167,-71.107346,0.94,1052.66,23.14,0
25,42.787167,-71.107346,0.86,1051.87,23.14,0
26,42.787167,-71.10737,0.98,1044.72,23.14,1
27,42.787167,-71.10737,0.94,1042.30,22.82,13
28,42.78715,-71.107346,0.90,1042.30,22.82,2
29,42.78715,-71.107346,0.94,1039.87,22.50,3
30,42.78715,-71.107346,0.94,1044.72,22.50,0
31,42.78715,-71.107346,0.90,1051.87,22.50,0
32,,,0.98,1052.66,22.18,0
33,42.78715,-71.10733,0.94,1051.87,22.18,0
34,42.787132,-71.10733,0.94,1045.52,22.18,0
35,42.78715,-71.10733,0.90,1040.68,22.18,1
36,42.78715,-71.10733,0.90,1047.92,21.86,0
37,42.78715,-71.107346,0.90,1045.52,21.86,0
38,42.78715,-71.107346,0.86,1049.51,21.86,2
39,42.78715,-71.107346,0.90,1047.92,21.86,0
40,42.78715,-71.107346,0.94,1048.71,21.53,0
41,42.78715,-71.10733,0.90,1048.71,21.53,4
42,42.78715,-71.10733,0.86,1051.09,21.53,0
43,42.78715,-71.10733,0.86,1055.01,21.53,0
44,42.78715,-71.10733,0.86,1055.79,21.53,0
45,42.78715,-71.10733,0.90,1049.51,21.21,0
46,42.78715,-71.10733,2.66,1055.01,21.21,0
47,42.787132,-71.10733,0.78,1051.87,20.89,0
48,42.787132,-71.107315,0.90,1050.30,20.89,0
49,42.787132,-71.107315,0.86,1056.56,20.89,0
50,,,0.86,1056.56,20.89,0
51,42.787132,-71.107315,0.90,1055.79,20.89,0
52,42.787132,-71.107315,0.86,1055.79,20.89,0
53,42.787132,-71.107315,0.90,1055.79,20.89,0
54,42.787117,-71.107315,0.86,1055.01,20.89,0
55,42.787117,-71.107315,0.86,1050.30,20.57,0
56,42.787117,-71.107315,0.90,1049.51,20.57,0
57,42.787117,-71.1073,0.94,1047.12,20.57,0
58,42.787117,-71.1073,0.90,1047.12,20.57,0
59,42.787132,-71.1073,0.90,1047.12,20.57,0
60,42.787132,-71.107285,0.86,1048.71,20.24,0
61,42.787132,-71.107285,0.86,1049.51,20.24,0
62,,,0.90,1050.30,20.24,0
63,42.78715,-71.107285,0.90,1050.30,19.92,0
64,42.787167,-71.10727,0.90,1051.09,19.92,1
65,42.787167,-71.10727,0.90,1051.09,19.92,2
66,42.78718,-71.107254,0.90,1051.87,19.60,0
67,42.78718,-71.107254,0.94,1051.87,19.60,0
68,42.78718,-71.107254,0.90,1052.66,19.60,0
69,42.787167,-71.107254,0.90,1053.44,19.60,0
70,42.78718,-71.107254,0.86,1048.71,19.60,0
71,42.78718,-71.10727,0.86,1044.72,19.28,0
72,42.78718,-71.107254,0.90,1050.30,19.28,0
73,42.78718,-71.10723,0.82,1051.87,19.28,0
74,42.787197,-71.10723,0.82,1051.09,19.28,0
75,42.787216,-71.10723,0.90,1051.87,19.28,0
76,42.787197,-71.10723,0.94,1043.92,19.28,0
77,42.78718,-71.107216,0.98,1032.47,19.28,0
78,42.787167,-71.10723,0.94,1035.78,19.28,0
79,42.78715,-71.107254,0.94,1035.78,19.28,0
80,42.78715,-71.107254,0.94,1047.92,18.96,0
81,42.78715,-71.10727,0.86,1038.24,18.96,0
82,42.787167,-71.10727,0.78,1049.51,18.96,0
83,42.78718,-71.10727,1.72,962.26,18.96,5
84,42.787167,-71.107285,1.37,713.37,18.63,12
85,42.78718,-71.107285,1.21,1029.14,18.63,0
86,,,1.05,1044.72,18.63,1
87,42.787197,-71.107285,1.17,813.64,18.63,5
88,42.78718,-71.107285,0.70,1043.11,18.63,1
89,42.78718,-71.107285,0.98,1039.05,18.63,0
90,42.78715,-71.107285,1.09,1004.99,18.63,0
91,42.787167,-71.107285,1.09,1039.87,18.63,1
92,42.78718,-71.107285,0.94,942.49,18.63,0
93,42.787167,-71.107285,1.05,473.44,18.31,0
94,42.787167,-71.10727,1.05,20.90,18.31,0
95,42.787132,-71.107254,1.02,41.62,18.31,0
96,42.787067,-71.10723,0.94,82.52,17.99,0
97,42.787052,-71.107254,0.90,72.36,17.99,1
98,42.787037,-71.107254,0.94,2.10,17.99,0
99,42.787037,-71.107254,1.02,0.00,17.99,0
100,42.787037,-71.10723,0.94,14.65,17.99,1
101,42.787037,-71.107216,1.02,4.19,17.99,0
102,42.78702,-71.1072,1.02,4.19,18.31,0
103,42.78702,-71.1072,0.98,8.38,18.31,0
104,42.78702,-71.1072,1.05,14.65,18.31,0
105,42.78702,-71.1072,0.90,16.73,18.31,0
106,42.78702,-71.1072,1.02,6.29,18.31,0
107,42.78702,-71.1072,0.98,56.02,18.31,5
108,42.787003,-71.1072,0.98,31.28,18.31,0
109,42.787037,-71.107216,0.98,31.28,18.31,0
110,42.787037,-71.107216,0.90,25.06,18.31,4
111,42.787052,-71.10723,0.94,22.98,18.31,0
112,,,0.94,22.98,18.31,0
113,,,0.94,22.98,18.31,0
114,,,0.98,20.90,18.31,0
115,,,0.90,20.90,18.31,0
116,,,0.94,20.90,18.63,0
117,,,0.90,45.74,18.63,0
118,42.787086,-71.107254,0.94,56.02,18.63,0
119,42.7871,-71.10723,0.90,33.35,18.63,5
120,42.7871,-71.1072,0.86,29.21,18.63,3
121,42.787117,-71.1072,1.09,22.98,18.63,0
122,42.787117,-71.107185,1.09,4.19,18.63,0
123,42.787117,-71.107185,1.02,278.07,18.63,0
124,42.7871,-71.107185,0.86,64.20,18.63,0
125,42.7871,-71.1072,1.02,2.10,18.63,3
126,42.7871,-71.1072,0.94,0.00,19.28,45
127,42.787117,-71.1072,0.94,2.10,21.21,45
128,42.787117,-71.1072,1.13,6.29,20.89,45
129,42.787117,-71.1072,0.94,10.47,20.89,46
130,42.787117,-71.1072,0.94,12.56,20.89,40
131,42.78715,-71.1072,0.98,20.90,20.89,41
132,42.787167,-71.107185,0.94,31.28,20.89,30
133,42.787197,-71.107155,0.82,31.28,21.21,45
134,42.78718,-71.10711,0.98,33.35,21.53,45
135,,,0.90,45.74,21.86,46
136,42.787132,-71.107216,0.90,43.68,22.18,42
137,42.78715,-71.10727,1.17,60.11,22.18,41
138,,,0.94,25.06,22.18,43
139,,,1.05,33.35,22.50,45
140,42.787167,-71.10727,0.98,22.98,22.50,44
141,42.78715,-71.10727,0.86,31.28,22.82,45
142,42.787167,-71.107254,0.90,35.42,23.14,46
143,42.78715,-71.107254,0.98,33.35,23.14,39
144,42.78715,-71.107254,1.05,37.49,23.14,46
145,42.78715,-71.10727,0.90,37.49,23.14,46
146,42.78715,-71.107254,0.94,33.35,23.47,44
147,42.787167,-71.10727,1.05,35.42,23.47,46
148,42.78715,-71.107285,1.05,56.02,23.47,41
149,42.787117,-71.107285,1.13,202.82,23.47,23
150,42.787086,-71.107254,1.02,478.36,23.47,0
151,42.787067,-71.10723,0.98,138.57,23.47,3
152,,,0.70,78.46,23.47,0
153,,,1.13,278.07,23.47,0
154,,,1.13,270.67,23.47,0
155,42.787037,-71.107254,0.86,515.56,23.47,0
156,42.787067,-71.107254,0.78,667.66,23.47,0
157,42.787086,-71.107254,0.98,742.76,23.14,0
158,,,1.13,691.45,23.14,0
159,,,1.17,510.77,23.14,0
160,42.787132,-71.10723,0.55,242.68,23.14,0
161,42.78715,-71.10723,1.02,132.63,23.14,1
162,42.78715,-71.107216,1.02,108.72,23.14,0
163,42.78715,-71.1072,1.09,98.68,23.14,0
164,,,0.94,329.03,22.82,1
165,42.787167,-71.107185,0.90,602.16,23.14,1
166,42.787167,-71.10717,1.02,419.92,22.82,0
167,42.787167,-71.10717,1.02,78.46,22.82,0
168,42.78715,-71.10717,0.90,25.06,22.82,0
169,42.78715,-71.10717,0.94,22.98,22.82,0
170,42.787167,-71.107155,0.78,37.49,22.82,0
171,,,1.29,210.47,22.82,2
172,,,0.62,90.61,22.82,0
173,42.787167,-71.10714,0.98,122.70,22.82,0
174,42.78718,-71.10711,1.17,31.28,22.82,0
175,42.787197,-71.10711,1.29,25.06,22.82,0
176,,,0.98,6.29,22.82,0
177,,,0.74,4.19,22.82,0
178,,,0.59,58.07,22.82,0
179,,,0.66,94.65,22.82,1
180,,,0.70,29.21,22.82,1
181,42.78723,-71.10711,1.05,41.62,22.82,1
182,42.78723,-71.10711,1.21,84.55,22.82,15
183,42.787247,-71.10709,0.90,106.71,22.82,0
184,42.787247,-71.10709,1.21,84.55,22.82,0
185,42.78728,-71.10709,0.82,41.62,22.50,0
186,42.787296,-71.10711,0.86,31.28,22.82,0
187,42.787296,-71.10714,0.94,37.49,22.82,0
188,42.787296,-71.10714,0.98,20.90,22.50,0
189,42.78731,-71.10711,0.90,22.98,22.82,0
190,42.78734,-71.10711,1.05,22.98,22.50,0
191,42.78734,-71.10711,1.13,140.55,22.50,6
192,42.787354,-71.10714,0.98,202.82,22.50,0
193,,,1.02,321.83,22.50,0
194,,,0.98,189.35,22.82,6
195,42.787354,-71.107155,1.02,279.91,22.50,0
196,42.78734,-71.107155,0.94,300.08,22.82,20
197,42.787354,-71.10714,0.94,303.72,22.82,0
198,42.78737,-71.10711,0.90,252.06,22.50,0
199,42.78737,-71.10711,0.94,237.04,22.82,0
200,42.78737,-71.10711,0.90,268.82,22.50,0
201,42.787354,-71.10711,0.86,257.66,22.82,5
202,42.787354,-71.10711,0.94,246.44,22.82,0
203,42.78734,-71.10714,0.90,233.26,22.82,0
204,42.78734,-71.107155,0.86,229.48,22.82,0
205,42.787354,-71.10714,0.66,206.65,22.82,0
206,42.787354,-71.10714,0.94,171.91,22.82,0
207,42.787354,-71.10714,0.86,148.43,22.82,0
208,42.787354,-71.10714,0.86,122.70,22.82,10
209,42.787354,-71.10714,0.94,220.00,22.82,0
210,42.787354,-71.10714,0.90,124.69,22.82,0
211,42.787354,-71.10714,0.90,250.19,22.82,0
212,42.787354,-71.107155,0.94,423.32,22.82,0
213,42.787354,-71.107155,1.13,423.32,22.82,0
214,42.787354,-71.107155,0.98,266.96,22.82,0
215,42.78734,-71.107155,0.98,187.42,22.82,0
216,,,0.86,118.71,22.82,0
217,42.78734,-71.10711,1.09,383.80,22.82,0
218,42.787354,-71.10709,0.90,380.32,22.82,0
219,,,1.09,279.91,22.82,1
220,42.78737,-71.10706,1.02,252.06,22.82,0
