time,latitude,longitude,acceleration,light,temperature,sound,temperature probe,altitude
06/28/2010 13:30:38,42.65503,-71.32678,0.90,1073.93,29.59,29,33.970458203680228832951945080091533,65524
06/28/2010 13:30:39,42.65503,-71.32678,0.90,1073.93,29.59,30,33.970458203680228832951945080091533,65524
06/28/2010 13:30:40,42.65503,-71.32678,0.90,1075.40,29.59,28,33.970458203680228832951945080091533,65525
06/28/2010 13:30:41,42.65503,-71.32678,0.78,1076.13,29.59,33,33.970458203680228832951945080091533,65525
06/28/2010 13:30:42,42.65503,-71.32678,0.90,1076.13,29.59,33,33.970458203680228832951945080091533,65524
06/28/2010 13:30:43,42.65503,-71.32678,1.13,1076.13,29.59,29,33.970458203680228832951945080091533,65525
06/28/2010 13:30:44,42.655052,-71.32677,0.78,1080.47,29.59,23,33.970458203680228832951945080091533,65526
06/28/2010 13:30:45,42.655052,-71.32677,0.66,1079.03,29.59,19,33.970458203680228832951945080091533,65525
06/28/2010 13:30:46,42.65507,-71.32674,0.94,1081.19,29.91,21,33.970458203680228832951945080091533,65527
06/28/2010 13:30:47,42.655087,-71.32674,0.86,1079.75,29.91,33,33.970458203680228832951945080091533,65527
06/28/2010 13:30:48,42.655087,-71.32671,0.74,1079.03,29.91,39,33.970458203680228832951945080091533,65528
06/28/2010 13:30:49,42.655087,-71.3267,0.82,1080.47,29.91,11,33.970458203680228832951945080091533,65528
06/28/2010 13:30:50,42.6551,-71.3267,1.13,1079.75,29.91,24,33.970458203680228832951945080091533,65527
06/28/2010 13:30:51,42.655117,-71.3267,0.74,1078.31,29.91,44,33.970458203680228832951945080091533,65527
06/28/2010 13:30:53,42.655117,-71.32668,0.86,1078.31,29.91,33,33.970458203680228832951945080091533,65527
06/28/2010 13:30:54,,,1.25,1077.58,29.91,43,34.049254599072293577981651376146789, 
06/28/2010 13:30:55,42.655136,-71.32667,0.90,1077.58,29.91,45,34.049254599072293577981651376146789,65528
06/28/2010 13:30:56,42.655136,-71.32665,1.17,1080.47,29.91,34,33.970458203680228832951945080091533,65530
06/28/2010 13:30:57,42.655136,-71.32664,0.90,1077.58,29.91,44,34.049254599072293577981651376146789,65533
06/28/2010 13:30:58,42.655117,-71.32662,0.98,1076.86,30.23,35,34.049254599072293577981651376146789,65535
06/28/2010 13:30:59,42.6551,-71.32657,1.02,1079.03,30.23,40,33.970458203680228832951945080091533,3
06/28/2010 13:31:00,42.6551,-71.326546,1.52,1080.47,30.23,46,34.049254599072293577981651376146789,5
06/28/2010 13:31:01,42.655087,-71.32653,1.25,1080.47,30.23,24,34.127927881971264367816091954022989,10
06/28/2010 13:31:02,42.65507,-71.326485,1.09,1080.47,30.23,42,34.127927881971264367816091954022989,17
06/28/2010 13:31:03,42.655014,-71.326385,1.05,1078.31,30.23,36,34.127927881971264367816091954022989,31
06/28/2010 13:31:04,42.65498,-71.32633,0.90,1079.75,30.23,34,34.206478317225069124423963133640553,38
06/28/2010 13:31:05,42.65495,-71.32627,0.74,1080.47,30.23,35,34.206478317225069124423963133640553,46
06/28/2010 13:31:06,42.654915,-71.32622,0.78,1080.47,30.23,30,34.206478317225069124423963133640553,53
06/28/2010 13:31:07,42.6549,-71.326164,0.78,1079.75,30.56,31,34.284906172128267898383371824480370,59
06/28/2010 13:31:09,42.654884,-71.32613,0.90,1076.86,30.23,48,34.284906172128267898383371824480370,62
06/28/2010 13:31:10,42.654865,-71.326096,1.02,1076.86,30.56,46,34.284906172128267898383371824480370,66
06/28/2010 13:31:11,42.654865,-71.326065,1.17,1077.58,30.56,30,34.284906172128267898383371824480370,70
06/28/2010 13:31:12,42.654835,-71.32602,1.52,1076.86,30.56,37,34.284906172128267898383371824480370,77
06/28/2010 13:31:13,42.6548,-71.325966,1.41,1076.86,30.56,30,34.206478317225069124423963133640553,84
06/28/2010 13:31:14,,,1.37,1076.86,30.56,44,34.206478317225069124423963133640553, 
06/28/2010 13:31:15,,,1.02,1077.58,30.56,40,34.127927881971264367816091954022989, 
06/28/2010 13:31:16,,,0.82,1079.03,30.56,40,34.127927881971264367816091954022989, 
06/28/2010 13:31:17,42.65472,-71.3258,0.82,1079.03,30.56,9,34.127927881971264367816091954022989,99
06/28/2010 13:31:18,42.65472,-71.3258,0.90,1079.03,30.56,40,34.127927881971264367816091954022989,99
06/28/2010 13:31:19,42.654705,-71.32577,1.02,1078.31,30.56,43,34.049254599072293577981651376146789,103
06/28/2010 13:31:20,42.65468,-71.32575,0.78,1078.31,30.56,42,34.049254599072293577981651376146789,104
06/28/2010 13:31:21,,,0.82,1077.58,30.56,33,34.049254599072293577981651376146789, 
06/28/2010 13:31:22,42.654663,-71.3257,1.09,1076.13,30.56,48,33.970458203680228832951945080091533,110
06/28/2010 13:31:24,42.654648,-71.32564,0.94,1076.86,30.56,11,33.891538433365844748858447488584475,116
06/28/2010 13:31:25,42.654613,-71.32557,0.90,1077.58,30.56,34,33.891538433365844748858447488584475,124
06/28/2010 13:31:26,42.6546,-71.32554,1.05,1076.86,30.56,14,33.891538433365844748858447488584475,126
06/28/2010 13:31:27,42.6546,-71.32549,1.17,1075.40,30.88,27,33.891538433365844748858447488584475,127
06/28/2010 13:31:28,42.6546,-71.32548,1.17,1075.40,30.88,25,33.812495028091070615034168564920273,127
06/28/2010 13:31:29,42.6546,-71.32546,1.29,1073.93,30.56,19,33.812495028091070615034168564920273,126
06/28/2010 13:31:30,42.654613,-71.32545,1.02,1073.93,30.56,21,33.733327730181818181818181818181818,123
06/28/2010 13:31:31,42.65463,-71.32546,0.94,1068.75,30.56,43,33.733327730181818181818181818181818,119
06/28/2010 13:31:32,42.65463,-71.32545,0.82,1070.24,30.56,46,33.733327730181818181818181818181818,117
06/28/2010 13:31:33,42.65463,-71.32545,0.86,1071.72,30.88,20,33.654036284301179138321995464852608,115
06/28/2010 13:31:34,42.654613,-71.32543,0.70,1073.20,30.88,28,33.654036284301179138321995464852608,114
06/28/2010 13:31:35,42.654613,-71.32542,0.90,1073.20,30.56,46,33.654036284301179138321995464852608,113
06/28/2010 13:31:36,42.654613,-71.3254,0.66,1076.13,30.88,18,33.574620437422986425339366515837104,113
06/28/2010 13:31:37,42.65463,-71.3254,0.62,1076.13,30.56,31,33.574620437422986425339366515837104,111
06/28/2010 13:31:39,42.65463,-71.325386,1.05,1074.67,30.56,19,33.574620437422986425339366515837104,110
06/28/2010 13:31:40,42.654613,-71.32536,1.09,1073.20,30.88,8,33.574620437422986425339366515837104,108
06/28/2010 13:31:41,42.65463,-71.32536,1.02,1070.24,30.88,13,33.495079938805733634311512415349887,106
06/28/2010 13:31:42,42.65463,-71.32535,1.05,1069.49,30.56,12,33.495079938805733634311512415349887,105
06/28/2010 13:31:43,42.65463,-71.32533,0.70,1066.50,30.56,8,33.495079938805733634311512415349887,106
06/28/2010 13:31:44,42.654613,-71.32533,1.02,1065.74,30.56,13,33.495079938805733634311512415349887,106
06/28/2010 13:31:45,42.654613,-71.32532,0.98,1066.50,30.56,27,33.415414539966846846846846846846847,106
06/28/2010 13:31:46,42.654613,-71.32532,0.78,1066.50,30.56,26,33.415414539966846846846846846846847,105
06/28/2010 13:31:47,42.654613,-71.32532,2.15,1068.75,30.88,28,33.415414539966846846846846846846847,103
06/28/2010 13:31:48,42.6546,-71.32532,3.40,1069.49,30.56,32,33.335623994657303370786516853932584,101
06/28/2010 13:31:49,42.654613,-71.32532,2.77,1073.20,30.88,43,33.415414539966846846846846846846847,96
06/28/2010 13:31:50,42.654613,-71.3253,3.91,1069.49,30.56,39,33.415414539966846846846846846846847,93
06/28/2010 13:31:51,42.654613,-71.3253,1.02,1067.25,30.88,9,33.335623994657303370786516853932584,90
06/28/2010 13:31:52,42.65463,-71.32532,1.64,1077.58,30.88,22,33.335623994657303370786516853932584,87
06/28/2010 13:31:53,42.65463,-71.32532,1.02,1080.47,30.88,44,33.335623994657303370786516853932584,84
06/28/2010 13:31:55,42.65463,-71.32532,0.98,1070.24,30.88,45,33.415414539966846846846846846846847,82
06/28/2010 13:31:56,42.654613,-71.3253,2.77,1073.20,30.88,45,33.415414539966846846846846846846847,80
06/28/2010 13:31:57,42.654613,-71.32532,3.32,1070.24,30.88,48,33.495079938805733634311512415349887,80
06/28/2010 13:31:58,42.65463,-71.32533,6.56,1068.00,30.56,41,33.495079938805733634311512415349887,76
06/28/2010 13:31:59,42.65463,-71.32536,4.14,1065.74,30.56,30,33.335623994657303370786516853932584,73
06/28/2010 13:32:00,42.6546,-71.32536,5.39,1064.99,30.56,46,33.495079938805733634311512415349887,71
06/28/2010 13:32:01,42.654583,-71.32535,0.86,1064.23,30.56,24,33.495079938805733634311512415349887,69
06/28/2010 13:32:02,42.654564,-71.32536,0.82,1066.50,30.56,18,33.495079938805733634311512415349887,66
06/28/2010 13:32:03,42.654583,-71.325386,1.21,1074.67,30.56,26,33.495079938805733634311512415349887,61
06/28/2010 13:32:04,42.6546,-71.325386,1.05,1076.13,30.88,37,33.495079938805733634311512415349887,60
06/28/2010 13:32:05,42.654648,-71.32536,0.82,1078.31,30.88,10,33.574620437422986425339366515837104,56
06/28/2010 13:32:06,42.65468,-71.32535,0.51,1079.03,30.88,11,33.574620437422986425339366515837104,54
06/28/2010 13:32:07,42.65468,-71.32533,0.82,1081.91,30.88,30,33.654036284301179138321995464852608,55
06/28/2010 13:32:08,42.65468,-71.3253,0.78,1074.67,30.88,44,33.654036284301179138321995464852608,56
06/28/2010 13:32:09,42.65468,-71.32529,0.86,1073.93,30.88,9,33.733327730181818181818181818181818,56
06/28/2010 13:32:11,42.65468,-71.32527,0.55,1076.86,30.88,29,33.733327730181818181818181818181818,55
06/28/2010 13:32:12,42.654705,-71.32527,0.66,1080.47,30.88,9,33.733327730181818181818181818181818,56
06/28/2010 13:32:13,42.654705,-71.32525,1.13,1081.19,30.88,28,33.812495028091070615034168564920273,55
06/28/2010 13:32:14,42.65472,-71.32525,0.90,1076.13,30.88,12,33.733327730181818181818181818181818,55
06/28/2010 13:32:15,42.65472,-71.32525,0.94,1064.99,30.88,11,33.970458203680228832951945080091533,55
06/28/2010 13:32:16,42.654736,-71.32525,0.90,1058.11,30.88,10,34.127927881971264367816091954022989,54
06/28/2010 13:32:17,42.654736,-71.32525,0.90,1057.34,30.88,16,34.206478317225069124423963133640553,53
06/28/2010 13:32:18,42.654736,-71.32525,0.94,1061.19,30.88,33,34.441395222464547563805104408352668,53
06/28/2010 13:32:19,42.654736,-71.32525,0.90,1058.88,30.88,11,34.519456964976744186046511627906977,54
06/28/2010 13:32:20,42.654736,-71.32527,0.90,1058.11,30.88,24,34.519456964976744186046511627906977,53
06/28/2010 13:32:21,42.654736,-71.32527,0.90,1064.99,30.88,31,34.597397221355198135198135198135198,54
06/28/2010 13:32:22,42.654736,-71.32527,0.94,1079.03,31.20,45,34.675216271560373831775700934579439,54
06/28/2010 13:32:23,42.65472,-71.32527,0.86,1078.31,31.20,5,34.752914398175316159250585480093677,53
06/28/2010 13:32:24,42.65472,-71.32527,0.62,1079.03,31.20,5,34.752914398175316159250585480093677,54
06/28/2010 13:32:26,42.654705,-71.32527,1.21,1076.86,31.20,5,34.752914398175316159250585480093677,54
06/28/2010 13:32:26,42.654705,-71.32527,0.86,1075.40,31.20,46,34.675216271560373831775700934579439,54
06/28/2010 13:32:28,42.654705,-71.32527,0.98,1074.67,31.20,6,34.675216271560373831775700934579439,56
06/28/2010 13:32:29,42.654705,-71.32527,0.86,1073.93,31.20,7,34.675216271560373831775700934579439,56
06/28/2010 13:32:30,42.65468,-71.32527,0.90,1074.67,31.20,7,34.675216271560373831775700934579439,56
06/28/2010 13:32:31,42.65468,-71.32525,0.90,1074.67,31.20,41,34.675216271560373831775700934579439,57
06/28/2010 13:32:32,42.65468,-71.32527,0.90,1073.93,31.20,5,34.597397221355198135198135198135198,57
06/28/2010 13:32:33,42.65468,-71.32525,1.05,1073.93,31.20,42,34.519456964976744186046511627906977,58
06/28/2010 13:32:34,42.65468,-71.32525,1.05,1073.93,31.20,16,34.519456964976744186046511627906977,58
06/28/2010 13:32:35,42.65468,-71.32527,0.82,1074.67,31.20,41,34.441395222464547563805104408352668,58
06/28/2010 13:32:36,42.65472,-71.32529,0.86,1073.93,31.20,36,34.363211716450370370370370370370370,56
06/28/2010 13:32:37,42.654736,-71.32529,0.86,1074.67,31.20,15,34.363211716450370370370370370370370,56
06/28/2010 13:32:38,42.654736,-71.32529,0.94,1074.67,31.20,19,34.441395222464547563805104408352668,56
06/28/2010 13:32:39,42.654736,-71.32529,0.90,1074.67,31.20,10,34.597397221355198135198135198135198,55
06/28/2010 13:32:40,42.654736,-71.32529,0.90,1074.67,31.52,4,34.752914398175316159250585480093677,56
06/28/2010 13:32:42,42.654736,-71.32529,0.90,1074.67,31.52,5,34.985286102297358490566037735849057,56
06/28/2010 13:32:42,42.654736,-71.32527,0.90,1074.67,31.52,8,35.062503413919952718676122931442080,56
06/28/2010 13:32:44,42.654736,-71.32527,0.90,1074.67,31.52,24,35.139601255298957345971563981042654,56
06/28/2010 13:32:45,42.654736,-71.32527,0.90,1074.67,31.52,24,35.216579925414774346793349168646081,56
06/28/2010 13:32:46,42.654736,-71.32527,0.90,1074.67,31.52,22,35.293439726095238095238095238095238,55
06/28/2010 13:32:47,42.654736,-71.32527,0.94,1074.67,31.52,37,35.370180962049594272076372315035800,55
06/28/2010 13:32:48,42.654736,-71.32527,0.98,1074.67,31.52,12,35.446803940902966507177033492822967,55
06/28/2010 13:32:49,42.654736,-71.32527,0.90,1072.46,31.52,31,35.446803940902966507177033492822967,55
06/28/2010 13:32:50,42.654736,-71.32527,0.98,1073.20,31.52,21,35.370180962049594272076372315035800,55
06/28/2010 13:32:51,42.654736,-71.32527,0.98,1075.40,31.52,8,35.446803940902966507177033492822967,54
06/28/2010 13:32:52,42.654736,-71.32527,0.82,1075.40,31.52,7,35.446803940902966507177033492822967,54
06/28/2010 13:32:53,42.654736,-71.32527,0.94,1075.40,31.52,8,35.523308973231318944844124700239808,57
06/28/2010 13:32:54,42.654736,-71.32527,0.86,1075.40,31.52,25,35.599696372596923076923076923076923,56
06/28/2010 13:32:55,42.654736,-71.32527,0.90,1075.40,31.52,22,35.675966455584337349397590361445783,56
06/28/2010 13:32:56,42.654736,-71.32527,0.90,1075.40,31.52,12,35.752119541836908212560386473429952,56
06/28/2010 13:32:58,42.654736,-71.32527,0.90,1076.13,31.52,20,35.752119541836908212560386473429952,56
06/28/2010 13:32:58,42.654736,-71.32527,0.90,1076.13,31.52,10,35.828155954093801452784503631961259,56
06/28/2010 13:33:00,42.654736,-71.32527,0.90,1075.40,31.52,4,35.828155954093801452784503631961259,56
06/28/2010 13:33:01,42.654736,-71.32527,0.90,1075.40,31.52,6,35.904076018227572815533980582524272,56
06/28/2010 13:33:02,42.654736,-71.32527,0.90,1076.13,31.52,6,35.979880063282287104622871046228710,56
06/28/2010 13:33:03,42.654736,-71.32527,0.90,1076.13,31.52,5,35.979880063282287104622871046228710,56
06/28/2010 13:33:04,42.654736,-71.32527,0.90,1076.13,31.85,6,36.055568421512195121951219512195122,56
06/28/2010 13:33:05,42.65472,-71.32527,0.90,1076.13,31.85,7,36.055568421512195121951219512195122,56
06/28/2010 13:33:06,42.65472,-71.32527,0.90,1076.13,31.85,9,36.131141428420977995110024449877751,56
06/28/2010 13:33:07,42.65472,-71.32527,0.90,1076.13,31.85,4,36.206599422801568627450980392156863,56
06/28/2010 13:33:08,42.65472,-71.32527,0.90,1076.13,31.85,4,36.206599422801568627450980392156863,56
06/28/2010 13:33:09,42.65472,-71.32527,0.90,1076.13,31.85,6,36.281942746776560196560196560196560,56
06/28/2010 13:33:10,42.65472,-71.32525,0.90,1076.13,31.85,8,36.357171745839211822660098522167488,57
06/28/2010 13:33:11,42.65472,-71.32527,0.98,1072.46,31.85,27,36.357171745839211822660098522167488,57
06/28/2010 13:33:12,42.654736,-71.32527,0.66,1073.93,31.85,17,36.206599422801568627450980392156863,56
06/28/2010 13:33:14,42.654736,-71.32527,0.98,1073.93,31.85,11,36.206599422801568627450980392156863,56
06/28/2010 13:33:14,42.65475,-71.32529,1.25,1073.93,31.85,29,36.131141428420977995110024449877751,56
06/28/2010 13:33:16,42.65475,-71.32527,1.33,1073.20,31.85,8,36.055568421512195121951219512195122,56
06/28/2010 13:33:17,42.65477,-71.32527,1.09,1073.20,31.85,19,35.904076018227572815533980582524272,55
06/28/2010 13:33:18,42.654785,-71.32525,0.82,1073.93,31.85,9,35.752119541836908212560386473429952,54
06/28/2010 13:33:19,42.6548,-71.32525,0.66,1073.20,31.85,8,35.752119541836908212560386473429952,53
06/28/2010 13:33:20,42.65482,-71.32525,0.59,1073.93,31.85,16,35.675966455584337349397590361445783,52
06/28/2010 13:33:21,42.65482,-71.32523,1.17,1073.20,31.85,9,35.599696372596923076923076923076923,52
06/28/2010 13:33:22,42.654835,-71.32523,1.17,1072.46,31.85,7,35.523308973231318944844124700239808,51
06/28/2010 13:33:23,42.654835,-71.32523,0.86,1070.98,31.85,13,35.446803940902966507177033492822967,51
06/28/2010 13:33:24,42.65485,-71.32525,0.62,1070.24,31.85,4,35.370180962049594272076372315035800,51
06/28/2010 13:33:25,42.654865,-71.32525,0.55,1070.98,31.85,6,35.293439726095238095238095238095238,51
06/28/2010 13:33:26,42.654884,-71.32525,0.94,1070.98,31.85,25,35.216579925414774346793349168646081,50
06/28/2010 13:33:27,42.654884,-71.32525,0.78,1072.46,31.85,28,35.216579925414774346793349168646081,50
06/28/2010 13:33:28,42.654884,-71.32525,0.98,1073.20,31.85,37,35.216579925414774346793349168646081,50
06/28/2010 13:33:29,42.654884,-71.32525,0.90,1073.20,31.85,25,35.139601255298957345971563981042654,51
06/28/2010 13:33:31,42.6549,-71.32527,0.78,1071.72,31.85,18,35.062503413919952718676122931442080,52
06/28/2010 13:33:32,42.6549,-71.32527,0.78,1072.46,31.85,30,35.062503413919952718676122931442080,53
06/28/2010 13:33:33,42.6549,-71.32525,1.09,1073.20,31.85,8,34.985286102297358490566037735849057,54
06/28/2010 13:33:34,42.6549,-71.32525,1.02,1073.20,31.85,17,34.985286102297358490566037735849057,55
06/28/2010 13:33:35,42.654915,-71.32525,0.86,1073.20,31.85,6,34.907949024264705882352941176470588,56
06/28/2010 13:33:36,42.654915,-71.32525,0.62,1072.46,31.85,4,34.830491886436431924882629107981221,61
06/28/2010 13:33:37,42.654915,-71.32525,0.70,1071.72,31.85,9,34.830491886436431924882629107981221,65
06/28/2010 13:33:38,42.65493,-71.32525,0.98,1071.72,31.85,11,34.752914398175316159250585480093677,68
06/28/2010 13:33:39,42.65493,-71.32525,1.05,1073.93,31.85,6,34.752914398175316159250585480093677,71
06/28/2010 13:33:40,42.65495,-71.32525,0.70,1075.40,31.85,21,34.675216271560373831775700934579439,74
06/28/2010 13:33:41,42.65498,-71.32527,0.70,1072.46,31.85,11,34.675216271560373831775700934579439,80
06/28/2010 13:33:42,42.65498,-71.32527,0.94,1072.46,31.85,5,34.675216271560373831775700934579439,83
06/28/2010 13:33:43,42.65498,-71.32525,0.90,1075.40,31.85,46,34.597397221355198135198135198135198,86
06/28/2010 13:33:44,42.65498,-71.32525,0.78,1073.20,31.85,29,34.519456964976744186046511627906977,90
06/28/2010 13:33:46,42.65498,-71.32527,0.94,1071.72,31.85,22,34.519456964976744186046511627906977,94
06/28/2010 13:33:46,42.65498,-71.32527,0.86,1072.46,31.85,7,34.519456964976744186046511627906977,97
06/28/2010 13:33:48,42.654995,-71.32529,0.86,1072.46,31.85,9,35.139601255298957345971563981042654,99
06/28/2010 13:33:49,42.655014,-71.3253,0.82,1072.46,31.85,12,35.446803940902966507177033492822967,100
06/28/2010 13:33:50,42.655014,-71.32532,0.82,1072.46,31.85,8,35.675966455584337349397590361445783,102
06/28/2010 13:33:51,42.65503,-71.32532,0.82,1072.46,31.85,17,35.828155954093801452784503631961259,103
06/28/2010 13:33:52,42.655052,-71.32533,0.82,1072.46,31.85,14,35.979880063282287104622871046228710,104
06/28/2010 13:33:53,42.655052,-71.32533,0.82,1072.46,31.85,13,35.979880063282287104622871046228710,104
06/28/2010 13:33:54,42.655052,-71.32535,0.82,1072.46,31.85,13,36.131141428420977995110024449877751,105
06/28/2010 13:33:55,42.65507,-71.32535,0.82,1072.46,31.85,27,36.206599422801568627450980392156863,105
06/28/2010 13:33:56,42.655087,-71.32536,0.82,1072.46,31.85,34,36.281942746776560196560196560196560,105
06/28/2010 13:33:57,42.655087,-71.32536,0.82,1072.46,31.85,46,36.281942746776560196560196560196560,105
06/28/2010 13:33:58,42.6551,-71.325386,0.86,1072.46,31.52,46,35.979880063282287104622871046228710,102
06/28/2010 13:33:59,42.6551,-71.325386,0.86,1072.46,31.85,26,35.599696372596923076923076923076923,101
06/28/2010 13:34:00,42.655117,-71.325386,0.86,1072.46,31.52,11,35.293439726095238095238095238095238,100
06/28/2010 13:34:01,42.655117,-71.3254,0.86,1072.46,31.85,25,35.062503413919952718676122931442080,99
06/28/2010 13:34:03,42.655136,-71.3254,0.86,1071.72,31.85,36,34.985286102297358490566037735849057,99
06/28/2010 13:34:04,42.655136,-71.3254,0.82,1071.72,31.85,6,34.830491886436431924882629107981221,98
06/28/2010 13:34:05,42.655117,-71.325386,0.86,1070.98,31.85,10,34.752914398175316159250585480093677,98
06/28/2010 13:34:06,42.655117,-71.325386,0.86,1070.98,31.85,29,34.675216271560373831775700934579439,98
06/28/2010 13:34:07,42.655117,-71.325386,0.86,1070.98,31.85,8,34.519456964976744186046511627906977,97
06/28/2010 13:34:08,42.655117,-71.325386,0.86,1070.98,31.85,15,34.441395222464547563805104408352668,97
06/28/2010 13:34:09,42.655117,-71.325386,0.90,1070.98,31.85,6,34.441395222464547563805104408352668,96
06/28/2010 13:34:10,42.6551,-71.325386,0.86,1070.98,31.85,43,34.363211716450370370370370370370370,96
06/28/2010 13:34:11,42.6551,-71.32536,0.86,1070.98,31.85,25,34.284906172128267898383371824480370,95
06/28/2010 13:34:12,42.6551,-71.32536,0.86,1070.98,31.85,38,34.206478317225069124423963133640553,94
06/28/2010 13:34:13,42.6551,-71.32536,0.94,1073.93,31.85,21,34.127927881971264367816091954022989,94
06/28/2010 13:34:14,42.6551,-71.32536,0.90,1073.93,31.85,40,34.127927881971264367816091954022989,95
06/28/2010 13:34:15,42.6551,-71.325386,0.98,1070.24,31.52,43,34.127927881971264367816091954022989,96
06/28/2010 13:34:16,42.655117,-71.325386,0.98,1065.74,31.85,35,34.049254599072293577981651376146789,96
06/28/2010 13:34:18,42.655117,-71.325386,0.78,1067.25,31.85,44,33.970458203680228832951945080091533,96
06/28/2010 13:34:19,42.655117,-71.32536,1.21,1064.23,31.85,28,33.970458203680228832951945080091533,96
06/28/2010 13:34:20,42.655117,-71.32536,1.21,1061.95,31.85,29,33.970458203680228832951945080091533,95
06/28/2010 13:34:21,42.655117,-71.32535,0.78,1062.71,31.85,14,33.970458203680228832951945080091533,95
06/28/2010 13:34:22,42.655136,-71.32533,1.37,1063.47,31.52,13,33.970458203680228832951945080091533,95
06/28/2010 13:34:23,42.655136,-71.32533,0.94,1067.25,31.85,27,34.049254599072293577981651376146789,94
06/28/2010 13:34:24,42.655136,-71.32532,0.90,1067.25,31.85,36,33.970458203680228832951945080091533,94
06/28/2010 13:34:25,42.65515,-71.32532,0.90,1070.98,31.85,10,34.049254599072293577981651376146789,94
06/28/2010 13:34:26,42.65515,-71.3253,0.98,1071.72,31.85,27,34.049254599072293577981651376146789,93
06/28/2010 13:34:27,42.655136,-71.3253,0.78,1070.24,31.85,13,34.049254599072293577981651376146789,93
06/28/2010 13:34:28,42.65515,-71.32527,0.78,1070.24,31.85,12,34.049254599072293577981651376146789,92
06/28/2010 13:34:29,42.65515,-71.32525,1.13,1071.72,31.85,40,34.049254599072293577981651376146789,90
06/28/2010 13:34:30,42.65515,-71.32523,0.86,1070.24,31.85,17,34.127927881971264367816091954022989,89
06/28/2010 13:34:31,42.65515,-71.32522,0.74,1072.46,31.85,27,34.127927881971264367816091954022989,89
06/28/2010 13:34:32,42.65515,-71.3252,1.09,1073.20,31.85,17,34.127927881971264367816091954022989,88
06/28/2010 13:34:34,42.655167,-71.325165,0.98,1074.67,31.85,19,34.127927881971264367816091954022989,87
06/28/2010 13:34:34,42.655167,-71.32515,0.74,1074.67,31.85,10,34.127927881971264367816091954022989,86
06/28/2010 13:34:36,42.655167,-71.32513,0.47,1074.67,31.85,25,34.127927881971264367816091954022989,85
06/28/2010 13:34:37,42.655167,-71.32511,0.47,1074.67,31.85,6,34.127927881971264367816091954022989,84
06/28/2010 13:34:38,42.655167,-71.32508,0.86,1073.93,31.85,6,34.127927881971264367816091954022989,83
06/28/2010 13:34:39,42.655167,-71.325066,1.25,1073.93,31.85,25,34.127927881971264367816091954022989,82
06/28/2010 13:34:40,42.655167,-71.32505,1.05,1074.67,31.85,17,34.127927881971264367816091954022989,81
06/28/2010 13:34:41,42.655167,-71.325035,1.02,1074.67,31.85,28,34.127927881971264367816091954022989,80
06/28/2010 13:34:42,42.655186,-71.32502,0.90,1075.40,31.85,24,34.049254599072293577981651376146789,79
06/28/2010 13:34:43,42.655186,-71.325,0.47,1074.67,31.85,17,34.049254599072293577981651376146789,78
06/28/2010 13:34:44,42.6552,-71.32498,0.43,1073.93,31.85,6,34.127927881971264367816091954022989,77
06/28/2010 13:34:45,42.6552,-71.32498,0.70,1073.93,31.85,6,34.127927881971264367816091954022989,77
06/28/2010 13:34:46,42.6552,-71.32495,0.94,1073.93,31.85,8,34.127927881971264367816091954022989,75
06/28/2010 13:34:47,42.655216,-71.324936,0.82,1073.93,31.85,25,34.206478317225069124423963133640553,75
06/28/2010 13:34:48,42.655216,-71.324936,0.94,1073.93,31.85,8,34.206478317225069124423963133640553,74
06/28/2010 13:34:50,42.6552,-71.32492,0.82,1073.93,31.85,4,34.206478317225069124423963133640553,73
06/28/2010 13:34:51,42.655216,-71.32492,0.86,1073.93,31.85,32,34.206478317225069124423963133640553,73
06/28/2010 13:34:52,42.655216,-71.32492,0.86,1073.93,31.85,32,34.284906172128267898383371824480370,72
06/28/2010 13:34:53,42.655216,-71.32492,0.90,1073.93,31.85,7,34.284906172128267898383371824480370,72
06/28/2010 13:34:54,42.655216,-71.32492,0.86,1073.93,31.85,34,34.441395222464547563805104408352668,71
06/28/2010 13:34:55,42.655216,-71.32492,0.86,1073.93,31.85,28,34.597397221355198135198135198135198,71
06/28/2010 13:34:56,42.655216,-71.32492,0.90,1073.93,31.85,45,34.675216271560373831775700934579439,70
06/28/2010 13:34:57,42.655216,-71.32492,0.86,1074.67,31.85,28,34.752914398175316159250585480093677,70
06/28/2010 13:34:58,42.655216,-71.32492,0.90,1074.67,31.85,12,34.830491886436431924882629107981221,69
06/28/2010 13:34:59,42.655216,-71.32492,0.86,1074.67,31.85,30,34.830491886436431924882629107981221,69
06/28/2010 13:35:00,42.655216,-71.32492,0.86,1074.67,31.85,28,34.752914398175316159250585480093677,68
06/28/2010 13:35:01,42.655216,-71.32492,0.90,1074.67,31.85,30,34.830491886436431924882629107981221,68
06/28/2010 13:35:02,42.655216,-71.32492,0.86,1074.67,31.85,9,34.830491886436431924882629107981221,67
06/28/2010 13:35:03,42.655216,-71.32492,0.86,1074.67,31.85,28,34.830491886436431924882629107981221,67
06/28/2010 13:35:04,42.655216,-71.32492,0.94,1073.20,31.85,12,34.830491886436431924882629107981221,66
06/28/2010 13:35:05,42.655216,-71.32492,0.82,1074.67,31.85,30,34.830491886436431924882629107981221,65
06/28/2010 13:35:06,42.655216,-71.32492,0.90,1073.93,31.85,20,34.752914398175316159250585480093677,65
06/28/2010 13:35:08,42.6552,-71.324905,0.78,1073.20,31.85,31,34.752914398175316159250585480093677,64
06/28/2010 13:35:09,42.6552,-71.324905,0.94,1072.46,31.85,33,34.675216271560373831775700934579439,63
06/28/2010 13:35:10,42.6552,-71.324905,0.98,1068.00,31.85,48,34.597397221355198135198135198135198,64
06/28/2010 13:35:11,42.6552,-71.324905,1.02,1064.23,31.85,35,34.519456964976744186046511627906977,63
06/28/2010 13:35:12,42.6552,-71.324905,1.05,1066.50,31.85,9,34.441395222464547563805104408352668,63
06/28/2010 13:35:13,42.6552,-71.324905,1.05,1068.75,31.85,27,34.363211716450370370370370370370370,63
06/28/2010 13:35:14,42.6552,-71.324905,1.02,1070.98,31.85,20,34.363211716450370370370370370370370,63
06/28/2010 13:35:15,42.6552,-71.32492,1.02,1068.00,31.85,17,34.363211716450370370370370370370370,63
06/28/2010 13:35:16,42.6552,-71.32492,1.02,1066.50,31.85,7,34.363211716450370370370370370370370,63
06/28/2010 13:35:17,42.6552,-71.32492,0.98,1069.49,31.85,7,34.363211716450370370370370370370370,63
06/28/2010 13:35:18,42.6552,-71.32492,1.02,1070.98,31.85,16,34.284906172128267898383371824480370,62
06/28/2010 13:35:19,42.6552,-71.32492,0.98,1070.24,31.85,12,34.284906172128267898383371824480370,61
06/28/2010 13:35:20,42.6552,-71.32492,1.02,1070.24,31.85,5,34.284906172128267898383371824480370,61
06/28/2010 13:35:22,42.6552,-71.32492,1.02,1070.24,31.85,3,34.284906172128267898383371824480370,60
06/28/2010 13:35:22,42.6552,-71.32492,0.98,1070.24,31.85,7,34.206478317225069124423963133640553,59
06/28/2010 13:35:24,42.6552,-71.32492,1.02,1070.98,31.85,4,34.206478317225069124423963133640553,58
06/28/2010 13:35:25,42.6552,-71.324905,1.02,1070.98,31.85,4,34.206478317225069124423963133640553,57
06/28/2010 13:35:26,42.6552,-71.324905,0.94,1072.46,31.85,8,34.206478317225069124423963133640553,56
06/28/2010 13:35:27,42.6552,-71.324905,0.82,1075.40,31.85,12,34.206478317225069124423963133640553,55
06/28/2010 13:35:28,42.6552,-71.324905,0.74,1075.40,31.85,7,34.206478317225069124423963133640553,55
06/28/2010 13:35:29,42.6552,-71.324905,1.17,1075.40,31.85,6,34.127927881971264367816091954022989,54
06/28/2010 13:35:30,42.655216,-71.32492,1.02,1075.40,31.85,7,34.127927881971264367816091954022989,54
06/28/2010 13:35:31,42.655216,-71.324905,0.74,1076.13,31.85,8,34.127927881971264367816091954022989,53
06/28/2010 13:35:32,42.65523,-71.324905,0.78,1075.40,31.85,46,34.049254599072293577981651376146789,52
06/28/2010 13:35:33,42.65523,-71.32488,0.86,1073.93,31.85,40,34.049254599072293577981651376146789,52
06/28/2010 13:35:34,42.65525,-71.32487,1.09,1075.40,31.85,28,33.970458203680228832951945080091533,52
06/28/2010 13:35:35,42.65525,-71.32487,1.09,1075.40,31.85,27,33.970458203680228832951945080091533,52
06/28/2010 13:35:36,42.65525,-71.32485,0.78,1075.40,31.85,31,33.970458203680228832951945080091533,51
06/28/2010 13:35:38,42.655266,-71.32485,0.86,1074.67,31.85,10,33.970458203680228832951945080091533,51
06/28/2010 13:35:39,42.655266,-71.32484,0.82,1074.67,31.85,14,33.970458203680228832951945080091533,51
06/28/2010 13:35:40,42.655266,-71.32484,0.86,1073.93,31.85,37,33.970458203680228832951945080091533,51
06/28/2010 13:35:41,42.655266,-71.32484,0.90,1073.20,31.85,47,33.970458203680228832951945080091533,50
06/28/2010 13:35:42,42.655266,-71.32484,0.82,1075.40,31.85,12,33.891538433365844748858447488584475,50
06/28/2010 13:35:43,42.655266,-71.32484,0.78,1075.40,31.85,10,33.891538433365844748858447488584475,50
06/28/2010 13:35:44,42.655266,-71.324814,0.86,1075.40,31.85,6,33.891538433365844748858447488584475,50
06/28/2010 13:35:45,42.65528,-71.324814,1.21,1075.40,31.85,10,33.891538433365844748858447488584475,50
06/28/2010 13:35:46,42.65528,-71.3248,1.33,1074.67,31.85,9,33.891538433365844748858447488584475,49
06/28/2010 13:35:47,42.655296,-71.32478,1.09,1073.20,31.85,36,33.812495028091070615034168564920273,49
06/28/2010 13:35:48,42.655296,-71.32478,1.02,1070.98,31.85,13,33.812495028091070615034168564920273,49
06/28/2010 13:35:49,42.655315,-71.32476,0.66,1065.74,31.85,15,33.812495028091070615034168564920273,49
06/28/2010 13:35:50,42.65533,-71.32476,0.55,1059.65,31.85,28,33.733327730181818181818181818181818,49
06/28/2010 13:35:51,42.655346,-71.32476,0.66,1057.34,31.85,11,33.733327730181818181818181818181818,49
06/28/2010 13:35:52,42.65536,-71.324745,0.90,1058.11,31.85,12,33.733327730181818181818181818181818,49
06/28/2010 13:35:54,42.65536,-71.324745,0.70,1058.88,31.85,10,33.733327730181818181818181818181818,49
06/28/2010 13:35:54,42.65536,-71.324745,0.90,1060.42,31.85,11,33.654036284301179138321995464852608,48
06/28/2010 13:35:56,42.65536,-71.324745,0.94,1063.47,31.85,10,33.654036284301179138321995464852608,48
06/28/2010 13:35:57,42.65536,-71.32473,0.98,1065.74,31.85,9,33.654036284301179138321995464852608,47
06/28/2010 13:35:58,42.655388,-71.32473,0.55,1067.25,31.85,7,33.654036284301179138321995464852608,47
06/28/2010 13:35:59,42.655388,-71.324715,0.55,1068.00,31.85,13,33.574620437422986425339366515837104,47
06/28/2010 13:36:00,42.655403,-71.324715,0.59,1068.00,31.85,16,33.654036284301179138321995464852608,47
06/28/2010 13:36:01,42.655403,-71.324715,0.51,1067.25,31.85,11,33.574620437422986425339366515837104,46
06/28/2010 13:36:02,42.65542,-71.324715,0.59,1068.00,31.85,19,33.574620437422986425339366515837104,46
06/28/2010 13:36:03,42.65542,-71.324715,0.66,1069.49,31.85,13,33.574620437422986425339366515837104,46
06/28/2010 13:36:04,42.655437,-71.324715,0.90,1069.49,31.85,12,33.574620437422986425339366515837104,47
06/28/2010 13:36:05,42.655437,-71.324715,0.98,1068.75,31.85,13,33.574620437422986425339366515837104,48
06/28/2010 13:36:06,42.655453,-71.324715,1.05,1069.49,31.85,12,33.574620437422986425339366515837104,49
06/28/2010 13:36:07,42.655453,-71.32473,0.94,1071.72,31.85,11,33.574620437422986425339366515837104,51
06/28/2010 13:36:08,42.655453,-71.32473,1.05,1072.46,31.85,15,33.495079938805733634311512415349887,52
06/28/2010 13:36:09,42.655468,-71.32473,1.45,1072.46,31.85,11,33.495079938805733634311512415349887,53
06/28/2010 13:36:10,42.655468,-71.32473,1.05,1070.98,31.85,12,33.495079938805733634311512415349887,54
06/28/2010 13:36:11,42.655483,-71.324745,0.98,1070.24,31.85,23,33.495079938805733634311512415349887,55
06/28/2010 13:36:12,42.655502,-71.32476,1.09,1069.49,31.85,14,33.495079938805733634311512415349887,56
06/28/2010 13:36:13,42.655518,-71.32476,0.90,1070.24,31.85,26,33.495079938805733634311512415349887,57
06/28/2010 13:36:14,42.655533,-71.32476,0.70,1070.98,31.85,22,33.495079938805733634311512415349887,59
06/28/2010 13:36:15,42.655552,-71.32476,0.51,1070.98,31.85,21,33.495079938805733634311512415349887,60
06/28/2010 13:36:16,42.655567,-71.32476,0.62,1071.72,31.85,40,33.495079938805733634311512415349887,62
06/28/2010 13:36:17,42.655582,-71.32476,0.94,1072.46,31.85,45,33.495079938805733634311512415349887,64
06/28/2010 13:36:18,42.655598,-71.32476,1.13,1072.46,31.85,20,33.495079938805733634311512415349887,65
06/28/2010 13:36:19,42.655617,-71.32476,0.78,1072.46,31.85,33,33.495079938805733634311512415349887,67
06/28/2010 13:36:20,42.655617,-71.32476,0.94,1073.20,31.85,38,33.495079938805733634311512415349887,67
06/28/2010 13:36:21,42.655663,-71.32478,0.90,1073.20,31.85,27,33.495079938805733634311512415349887,70
06/28/2010 13:36:22,42.655663,-71.3248,0.90,1073.93,31.85,23,33.495079938805733634311512415349887,71
06/28/2010 13:36:23,42.655663,-71.3248,0.90,1073.93,31.85,29,33.495079938805733634311512415349887,73
06/28/2010 13:36:24,42.65568,-71.3248,0.62,1073.93,31.85,31,33.495079938805733634311512415349887,74
06/28/2010 13:36:25,42.65568,-71.3248,1.17,1074.67,31.85,28,33.495079938805733634311512415349887,75
06/28/2010 13:36:27,42.655697,-71.324814,1.02,1074.67,31.85,40,33.574620437422986425339366515837104,77
06/28/2010 13:36:28,42.655697,-71.324814,0.86,1074.67,31.85,30,33.574620437422986425339366515837104,77
06/28/2010 13:36:29,42.655712,-71.324814,1.05,1073.93,31.85,26,33.574620437422986425339366515837104,77
06/28/2010 13:36:30,42.655712,-71.32485,0.86,1073.20,31.85,30,33.574620437422986425339366515837104,79
06/28/2010 13:36:31,42.65574,-71.32484,0.82,1073.93,31.85,37,33.574620437422986425339366515837104,78
06/28/2010 13:36:32,42.65574,-71.32484,0.70,1073.93,31.85,34,33.574620437422986425339366515837104,77
06/28/2010 13:36:33,42.65574,-71.324814,0.47,1073.93,31.85,20,33.654036284301179138321995464852608,74
06/28/2010 13:36:34,42.655754,-71.324814,0.59,1074.67,31.85,32,33.654036284301179138321995464852608,72
06/28/2010 13:36:35,42.655754,-71.324814,0.78,1073.93,31.85,23,33.654036284301179138321995464852608,69
06/28/2010 13:36:36,42.655754,-71.324814,0.82,1073.93,31.85,33,33.654036284301179138321995464852608,69
06/28/2010 13:36:37,42.65577,-71.324814,0.94,1073.93,31.85,34,33.654036284301179138321995464852608,67
06/28/2010 13:36:38,42.655754,-71.32484,1.29,1073.93,31.85,39,33.654036284301179138321995464852608,65
06/28/2010 13:36:39,42.65577,-71.32485,1.80,1074.67,31.85,29,33.654036284301179138321995464852608,64
06/28/2010 13:36:40,42.65577,-71.32485,1.02,1073.93,31.85,38,33.733327730181818181818181818181818,62
06/28/2010 13:36:41,42.655785,-71.32487,1.09,1073.93,32.17,32,33.733327730181818181818181818181818,62
06/28/2010 13:36:43,42.655785,-71.32488,1.05,1073.93,31.85,33,33.812495028091070615034168564920273,61
06/28/2010 13:36:44,42.655804,-71.324905,0.82,1073.93,32.17,37,33.812495028091070615034168564920273,61
06/28/2010 13:36:45,42.65582,-71.32492,0.47,1073.93,32.17,35,33.891538433365844748858447488584475,61
06/28/2010 13:36:46,42.65582,-71.32492,0.43,1073.93,32.17,41,33.891538433365844748858447488584475,60
06/28/2010 13:36:47,42.65582,-71.324936,0.70,1073.93,32.17,34,33.970458203680228832951945080091533,59
06/28/2010 13:36:48,42.655834,-71.32495,1.05,1073.93,32.17,33,33.970458203680228832951945080091533,59
06/28/2010 13:36:49,42.655834,-71.32495,1.05,1073.93,32.17,38,34.049254599072293577981651376146789,58
06/28/2010 13:36:50,42.655834,-71.32495,1.02,1073.20,32.17,35,34.049254599072293577981651376146789,58
06/28/2010 13:36:51,42.65585,-71.32497,0.78,1073.93,32.17,23,34.127927881971264367816091954022989,57
06/28/2010 13:36:52,42.65585,-71.32498,0.55,1073.93,32.17,26,34.127927881971264367816091954022989,57
06/28/2010 13:36:53,42.655884,-71.325,0.86,1073.93,32.17,35,34.206478317225069124423963133640553,56
06/28/2010 13:36:54,42.655884,-71.325,1.25,1073.20,32.17,30,34.206478317225069124423963133640553,56
06/28/2010 13:36:55,42.655884,-71.32502,1.13,1073.20,32.17,18,34.206478317225069124423963133640553,56
06/28/2010 13:36:56,42.6559,-71.32502,1.05,1073.20,32.17,18,34.206478317225069124423963133640553,56
06/28/2010 13:36:58,42.6559,-71.325035,0.90,1073.20,32.17,18,34.284906172128267898383371824480370,55
06/28/2010 13:36:59,42.6559,-71.32505,0.78,1073.20,32.17,18,34.284906172128267898383371824480370,54
06/28/2010 13:37:00,42.6559,-71.325066,0.55,1072.46,32.17,12,34.284906172128267898383371824480370,53
06/28/2010 13:37:01,42.6559,-71.32508,0.82,1072.46,32.17,16,34.284906172128267898383371824480370,53
06/28/2010 13:37:02,42.65592,-71.325096,1.13,1072.46,32.49,29,34.284906172128267898383371824480370,53
06/28/2010 13:37:03,42.655933,-71.32511,1.41,1072.46,32.49,23,34.284906172128267898383371824480370,52
06/28/2010 13:37:04,42.655933,-71.32511,1.29,1071.72,32.17,28,34.284906172128267898383371824480370,52
06/28/2010 13:37:05,42.65595,-71.32513,1.29,1071.72,32.17,35,34.284906172128267898383371824480370,51
06/28/2010 13:37:06,42.655964,-71.32515,1.13,1071.72,32.17,38,34.206478317225069124423963133640553,51
06/28/2010 13:37:07,42.655964,-71.32515,1.21,1071.72,32.17,42,34.127927881971264367816091954022989,51
06/28/2010 13:37:08,42.656,-71.32519,1.29,1071.72,31.85,43,34.049254599072293577981651376146789,50
06/28/2010 13:37:09,42.656,-71.3252,1.02,1071.72,31.85,48,34.049254599072293577981651376146789,49
06/28/2010 13:37:10,42.656013,-71.32522,0.94,1070.98,31.85,34,33.970458203680228832951945080091533,49
06/28/2010 13:37:11,42.656013,-71.32523,0.82,1071.72,31.85,38,33.891538433365844748858447488584475,48
06/28/2010 13:37:12,42.656013,-71.32525,0.59,1071.72,31.85,25,33.812495028091070615034168564920273,47
06/28/2010 13:37:14,42.656013,-71.32527,0.55,1071.72,31.85,23,33.812495028091070615034168564920273,47
06/28/2010 13:37:15,42.656013,-71.32529,0.51,1070.98,31.85,31,33.733327730181818181818181818181818,47
06/28/2010 13:37:16,42.656013,-71.3253,0.94,1070.98,31.85,43,33.733327730181818181818181818181818,46
06/28/2010 13:37:17,42.656013,-71.32532,0.86,1068.75,31.52,40,33.654036284301179138321995464852608,46
06/28/2010 13:37:18,42.656013,-71.32533,0.86,1068.75,31.52,41,33.812495028091070615034168564920273,45
06/28/2010 13:37:19,42.656013,-71.32533,0.82,1068.75,31.52,45,34.049254599072293577981651376146789,45
06/28/2010 13:37:20,42.656013,-71.32533,0.82,1068.75,31.52,29,34.206478317225069124423963133640553,45
06/28/2010 13:37:21,42.656013,-71.32533,0.82,1068.75,31.52,36,34.284906172128267898383371824480370,45
06/28/2010 13:37:22,42.656013,-71.32533,0.82,1068.75,31.52,47,34.519456964976744186046511627906977,44
06/28/2010 13:37:23,42.656013,-71.32533,0.82,1068.75,31.52,48,34.597397221355198135198135198135198,44
06/28/2010 13:37:24,42.656013,-71.32533,0.82,1068.75,31.52,44,34.752914398175316159250585480093677,44
06/28/2010 13:37:25,42.656013,-71.32535,0.86,1068.00,31.20,46,34.830491886436431924882629107981221,43
06/28/2010 13:37:26,42.656013,-71.32535,0.82,1067.25,31.20,42,34.985286102297358490566037735849057,43
06/28/2010 13:37:27,42.656013,-71.32535,0.86,1064.99,31.20,40,35.062503413919952718676122931442080,42
06/28/2010 13:37:28,42.656013,-71.32535,0.82,1066.50,31.20,45,35.139601255298957345971563981042654,42
06/28/2010 13:37:30,42.656013,-71.32535,0.86,1067.25,31.20,42,35.216579925414774346793349168646081,41
06/28/2010 13:37:31,42.656013,-71.32535,0.82,1067.25,31.20,37,35.293439726095238095238095238095238,40
06/28/2010 13:37:32,42.656013,-71.32535,0.86,1067.25,31.20,29,35.293439726095238095238095238095238,40
06/28/2010 13:37:33,42.656,-71.32536,0.82,1067.25,31.20,41,35.446803940902966507177033492822967,39
06/28/2010 13:37:34,42.656,-71.32536,0.82,1068.00,31.20,25,35.446803940902966507177033492822967,38
06/28/2010 13:37:35,42.656,-71.32536,0.78,1068.00,31.20,42,35.523308973231318944844124700239808,38
06/28/2010 13:37:36,42.656,-71.32536,0.86,1068.00,31.20,48,35.599696372596923076923076923076923,37
06/28/2010 13:37:37,42.656,-71.32536,0.82,1068.00,30.88,34,35.599696372596923076923076923076923,36
06/28/2010 13:37:38,42.656,-71.32536,0.82,1068.00,31.20,44,35.599696372596923076923076923076923,36
06/28/2010 13:37:39,42.655983,-71.32536,0.66,1070.24,30.88,32,35.370180962049594272076372315035800,35
06/28/2010 13:37:40,42.655983,-71.325386,0.98,1070.98,31.20,45,35.216579925414774346793349168646081,35
06/28/2010 13:37:41,42.655983,-71.325386,1.13,1071.72,31.20,47,35.062503413919952718676122931442080,34
06/28/2010 13:37:42,42.655964,-71.3254,1.33,1072.46,30.88,30,34.985286102297358490566037735849057,34
06/28/2010 13:37:43,42.655964,-71.3254,0.94,1072.46,30.88,28,34.830491886436431924882629107981221,33
06/28/2010 13:37:44,42.65595,-71.32542,0.66,1071.72,30.88,30,34.752914398175316159250585480093677,32
06/28/2010 13:37:46,42.65595,-71.32543,0.51,1072.46,30.88,30,34.675216271560373831775700934579439,31
06/28/2010 13:37:47,42.655933,-71.32545,0.39,1071.72,30.88,33,34.597397221355198135198135198135198,30
06/28/2010 13:37:48,42.655933,-71.32545,0.55,1071.72,30.88,27,34.519456964976744186046511627906977,29
06/28/2010 13:37:49,42.65592,-71.32546,0.98,1070.98,30.88,42,34.441395222464547563805104408352668,29
06/28/2010 13:37:50,42.6559,-71.32546,1.25,1069.49,30.88,42,34.363211716450370370370370370370370,28
06/28/2010 13:37:51,42.6559,-71.32546,0.98,1069.49,30.88,42,34.284906172128267898383371824480370,27
06/28/2010 13:37:52,42.655884,-71.32546,0.86,1069.49,30.88,45,34.206478317225069124423963133640553,27
06/28/2010 13:37:53,42.655884,-71.32545,0.94,1068.75,30.88,45,34.127927881971264367816091954022989,28
06/28/2010 13:37:54,42.655884,-71.32545,0.90,1068.75,30.88,46,34.127927881971264367816091954022989,28
06/28/2010 13:37:55,42.655884,-71.32545,0.82,1070.24,30.88,32,33.970458203680228832951945080091533,28
06/28/2010 13:37:56,42.65587,-71.32545,0.86,1069.49,30.88,16,33.970458203680228832951945080091533,29
06/28/2010 13:37:57,42.65587,-71.32545,0.82,1068.75,30.88,32,33.891538433365844748858447488584475,30
06/28/2010 13:37:58,42.65587,-71.32545,0.86,1069.49,30.88,23,33.891538433365844748858447488584475,32
06/28/2010 13:38:00,42.655884,-71.32545,0.86,1069.49,30.88,20,33.891538433365844748858447488584475,33
06/28/2010 13:38:01,42.655884,-71.32545,0.86,1069.49,30.88,19,33.812495028091070615034168564920273,34
06/28/2010 13:38:02,42.655884,-71.32545,0.82,1069.49,30.88,30,33.812495028091070615034168564920273,34
06/28/2010 13:38:03,42.65587,-71.32546,0.86,1069.49,30.88,36,33.891538433365844748858447488584475,34
06/28/2010 13:38:04,42.65587,-71.32546,0.86,1069.49,30.88,38,33.812495028091070615034168564920273,33
06/28/2010 13:38:05,42.65587,-71.32546,0.90,1069.49,30.88,19,33.812495028091070615034168564920273,33
06/28/2010 13:38:06,42.65587,-71.32546,0.86,1069.49,30.88,16,33.812495028091070615034168564920273,34
06/28/2010 13:38:07,42.65587,-71.32546,0.86,1069.49,30.88,21,33.812495028091070615034168564920273,34
06/28/2010 13:38:08,42.65587,-71.32546,0.86,1069.49,30.88,29,33.812495028091070615034168564920273,34
06/28/2010 13:38:09,42.65587,-71.32546,1.09,1069.49,30.88,13,33.812495028091070615034168564920273,35
06/28/2010 13:38:10,42.65587,-71.32548,0.74,1070.24,30.88,30,33.733327730181818181818181818181818,35
06/28/2010 13:38:11,42.65587,-71.32548,0.62,1070.24,30.88,31,33.654036284301179138321995464852608,35
06/28/2010 13:38:12,42.65587,-71.32549,0.59,1070.24,30.88,25,33.654036284301179138321995464852608,36
06/28/2010 13:38:13,42.65587,-71.325516,0.55,1069.49,30.88,42,33.574620437422986425339366515837104,37
06/28/2010 13:38:14,42.65585,-71.325516,0.90,1070.98,30.88,25,33.574620437422986425339366515837104,38
06/28/2010 13:38:15,42.65585,-71.325516,0.90,1070.98,30.88,35,33.574620437422986425339366515837104,38
06/28/2010 13:38:17,42.65585,-71.325516,0.86,1070.98,30.88,43,33.574620437422986425339366515837104,38
06/28/2010 13:38:18,42.65585,-71.325516,0.90,1070.98,30.88,44,33.574620437422986425339366515837104,38
06/28/2010 13:38:19,42.65585,-71.32549,0.94,1070.98,30.88,47,33.574620437422986425339366515837104,38
06/28/2010 13:38:20,42.65585,-71.32549,0.94,1070.98,30.88,39,33.495079938805733634311512415349887,38
06/28/2010 13:38:21,42.65587,-71.32549,0.98,1070.98,30.88,40,33.574620437422986425339366515837104,39
06/28/2010 13:38:22,42.65587,-71.32549,0.78,1069.49,30.88,34,33.495079938805733634311512415349887,38
06/28/2010 13:38:23,42.65587,-71.32549,0.86,1070.24,30.88,33,33.495079938805733634311512415349887,39
06/28/2010 13:38:24,42.65585,-71.32549,0.98,1069.49,30.88,39,33.415414539966846846846846846846847,39
06/28/2010 13:38:25,42.65585,-71.32549,1.05,1068.75,30.88,29,33.415414539966846846846846846846847,40
06/28/2010 13:38:26,42.655834,-71.325516,0.90,1068.00,30.88,42,33.415414539966846846846846846846847,41
06/28/2010 13:38:27,42.655804,-71.32554,0.90,1068.00,30.88,34,33.335623994657303370786516853932584,41
06/28/2010 13:38:28,42.655804,-71.32554,0.70,1068.75,30.88,27,33.335623994657303370786516853932584,41
06/28/2010 13:38:29,42.65577,-71.325554,0.86,1070.24,30.88,15,33.335623994657303370786516853932584,41
06/28/2010 13:38:30,42.655754,-71.32557,0.90,1071.72,30.88,42,33.335623994657303370786516853932584,40
06/28/2010 13:38:31,42.655712,-71.32557,1.52,1070.98,30.88,40,33.255708058836591928251121076233184,38
06/28/2010 13:38:33,42.655697,-71.325584,1.17,1070.98,30.88,24,33.255708058836591928251121076233184,38
06/28/2010 13:38:34,42.655697,-71.32557,1.13,1070.98,30.88,18,33.255708058836591928251121076233184,39
06/28/2010 13:38:35,42.65568,-71.32557,0.94,1070.98,30.88,25,33.255708058836591928251121076233184,39
06/28/2010 13:38:36,42.655663,-71.32557,0.82,1070.24,30.88,15,33.175666490648008948545861297539150,37
06/28/2010 13:38:37,42.655663,-71.32557,0.62,1070.98,30.88,13,33.175666490648008948545861297539150,36
06/28/2010 13:38:38,42.655647,-71.32557,0.51,1070.98,30.88,21,33.175666490648008948545861297539150,35
06/28/2010 13:38:39,42.655632,-71.32557,0.43,1070.24,30.88,25,33.175666490648008948545861297539150,34
06/28/2010 13:38:40,42.655632,-71.32557,0.59,1068.75,30.88,32,33.175666490648008948545861297539150,34
06/28/2010 13:38:41,42.655598,-71.325584,0.82,1068.75,30.88,44,33.175666490648008948545861297539150,34
06/28/2010 13:38:42,42.655582,-71.325584,1.02,1069.49,30.88,18,33.175666490648008948545861297539150,34
06/28/2010 13:38:43,42.655567,-71.325584,1.09,1070.24,30.88,23,33.095499050394285714285714285714286,34
06/28/2010 13:38:44,42.655567,-71.325584,1.17,1070.24,30.88,40,33.095499050394285714285714285714286,34
06/28/2010 13:38:45,42.655552,-71.3256,0.94,1069.49,30.88,33,33.095499050394285714285714285714286,33
06/28/2010 13:38:47,42.655533,-71.3256,0.82,1070.24,30.88,33,33.095499050394285714285714285714286,31
06/28/2010 13:38:47,42.655533,-71.325615,0.66,1070.24,30.88,17,33.095499050394285714285714285714286,36
06/28/2010 13:38:49,42.655518,-71.325615,0.59,1070.24,30.88,35,33.095499050394285714285714285714286,33
06/28/2010 13:38:50,42.655502,-71.325615,0.66,1070.24,30.88,33,33.095499050394285714285714285714286,31
06/28/2010 13:38:51,42.655468,-71.32564,0.82,1070.98,30.56,33,33.015205500513541202672605790645880,29
06/28/2010 13:38:52,42.655453,-71.32564,1.45,1070.98,30.56,38,33.015205500513541202672605790645880,27
06/28/2010 13:38:53,42.655437,-71.32564,1.13,1071.72,30.56,15,33.015205500513541202672605790645880,26
06/28/2010 13:38:54,42.655437,-71.32564,1.05,1070.98,30.56,44,33.015205500513541202672605790645880,25
06/28/2010 13:38:55,42.65542,-71.32564,0.94,1070.98,30.56,23,33.015205500513541202672605790645880,25
06/28/2010 13:38:56,42.655403,-71.32565,0.66,1070.98,30.56,47,32.934785605555555555555555555555556,24
06/28/2010 13:38:57,42.655403,-71.32565,0.78,1070.24,30.56,45,32.934785605555555555555555555555556,24
06/28/2010 13:38:58,42.655388,-71.32565,0.51,1070.98,30.56,46,32.934785605555555555555555555555556,25
06/28/2010 13:38:59,42.655388,-71.32565,0.55,1071.72,30.56,44,32.934785605555555555555555555555556,26
06/28/2010 13:39:00,42.65536,-71.32565,0.43,1070.98,30.56,45,32.934785605555555555555555555555556,27
06/28/2010 13:39:01,42.65536,-71.32565,0.59,1070.98,30.56,42,32.934785605555555555555555555555556,28
06/28/2010 13:39:03,42.655346,-71.32565,0.90,1070.98,30.56,43,32.934785605555555555555555555555556,27
06/28/2010 13:39:03,42.655346,-71.32565,0.70,1070.98,30.88,35,32.934785605555555555555555555555556,28
06/28/2010 13:39:05,42.655315,-71.32567,0.94,1070.24,30.56,22,32.934785605555555555555555555555556,27
06/28/2010 13:39:06,42.655296,-71.32567,0.98,1070.24,30.56,15,32.934785605555555555555555555555556,25
06/28/2010 13:39:07,42.65528,-71.32568,1.02,1070.98,30.88,23,32.854239132158359201773835920177384,25
06/28/2010 13:39:08,42.65528,-71.32568,1.29,1070.98,30.88,30,32.934785605555555555555555555555556,24
06/28/2010 13:39:09,42.655266,-71.32568,1.33,1070.98,30.88,22,32.934785605555555555555555555555556,25
06/28/2010 13:39:10,42.65525,-71.32568,1.37,1070.98,30.56,27,32.854239132158359201773835920177384,24
06/28/2010 13:39:11,42.65525,-71.32568,1.33,1070.98,30.88,31,32.854239132158359201773835920177384,25
06/28/2010 13:39:12,42.65523,-71.32568,1.13,1070.98,30.88,36,32.854239132158359201773835920177384,25
06/28/2010 13:39:13,42.655216,-71.3257,1.25,1070.98,30.88,28,32.854239132158359201773835920177384,26
06/28/2010 13:39:14,42.6552,-71.3257,1.09,1070.98,30.88,47,32.854239132158359201773835920177384,25
06/28/2010 13:39:15,42.655186,-71.3257,0.82,1070.98,30.88,41,32.854239132158359201773835920177384,25
06/28/2010 13:39:16,42.655186,-71.3257,0.62,1070.24,30.88,41,32.934785605555555555555555555555556,24
06/28/2010 13:39:17,42.655167,-71.3257,0.43,1070.98,30.88,32,32.934785605555555555555555555555556,24
06/28/2010 13:39:19,42.655167,-71.325714,0.78,1070.24,30.88,45,32.934785605555555555555555555555556,24
06/28/2010 13:39:19,42.65515,-71.325714,0.86,1070.24,30.88,33,32.934785605555555555555555555555556,23
06/28/2010 13:39:21,42.655136,-71.325714,1.33,1070.98,30.88,24,32.934785605555555555555555555555556,23
06/28/2010 13:39:22,42.655117,-71.32573,1.05,1070.98,30.88,9,32.934785605555555555555555555555556,23
06/28/2010 13:39:23,42.655117,-71.32573,1.09,1070.24,30.88,7,33.015205500513541202672605790645880,24
06/28/2010 13:39:24,42.6551,-71.32573,1.17,1069.49,30.88,9,33.015205500513541202672605790645880,24
06/28/2010 13:39:25,42.655087,-71.32573,1.17,1070.24,30.88,6,33.015205500513541202672605790645880,24
06/28/2010 13:39:26,42.655087,-71.32573,0.86,1070.24,30.88,10,33.015205500513541202672605790645880,24
06/28/2010 13:39:27,42.65507,-71.32575,0.66,1068.75,30.88,13,33.015205500513541202672605790645880,23
06/28/2010 13:39:28,42.655052,-71.32575,0.39,1069.49,30.88,25,33.015205500513541202672605790645880,23
06/28/2010 13:39:29,42.65503,-71.32575,0.70,1069.49,30.88,44,33.015205500513541202672605790645880,23
06/28/2010 13:39:30,42.654995,-71.32577,1.13,1070.98,30.88,26,33.015205500513541202672605790645880,23
06/28/2010 13:39:31,42.65498,-71.32577,0.94,1070.24,30.88,41,33.015205500513541202672605790645880,23
06/28/2010 13:39:32,42.654964,-71.32577,1.02,1070.98,30.88,33,33.095499050394285714285714285714286,23
06/28/2010 13:39:33,42.654964,-71.32577,0.66,1070.98,30.88,35,33.095499050394285714285714285714286,23
06/28/2010 13:39:35,42.65493,-71.32578,0.55,1071.72,30.88,33,33.095499050394285714285714285714286,23
06/28/2010 13:39:36,42.65493,-71.32578,0.55,1071.72,30.88,24,33.095499050394285714285714285714286,23
06/28/2010 13:39:37,42.654915,-71.32577,0.74,1071.72,30.88,21,33.095499050394285714285714285714286,23
06/28/2010 13:39:38,42.6549,-71.32578,1.48,1072.46,30.88,20,33.095499050394285714285714285714286,24
06/28/2010 13:39:39,42.6549,-71.3258,1.09,1071.72,30.88,47,33.095499050394285714285714285714286,27
06/28/2010 13:39:40,42.654884,-71.32584,0.82,1070.98,30.88,31,33.095499050394285714285714285714286,37
06/28/2010 13:39:41,42.654865,-71.32586,0.74,1070.98,30.88,31,33.175666490648008948545861297539150,39
06/28/2010 13:39:42,42.654865,-71.32589,0.74,1071.72,30.88,33,33.175666490648008948545861297539150,41
06/28/2010 13:39:43,42.65485,-71.32589,0.78,1072.46,30.88,21,33.175666490648008948545861297539150,43
06/28/2010 13:39:44,42.65485,-71.32589,0.86,1072.46,30.88,32,33.175666490648008948545861297539150,44
06/28/2010 13:39:45,42.654835,-71.325905,0.82,1072.46,31.20,29,33.255708058836591928251121076233184,44
06/28/2010 13:39:46,42.65482,-71.325905,0.66,1072.46,30.88,37,33.255708058836591928251121076233184,47
06/28/2010 13:39:47,42.6548,-71.32592,0.82,1072.46,31.20,40,33.335623994657303370786516853932584,47
06/28/2010 13:39:48,42.6548,-71.32592,0.94,1072.46,31.20,35,33.335623994657303370786516853932584,48
06/28/2010 13:39:49,42.654785,-71.32592,1.41,1072.46,31.20,29,33.415414539966846846846846846846847,48
06/28/2010 13:39:50,42.654785,-71.325905,0.90,1072.46,31.20,15,33.415414539966846846846846846846847,48
06/28/2010 13:39:52,42.654785,-71.325905,1.17,1071.72,31.20,21,33.415414539966846846846846846846847,48
06/28/2010 13:39:53,42.65477,-71.32589,1.09,1072.46,31.20,35,33.495079938805733634311512415349887,49
06/28/2010 13:39:54,42.65477,-71.32586,1.09,1071.72,31.20,20,33.495079938805733634311512415349887,48
06/28/2010 13:39:55,42.65477,-71.32584,0.94,1072.46,31.20,16,33.495079938805733634311512415349887,48
06/28/2010 13:39:56,42.65477,-71.32583,1.25,1071.72,31.20,8,33.574620437422986425339366515837104,49
06/28/2010 13:39:57,42.65477,-71.3258,1.37,1071.72,31.20,22,33.495079938805733634311512415349887,49
06/28/2010 13:39:58,42.65477,-71.32578,1.72,1071.72,31.20,23,33.495079938805733634311512415349887,49
06/28/2010 13:39:59,42.654785,-71.32577,1.60,1070.24,31.20,11,33.495079938805733634311512415349887,49
06/28/2010 13:40:00,42.654785,-71.32577,1.68,1070.24,31.20,3,33.495079938805733634311512415349887,51
06/28/2010 13:40:01,42.654785,-71.32577,1.41,1067.25,31.20,6,33.495079938805733634311512415349887,51
06/28/2010 13:40:02,42.654785,-71.32573,1.17,1062.71,31.20,7,33.495079938805733634311512415349887,49
06/28/2010 13:40:03,42.654785,-71.3257,1.02,1064.99,31.20,29,33.495079938805733634311512415349887,48
06/28/2010 13:40:04,42.65477,-71.32568,1.05,1068.75,31.20,13,33.495079938805733634311512415349887,48
06/28/2010 13:40:05,42.65477,-71.32567,1.09,1070.24,31.20,8,33.495079938805733634311512415349887,47
06/28/2010 13:40:07,42.65477,-71.32565,1.05,1070.98,31.20,6,33.495079938805733634311512415349887,46
06/28/2010 13:40:08,42.65475,-71.325615,1.05,1070.98,31.20,4,33.495079938805733634311512415349887,45
06/28/2010 13:40:09,42.654736,-71.3256,1.05,1070.24,31.20,4,33.495079938805733634311512415349887,46
06/28/2010 13:40:10,42.654736,-71.325584,1.09,1066.50,31.20,3,33.495079938805733634311512415349887,46
06/28/2010 13:40:11,42.65472,-71.325554,0.98,1067.25,31.20,5,33.495079938805733634311512415349887,47
06/28/2010 13:40:12,42.654705,-71.32554,1.05,1066.50,31.20,7,33.495079938805733634311512415349887,47
06/28/2010 13:40:13,42.654705,-71.325516,1.13,1068.75,31.20,4,33.495079938805733634311512415349887,48
06/28/2010 13:40:14,42.65468,-71.32549,1.05,1070.24,31.52,6,33.574620437422986425339366515837104,48
06/28/2010 13:40:15,42.654663,-71.32549,1.09,1071.72,31.52,7,33.574620437422986425339366515837104,48
06/28/2010 13:40:16,42.654663,-71.32548,1.09,1071.72,31.52,5,33.574620437422986425339366515837104,48
06/28/2010 13:40:17,42.654648,-71.32548,1.13,1072.46,31.52,5,33.574620437422986425339366515837104,47
06/28/2010 13:40:18,42.65463,-71.32545,0.94,1072.46,31.52,7,33.654036284301179138321995464852608,48
06/28/2010 13:40:19,42.654613,-71.32543,1.09,1072.46,31.52,8,33.654036284301179138321995464852608,48
06/28/2010 13:40:20,42.654613,-71.32543,0.90,1072.46,31.52,10,33.654036284301179138321995464852608,48
06/28/2010 13:40:21,42.6546,-71.32542,0.94,1072.46,31.52,18,33.733327730181818181818181818181818,48
06/28/2010 13:40:22,42.654583,-71.3254,1.13,1072.46,31.52,23,33.654036284301179138321995464852608,47
06/28/2010 13:40:24,42.654583,-71.325386,1.17,1071.72,31.52,30,33.733327730181818181818181818181818,48
06/28/2010 13:40:25,42.654564,-71.32536,1.17,1070.98,31.52,41,33.654036284301179138321995464852608,48
06/28/2010 13:40:26,42.65455,-71.32535,1.25,1070.98,31.52,43,33.654036284301179138321995464852608,49
06/28/2010 13:40:27,42.65455,-71.32535,1.05,1069.49,31.52,33,33.654036284301179138321995464852608,49
06/28/2010 13:40:28,42.654533,-71.32533,1.02,1067.25,31.52,10,33.654036284301179138321995464852608,49
06/28/2010 13:40:29,42.654533,-71.3253,1.09,1065.74,31.52,16,33.574620437422986425339366515837104,50
06/28/2010 13:40:30,42.65452,-71.32529,1.13,1065.74,31.52,9,33.574620437422986425339366515837104,51
06/28/2010 13:40:31,42.6545,-71.32529,1.17,1065.74,31.52,7,33.574620437422986425339366515837104,51
06/28/2010 13:40:32,42.6545,-71.32527,1.25,1067.25,31.52,10,33.654036284301179138321995464852608,52
06/28/2010 13:40:33,42.654484,-71.32523,1.29,1069.49,31.52,45,33.574620437422986425339366515837104,54
06/28/2010 13:40:34,42.65447,-71.32519,1.13,1070.98,31.52,21,33.574620437422986425339366515837104,55
06/28/2010 13:40:35,42.654453,-71.32519,0.90,1071.72,31.52,22,33.574620437422986425339366515837104,55
06/28/2010 13:40:36,42.654453,-71.325165,0.94,1071.72,31.52,11,33.574620437422986425339366515837104,55
06/28/2010 13:40:37,42.654453,-71.32513,0.94,1072.46,31.52,7,33.574620437422986425339366515837104,55
06/28/2010 13:40:38,42.654434,-71.32511,0.55,1071.72,31.20,5,33.574620437422986425339366515837104,56
06/28/2010 13:40:40,42.654434,-71.325096,0.43,1071.72,31.52,2,33.574620437422986425339366515837104,55
06/28/2010 13:40:41,42.654434,-71.32508,0.35,1070.24,31.52,6,33.574620437422986425339366515837104,55
06/28/2010 13:40:42,42.654434,-71.325066,0.39,1068.75,31.52,7,33.574620437422986425339366515837104,55
06/28/2010 13:40:43,42.65442,-71.32505,0.47,1065.74,31.52,12,33.495079938805733634311512415349887,55
06/28/2010 13:40:44,42.65442,-71.32505,0.39,1061.95,31.52,5,33.495079938805733634311512415349887,55
06/28/2010 13:40:45,42.65442,-71.325035,0.55,1061.19,31.52,6,33.495079938805733634311512415349887,55
06/28/2010 13:40:46,42.65442,-71.32502,0.74,1062.71,31.52,5,33.495079938805733634311512415349887,55
06/28/2010 13:40:47,42.65442,-71.325,0.66,1065.74,31.52,8,33.495079938805733634311512415349887,56
06/28/2010 13:40:48,42.65442,-71.32498,0.74,1068.75,31.52,3,33.495079938805733634311512415349887,56
06/28/2010 13:40:49,42.654404,-71.32497,0.70,1070.24,31.20,7,33.495079938805733634311512415349887,56
06/28/2010 13:40:50,42.654385,-71.324936,0.43,1070.98,31.52,5,33.574620437422986425339366515837104,57
06/28/2010 13:40:51,42.654385,-71.32492,0.59,1071.72,31.52,5,33.574620437422986425339366515837104,57
06/28/2010 13:40:52,42.654385,-71.324905,0.51,1072.46,31.52,10,33.574620437422986425339366515837104,57
06/28/2010 13:40:53,42.654385,-71.32487,0.39,1072.46,31.52,42,33.574620437422986425339366515837104,58
06/28/2010 13:40:54,42.654385,-71.32485,0.59,1072.46,31.52,44,33.574620437422986425339366515837104,58
06/28/2010 13:40:56,42.654385,-71.32485,0.55,1072.46,31.52,47,33.495079938805733634311512415349887,58
06/28/2010 13:40:57,42.654385,-71.32484,0.47,1072.46,31.52,48,33.495079938805733634311512415349887,57
06/28/2010 13:40:58,42.654385,-71.324814,0.62,1072.46,31.52,46,33.415414539966846846846846846846847,57
06/28/2010 13:40:59,42.654385,-71.3248,0.78,1072.46,31.52,28,33.415414539966846846846846846846847,56
06/28/2010 13:41:00,42.654385,-71.32478,1.13,1072.46,31.20,21,33.415414539966846846846846846846847,56
06/28/2010 13:41:01,42.654385,-71.32476,1.02,1071.72,31.52,34,33.415414539966846846846846846846847,56
06/28/2010 13:41:02,42.654404,-71.324745,1.13,1072.46,31.52,4,33.415414539966846846846846846846847,56
06/28/2010 13:41:03,42.654404,-71.32473,1.02,1072.46,31.52,3,33.415414539966846846846846846846847,56
06/28/2010 13:41:04,42.654404,-71.324715,1.21,1072.46,31.52,9,33.495079938805733634311512415349887,56
06/28/2010 13:41:05,42.65442,-71.324715,1.17,1072.46,31.52,4,33.495079938805733634311512415349887,56
06/28/2010 13:41:06,42.654404,-71.3247,1.17,1071.72,31.52,5,33.495079938805733634311512415349887,56
06/28/2010 13:41:07,42.65442,-71.32467,1.13,1071.72,31.52,5,33.495079938805733634311512415349887,53
06/28/2010 13:41:08,42.65442,-71.32463,1.13,1070.98,31.52,2,33.495079938805733634311512415349887,52
06/28/2010 13:41:09,42.65442,-71.324615,1.09,1071.72,31.52,4,33.574620437422986425339366515837104,51
06/28/2010 13:41:10,42.654434,-71.3246,1.13,1072.46,31.52,3,33.574620437422986425339366515837104,50
06/28/2010 13:41:12,42.654434,-71.324585,1.13,1072.46,31.52,4,33.574620437422986425339366515837104,49
06/28/2010 13:41:13,42.654434,-71.324554,1.21,1072.46,31.52,9,33.574620437422986425339366515837104,49
06/28/2010 13:41:14,42.654434,-71.32454,1.13,1073.20,31.52,19,33.654036284301179138321995464852608,48
06/28/2010 13:41:15,42.654434,-71.32452,1.13,1072.46,31.52,15,33.654036284301179138321995464852608,48
06/28/2010 13:41:16,42.654453,-71.324486,1.05,1072.46,31.52,10,33.654036284301179138321995464852608,48
06/28/2010 13:41:17,42.654453,-71.324486,1.02,1072.46,31.52,8,33.654036284301179138321995464852608,47
06/28/2010 13:41:18,42.65447,-71.32446,1.02,1072.46,31.52,8,33.654036284301179138321995464852608,47
06/28/2010 13:41:19,42.65447,-71.32445,1.21,1072.46,31.52,19,33.654036284301179138321995464852608,46
06/28/2010 13:41:20,42.654484,-71.32443,1.13,1073.20,31.52,17,33.654036284301179138321995464852608,46
06/28/2010 13:41:21,42.6545,-71.32442,1.13,1072.46,31.52,8,33.654036284301179138321995464852608,46
06/28/2010 13:41:22,42.65452,-71.324394,1.25,1072.46,31.52,4,33.654036284301179138321995464852608,46
06/28/2010 13:41:23,42.654533,-71.32438,1.09,1071.72,31.52,3,33.654036284301179138321995464852608,45
06/28/2010 13:41:24,42.65455,-71.32438,1.25,1071.72,31.52,2,33.654036284301179138321995464852608,45
06/28/2010 13:41:25,42.65455,-71.32436,1.05,1071.72,31.52,1,33.654036284301179138321995464852608,46
06/28/2010 13:41:26,42.654564,-71.32436,1.13,1071.72,31.85,1,33.733327730181818181818181818181818,46
06/28/2010 13:41:28,42.654564,-71.32435,1.21,1071.72,31.52,1,33.733327730181818181818181818181818,46
06/28/2010 13:41:29,42.654583,-71.32435,1.41,1071.72,31.52,1,33.812495028091070615034168564920273,46
06/28/2010 13:41:30,42.6546,-71.32435,1.48,1071.72,31.52,6,33.812495028091070615034168564920273,46
06/28/2010 13:41:31,42.6546,-71.32435,1.48,1071.72,31.85,12,33.812495028091070615034168564920273,46
06/28/2010 13:41:32,42.654613,-71.32435,1.25,1070.98,31.85,6,33.891538433365844748858447488584475,46
06/28/2010 13:41:33,42.654613,-71.32433,1.37,1070.98,31.85,14,33.891538433365844748858447488584475,47
06/28/2010 13:41:34,42.654613,-71.32433,1.48,1071.72,31.85,12,33.970458203680228832951945080091533,47
06/28/2010 13:41:35,42.65463,-71.32433,1.02,1071.72,31.85,10,33.970458203680228832951945080091533,47
06/28/2010 13:41:36,42.65463,-71.32433,1.17,1070.98,31.85,4,33.970458203680228832951945080091533,47
06/28/2010 13:41:37,42.654648,-71.32435,1.45,1070.98,31.85,7,33.970458203680228832951945080091533,47
06/28/2010 13:41:38,42.654663,-71.32436,1.25,1070.98,31.85,5,33.970458203680228832951945080091533,45
06/28/2010 13:41:39,42.65468,-71.32438,1.02,1070.98,31.85,5,33.970458203680228832951945080091533,45
06/28/2010 13:41:40,42.65468,-71.324394,0.74,1070.24,31.85,5,33.970458203680228832951945080091533,45
06/28/2010 13:41:41,42.654705,-71.32443,0.62,1070.98,31.85,5,33.970458203680228832951945080091533,44
06/28/2010 13:41:42,42.65472,-71.32445,0.74,1070.98,31.85,7,33.970458203680228832951945080091533,44
06/28/2010 13:41:44,42.65472,-71.32445,0.82,1070.98,31.85,3,33.970458203680228832951945080091533,44
06/28/2010 13:41:45,42.654736,-71.32446,0.90,1070.24,31.85,5,33.970458203680228832951945080091533,45
06/28/2010 13:41:46,42.65475,-71.324486,1.05,1068.75,31.85,8,33.970458203680228832951945080091533,45
06/28/2010 13:41:47,42.65477,-71.32452,1.17,1068.00,31.85,7,33.970458203680228832951945080091533,45
06/28/2010 13:41:48,42.65477,-71.32454,1.25,1066.50,31.85,4,33.970458203680228832951945080091533,45
06/28/2010 13:41:49,42.654785,-71.324554,1.21,1061.19,31.85,3,33.970458203680228832951945080091533,45
06/28/2010 13:41:50,42.6548,-71.32457,1.17,1061.19,31.85,5,33.891538433365844748858447488584475,45
06/28/2010 13:41:51,42.6548,-71.324585,1.29,1065.74,31.85,6,33.891538433365844748858447488584475,46
06/28/2010 13:41:52,42.6548,-71.3246,1.25,1068.00,31.85,5,33.891538433365844748858447488584475,46
06/28/2010 13:41:53,42.65482,-71.324615,1.21,1068.75,31.85,5,33.891538433365844748858447488584475,46
06/28/2010 13:41:54,42.654835,-71.32463,1.05,1068.75,31.85,6,33.891538433365844748858447488584475,46
06/28/2010 13:41:55,42.65485,-71.32467,1.21,1070.24,31.85,10,33.891538433365844748858447488584475,46
06/28/2010 13:41:56,42.65485,-71.324684,1.21,1070.24,31.85,15,33.891538433365844748858447488584475,46
06/28/2010 13:41:57,42.654865,-71.3247,1.09,1070.98,31.85,31,33.891538433365844748858447488584475,46
06/28/2010 13:41:58,42.654884,-71.324715,0.98,1070.98,31.85,33,33.812495028091070615034168564920273,46
06/28/2010 13:41:59,42.654884,-71.32473,1.02,1070.98,31.85,37,33.812495028091070615034168564920273,46
06/28/2010 13:42:01,42.6549,-71.324745,1.05,1071.72,31.85,30,33.891538433365844748858447488584475,46
06/28/2010 13:42:02,42.6549,-71.32476,1.09,1071.72,31.85,29,33.812495028091070615034168564920273,46
06/28/2010 13:42:03,42.654915,-71.32478,1.09,1071.72,31.85,24,33.812495028091070615034168564920273,46
06/28/2010 13:42:04,42.65493,-71.32478,1.13,1071.72,31.85,18,33.812495028091070615034168564920273,46
06/28/2010 13:42:05,42.65495,-71.3248,1.05,1071.72,31.85,17,33.812495028091070615034168564920273,46
06/28/2010 13:42:06,42.65495,-71.324814,0.90,1070.98,31.85,9,33.812495028091070615034168564920273,45
06/28/2010 13:42:07,42.654964,-71.32484,0.62,1070.24,31.85,5,33.812495028091070615034168564920273,45
06/28/2010 13:42:08,42.65498,-71.32484,0.98,1071.72,31.85,14,33.812495028091070615034168564920273,46
06/28/2010 13:42:09,42.65498,-71.32485,1.29,1071.72,31.85,22,33.812495028091070615034168564920273,46
06/28/2010 13:42:10,42.655014,-71.32488,1.21,1071.72,31.85,22,33.812495028091070615034168564920273,46
06/28/2010 13:42:11,42.655014,-71.32488,1.09,1071.72,31.85,22,33.812495028091070615034168564920273,47
06/28/2010 13:42:12,42.655014,-71.324905,0.90,1071.72,31.85,23,33.733327730181818181818181818181818,47
06/28/2010 13:42:13,42.65503,-71.32492,0.86,1070.98,31.85,10,33.733327730181818181818181818181818,48
06/28/2010 13:42:14,42.65503,-71.324936,0.62,1070.98,31.85,13,33.733327730181818181818181818181818,48
06/28/2010 13:42:15,42.65503,-71.32495,0.39,1070.24,31.85,6,33.733327730181818181818181818181818,48
06/28/2010 13:42:17,42.655052,-71.32495,0.43,1069.49,31.85,9,33.654036284301179138321995464852608,48
06/28/2010 13:42:18,42.655052,-71.32497,0.66,1070.24,31.52,7,33.654036284301179138321995464852608,49
06/28/2010 13:42:19,42.65507,-71.32498,0.98,1069.49,31.52,8,33.654036284301179138321995464852608,49
06/28/2010 13:42:20,42.65507,-71.325,0.82,1070.98,31.52,5,33.574620437422986425339366515837104,49
06/28/2010 13:42:21,42.655087,-71.325035,1.09,1071.72,31.52,10,33.574620437422986425339366515837104,49
06/28/2010 13:42:22,42.655087,-71.32505,1.09,1070.24,31.52,18,33.574620437422986425339366515837104,49
06/28/2010 13:42:23,42.655087,-71.325066,0.90,1069.49,31.52,42,33.574620437422986425339366515837104,49
06/28/2010 13:42:24,42.65507,-71.32508,0.98,1070.98,31.52,12,33.495079938805733634311512415349887,49
06/28/2010 13:42:25,42.65507,-71.325096,1.29,1072.46,31.52,9,33.495079938805733634311512415349887,49
06/28/2010 13:42:26,42.655052,-71.32511,1.21,1072.46,31.52,17,33.495079938805733634311512415349887,49
06/28/2010 13:42:27,42.65503,-71.32515,1.45,1072.46,31.52,23,33.415414539966846846846846846846847,50
06/28/2010 13:42:28,42.655014,-71.325165,1.21,1072.46,31.52,15,33.415414539966846846846846846846847,51
06/28/2010 13:42:29,42.655014,-71.32519,0.82,1072.46,31.52,8,33.415414539966846846846846846846847,52
06/28/2010 13:42:30,42.655014,-71.3252,0.62,1072.46,31.52,19,33.415414539966846846846846846846847,52
06/28/2010 13:42:32,42.654995,-71.32522,0.47,1071.72,31.52,21,33.415414539966846846846846846846847,53
06/28/2010 13:42:33,42.65498,-71.32523,0.51,1070.98,31.52,44,33.415414539966846846846846846846847,55
06/28/2010 13:42:34,42.654964,-71.32525,0.59,1070.98,31.52,29,33.335623994657303370786516853932584,57
06/28/2010 13:42:35,42.65495,-71.32527,0.70,1069.49,31.20,35,33.335623994657303370786516853932584,59
06/28/2010 13:42:36,42.65495,-71.32529,0.78,1070.24,31.20,25,33.335623994657303370786516853932584,61
06/28/2010 13:42:37,42.65493,-71.3253,0.82,1070.24,31.20,28,33.255708058836591928251121076233184,63
06/28/2010 13:42:38,42.654915,-71.32532,0.90,1070.24,31.20,38,33.255708058836591928251121076233184,64
06/28/2010 13:42:39,42.6549,-71.32532,0.98,1067.25,31.20,37,33.255708058836591928251121076233184,64
06/28/2010 13:42:40,42.654884,-71.32532,0.78,1063.47,31.20,35,33.175666490648008948545861297539150,65
06/28/2010 13:42:41,42.654865,-71.32533,0.86,1061.19,31.20,42,33.175666490648008948545861297539150,65
06/28/2010 13:42:42,42.65485,-71.32533,0.94,1054.23,30.88,48,33.095499050394285714285714285714286,66
06/28/2010 13:42:43,42.654835,-71.32535,0.86,1051.87,30.88,33,33.095499050394285714285714285714286,67
06/28/2010 13:42:44,42.65482,-71.32536,0.66,1061.19,30.88,48,33.015205500513541202672605790645880,66
06/28/2010 13:42:45,42.65482,-71.3254,0.82,1068.75,30.88,41,33.015205500513541202672605790645880,66
06/28/2010 13:42:46,42.65482,-71.32542,0.82,1070.24,30.88,19,33.015205500513541202672605790645880,66
06/28/2010 13:42:47,42.65482,-71.32543,0.94,1069.49,31.20,30,33.015205500513541202672605790645880,65
06/28/2010 13:42:49,42.6548,-71.32545,0.66,1069.49,30.88,48,33.015205500513541202672605790645880,65
06/28/2010 13:42:50,42.6548,-71.32545,0.51,1068.75,30.88,46,33.015205500513541202672605790645880,65
06/28/2010 13:42:51,42.6548,-71.32548,0.47,1069.49,30.88,44,33.015205500513541202672605790645880,63
06/28/2010 13:42:52,42.6548,-71.32549,0.35,1070.98,30.88,27,33.015205500513541202672605790645880,62
06/28/2010 13:42:53,42.6548,-71.32554,0.31,1070.98,30.88,28,33.015205500513541202672605790645880,61
06/28/2010 13:42:54,42.6548,-71.325554,0.35,1071.72,30.88,40,33.015205500513541202672605790645880,60
06/28/2010 13:42:55,42.6548,-71.32557,0.35,1070.98,30.88,46,33.015205500513541202672605790645880,60
06/28/2010 13:42:56,42.654785,-71.325584,0.35,1068.75,30.88,45,33.015205500513541202672605790645880,59
06/28/2010 13:42:57,42.654785,-71.325615,0.39,1064.99,30.88,44,33.015205500513541202672605790645880,56
06/28/2010 13:42:58,42.65477,-71.32565,0.27,1068.00,30.88,28,33.015205500513541202672605790645880,55
06/28/2010 13:42:59,42.65477,-71.3257,0.39,1070.98,30.88,25,32.934785605555555555555555555555556,53
06/28/2010 13:43:00,42.65477,-71.32573,0.39,1071.72,30.88,22,32.934785605555555555555555555555556,51
06/28/2010 13:43:01,42.65477,-71.32575,0.78,1072.46,30.88,13,33.015205500513541202672605790645880,51
06/28/2010 13:43:02,42.65477,-71.32578,0.66,1073.20,30.88,37,33.015205500513541202672605790645880,51
06/28/2010 13:43:03,42.65477,-71.3258,0.51,1073.93,30.56,27,33.015205500513541202672605790645880,49
06/28/2010 13:43:05,42.65477,-71.32583,0.43,1073.20,30.56,42,33.015205500513541202672605790645880,50
06/28/2010 13:43:06,42.65475,-71.32584,0.31,1073.20,30.88,43,33.015205500513541202672605790645880,50
06/28/2010 13:43:07,42.65475,-71.32586,0.55,1073.93,30.56,42,32.934785605555555555555555555555556,50
06/28/2010 13:43:08,42.65475,-71.32589,1.02,1076.13,30.56,44,32.934785605555555555555555555555556,50
06/28/2010 13:43:09,42.65475,-71.325905,1.41,1076.13,30.56,44,32.934785605555555555555555555555556,51
06/28/2010 13:43:10,42.654736,-71.32592,1.48,1075.40,30.56,26,32.934785605555555555555555555555556,50
06/28/2010 13:43:11,42.654736,-71.32595,1.29,1075.40,30.56,25,32.934785605555555555555555555555556,51
06/28/2010 13:43:12,42.654736,-71.325966,1.25,1074.67,30.56,27,32.934785605555555555555555555555556,51
06/28/2010 13:43:13,42.65472,-71.32598,1.25,1073.93,30.56,26,32.934785605555555555555555555555556,52
06/28/2010 13:43:14,42.65472,-71.326035,1.05,1073.93,30.56,31,32.934785605555555555555555555555556,53
06/28/2010 13:43:15,42.65472,-71.32605,1.05,1073.93,30.56,33,32.854239132158359201773835920177384,53
06/28/2010 13:43:16,42.65472,-71.326065,1.13,1073.20,30.56,25,32.854239132158359201773835920177384,54
06/28/2010 13:43:17,42.654705,-71.32608,1.33,1072.46,30.56,8,32.934785605555555555555555555555556,55
06/28/2010 13:43:18,42.654705,-71.326096,1.29,1073.20,30.88,25,32.854239132158359201773835920177384,56
06/28/2010 13:43:19,42.65468,-71.32612,1.45,1073.93,30.56,40,32.854239132158359201773835920177384,57
06/28/2010 13:43:21,42.65468,-71.32612,1.17,1073.93,30.56,41,32.854239132158359201773835920177384,57
06/28/2010 13:43:22,42.65468,-71.32613,1.05,1073.93,30.88,40,32.854239132158359201773835920177384,57
06/28/2010 13:43:23,42.65468,-71.32615,1.02,1073.93,30.88,44,32.854239132158359201773835920177384,57
06/28/2010 13:43:24,42.654663,-71.326164,0.82,1073.93,30.56,47,32.854239132158359201773835920177384,58
06/28/2010 13:43:25,42.654663,-71.326164,0.86,1073.20,30.56,47,32.854239132158359201773835920177384,57
06/28/2010 13:43:26,42.654663,-71.32618,1.25,1070.98,30.88,42,32.854239132158359201773835920177384,56
06/28/2010 13:43:27,42.654648,-71.326195,1.09,1070.24,30.88,20,32.854239132158359201773835920177384,55
06/28/2010 13:43:28,42.654648,-71.326195,1.25,1070.98,30.56,18,32.854239132158359201773835920177384,54
06/28/2010 13:43:29,42.65463,-71.32622,0.78,1070.98,30.88,18,32.854239132158359201773835920177384,53
06/28/2010 13:43:30,42.65463,-71.326256,0.59,1070.98,30.88,15,32.854239132158359201773835920177384,56
06/28/2010 13:43:31,42.654648,-71.32627,0.66,1069.49,30.88,37,32.854239132158359201773835920177384,59
06/28/2010 13:43:32,42.654648,-71.32627,0.94,1070.98,30.88,11,32.934785605555555555555555555555556,60
06/28/2010 13:43:33,42.654648,-71.32629,0.94,1071.72,30.88,8,32.934785605555555555555555555555556,61
06/28/2010 13:43:34,42.654648,-71.32629,1.09,1069.49,30.88,7,32.934785605555555555555555555555556,63
06/28/2010 13:43:36,42.654663,-71.32629,0.94,1068.75,30.88,10,32.934785605555555555555555555555556,63
