,,,,,
1238073516,24.941176470588232,56,17.75953723455879,NaN,NaN
1238073517,25.23921568627452,62,18.515752105004317,NaN,NaN
1238073518,25.537254901960793,66,19.46102069306122,NaN,NaN
1238073520,24.941176470588232,78,18.610278963810007,NaN,NaN
1238073521,25.537254901960793,94,18.421225246198624,NaN,NaN
1238073523,25.23921568627452,104,18.704805822615697,NaN,NaN
1238073524,25.537254901960793,110,17.570483516947398,NaN,NaN
1238073525,25.537254901960793,100,17.381429799336022,NaN,NaN
1238073527,25.23921568627452,84,18.137644669781544,NaN,NaN
1238073528,25.537254901960793,86,18.610278963810007,NaN,NaN
1238073531,25.23921568627452,78,18.326698387392927,NaN,NaN
1238073532,25.835294117647056,80,18.610278963810007,NaN,NaN
1238073534,25.537254901960793,64,18.704805822615697,NaN,NaN
1238073535,25.835294117647056,88,18.04311781097586,NaN,NaN
1238073537,25.537254901960793,82,20.311762422312448,NaN,NaN
1238073538,25.835294117647056,86,17.475956658141712,NaN,NaN
1238073539,25.537254901960793,106,16.436161211279103,NaN,NaN
1238073541,25.23921568627452,108,17.286902940530332,NaN,NaN
1238073542,25.835294117647056,100,16.530688070084796,NaN,NaN
1238073544,26.13333333333334,102,17.665010375753088,NaN,NaN
1238073545,25.835294117647056,110,16.152580634862037,NaN,NaN
1238073546,25.835294117647056,114,16.814268646501876,NaN,NaN
1238073548,25.835294117647056,84,18.232171528587234,NaN,NaN
1238073549,26.13333333333334,56,17.854064093364478,NaN,NaN
1238073551,25.537254901960793,52,17.665010375753088,NaN,NaN
1238073552,25.835294117647056,50,18.515752105004317,NaN,NaN
1238073554,25.835294117647056,50,17.75953723455879,NaN,NaN
1238073555,25.537254901960793,54,18.515752105004317,NaN,NaN
1238073556,26.13333333333334,56,18.326698387392927,NaN,NaN
1238073558,26.13333333333334,62,18.137644669781544,NaN,NaN
1238073559,26.13333333333334,60,18.137644669781544,NaN,NaN
1238073560,26.13333333333334,50,17.19237608172464,NaN,NaN
1238073562,26.13333333333334,34,18.232171528587234,NaN,NaN
1238073563,25.835294117647056,24,17.75953723455879,NaN,NaN
1238073565,26.13333333333334,18,18.137644669781544,NaN,NaN
1238073566,26.431372549019617,42,19.839128128283992,NaN,NaN
1238073568,26.13333333333334,50,18.421225246198624,NaN,NaN
1238073569,26.431372549019617,54,19.839128128283992,NaN,NaN
1238073570,25.835294117647056,56,19.839128128283992,NaN,NaN
1238073572,26.13333333333334,58,20.50081613992383,NaN,NaN
1238073573,26.13333333333334,62,20.217235563506755,NaN,NaN
1238073575,25.835294117647056,66,21.067977292757977,NaN,NaN
1238073576,26.13333333333334,64,19.082913257838463,NaN,NaN
1238073577,25.835294117647056,46,21.067977292757977,NaN,NaN
1238073579,25.835294117647056,100,21.067977292757977,NaN,NaN
1238073580,26.13333333333334,106,21.257031010369353,NaN,NaN
1238073582,25.835294117647056,110,20.784396716340904,NaN,NaN
1238073583,25.835294117647056,110,21.35155786917505,NaN,NaN
1238073584,26.431372549019617,104,20.689869857535204,NaN,NaN
1238073586,25.835294117647056,100,23.14756818648318,NaN,NaN
1238073587,26.431372549019617,104,23.05304132767749,NaN,NaN
1238073589,26.13333333333334,110,23.525675621705947,NaN,NaN
1238073590,26.13333333333334,104,23.71472933931733,NaN,NaN
1238073591,26.431372549019617,106,21.257031010369353,NaN,NaN
1238073593,25.835294117647056,110,21.35155786917505,NaN,NaN
1238073594,26.431372549019617,122,16.625214928890493,NaN,NaN
1238073596,26.13333333333334,150,20.59534299872952,NaN,NaN
1238073597,26.431372549019617,144,19.839128128283992,NaN,NaN
1238073598,26.13333333333334,98,18.515752105004317,NaN,NaN
1238073600,26.13333333333334,62,18.421225246198624,NaN,NaN
1238073601,26.13333333333334,56,18.98838639903277,NaN,NaN
1238073603,26.13333333333334,64,17.948590952170168,NaN,NaN
1238073604,27.027450980392164,62,17.665010375753088,NaN,NaN
1238073605,26.431372549019617,28,17.381429799336022,NaN,NaN
1238073607,26.13333333333334,24,18.515752105004317,NaN,NaN
1238073608,26.13333333333334,20,17.665010375753088,NaN,NaN
1238073610,26.13333333333334,32,16.90879550530756,NaN,NaN
1238073611,26.431372549019617,46,18.232171528587234,NaN,NaN
1238073612,26.72941176470588,50,17.475956658141712,NaN,NaN
1238073614,26.13333333333334,58,17.475956658141712,NaN,NaN
1238073615,26.431372549019617,60,17.475956658141712,NaN,NaN
1238073617,26.72941176470588,62,17.286902940530332,NaN,NaN
1238073618,26.13333333333334,50,16.341634352473413,NaN,NaN
1238073619,26.72941176470588,48,16.530688070084796,NaN,NaN
1238073621,26.431372549019617,54,17.19237608172464,NaN,NaN
1238073622,26.431372549019617,66,17.097849222918942,NaN,NaN
1238073624,26.72941176470588,76,17.097849222918942,NaN,NaN
1238073625,26.13333333333334,90,16.436161211279103,NaN,NaN
1238073626,26.72941176470588,108,17.570483516947398,NaN,NaN
1238073628,26.431372549019617,124,17.948590952170168,NaN,NaN
1238073629,26.72941176470588,138,17.19237608172464,NaN,NaN
1238073631,26.72941176470588,132,17.948590952170168,NaN,NaN
1238073632,26.13333333333334,128,17.948590952170168,NaN,NaN
1238073633,26.13333333333334,126,17.665010375753088,NaN,NaN
1238073635,26.72941176470588,172,17.097849222918942,NaN,NaN
1238073636,26.72941176470588,186,17.097849222918942,NaN,NaN
1238073638,26.431372549019617,174,17.381429799336022,NaN,NaN
1238073639,26.431372549019617,192,17.475956658141712,NaN,NaN
1238073640,26.72941176470588,174,17.75953723455879,NaN,NaN
1238073642,26.431372549019617,166,17.75953723455879,NaN,NaN
1238073643,26.72941176470588,198,17.570483516947398,NaN,NaN
1238073645,26.72941176470588,214,17.00332236411325,NaN,NaN
1238073646,26.431372549019617,356,16.625214928890493,NaN,NaN
1238073647,27.027450980392164,218,18.421225246198624,NaN,NaN
1238073649,27.027450980392164,202,17.948590952170168,NaN,NaN
1238073650,26.72941176470588,184,19.36649383425553,NaN,NaN
1238073652,26.72941176470588,158,19.082913257838463,NaN,NaN
1238073653,26.72941176470588,126,20.784396716340904,NaN,NaN
1238073654,26.72941176470588,120,20.689869857535204,NaN,NaN
1238073656,26.72941176470588,118,19.36649383425553,NaN,NaN
1238073657,27.325490196078437,208,17.75953723455879,NaN,NaN
1238073659,27.027450980392164,248,18.137644669781544,NaN,NaN
1238073660,27.325490196078437,230,17.286902940530332,NaN,NaN
1238073661,26.72941176470588,264,19.271966975449846,NaN,NaN
1238073663,27.027450980392164,616,17.381429799336022,NaN,NaN
1238073664,27.027450980392164,562,16.90879550530756,NaN,NaN
1238073666,26.72941176470588,316,16.247107493667727,NaN,NaN
1238073667,27.027450980392164,520,17.381429799336022,NaN,NaN
1238073668,27.325490196078437,1466,19.65007441067261,NaN,NaN
1238073670,26.72941176470588,210,19.271966975449846,NaN,NaN
1238073671,27.027450980392164,152,18.04311781097586,NaN,NaN
1238073673,26.72941176470588,298,17.475956658141712,NaN,NaN
1238073674,27.027450980392164,294,16.625214928890493,NaN,NaN
1238073675,27.325490196078437,184,16.436161211279103,NaN,NaN
1238073677,26.72941176470588,124,15.679946340833574,NaN,NaN
1238073678,27.325490196078437,116,16.436161211279103,NaN,NaN
1238073679,27.325490196078437,114,17.19237608172464,NaN,NaN
1238073681,27.325490196078437,110,16.625214928890493,NaN,NaN
1238073682,27.325490196078437,96,17.75953723455879,NaN,NaN
1238073684,27.325490196078437,70,16.90879550530756,NaN,NaN
1238073685,27.325490196078437,56,18.610278963810007,NaN,NaN
1238073687,27.325490196078437,46,17.286902940530332,NaN,NaN
1238073688,27.325490196078437,38,12.655086859051458,NaN,NaN
1238073689,27.027450980392164,36,17.570483516947398,NaN,NaN
1238073691,27.027450980392164,106,17.286902940530332,NaN,NaN
1238073692,27.325490196078437,126,17.475956658141712,NaN,NaN
1238073694,27.325490196078437,66,17.854064093364478,NaN,NaN
1238073695,27.027450980392164,54,17.570483516947398,NaN,NaN
1238073696,27.325490196078437,36,17.854064093364478,NaN,NaN
1238073698,27.325490196078437,38,17.854064093364478,NaN,NaN
1238073699,27.325490196078437,38,18.704805822615697,NaN,NaN
1238073700,27.027450980392164,40,17.854064093364478,NaN,NaN
1238073702,27.6235294117647,42,17.00332236411325,NaN,NaN
1238073703,27.027450980392164,40,17.75953723455879,NaN,NaN
1238073705,27.325490196078437,42,17.570483516947398,NaN,NaN
1238073706,27.325490196078437,62,17.948590952170168,NaN,NaN
1238073708,27.325490196078437,54,17.475956658141712,NaN,NaN
1238073709,27.325490196078437,50,17.75953723455879,NaN,NaN
1238073710,27.325490196078437,50,17.948590952170168,NaN,NaN
1238073712,26.72941176470588,48,18.421225246198624,NaN,NaN
1238073713,27.027450980392164,36,18.326698387392927,NaN,NaN
1238073715,27.027450980392164,42,17.854064093364478,NaN,NaN
1238073716,27.325490196078437,46,17.665010375753088,NaN,NaN
1238073717,27.325490196078437,50,18.326698387392927,NaN,NaN
1238073719,27.325490196078437,44,17.948590952170168,NaN,NaN
1238073720,27.325490196078437,46,18.421225246198624,NaN,NaN
1238073722,27.325490196078437,46,18.610278963810007,NaN,NaN
1238073723,27.325490196078437,48,18.04311781097586,NaN,NaN
1238073724,27.325490196078437,56,17.570483516947398,NaN,NaN
1238073726,27.6235294117647,38,17.854064093364478,NaN,NaN
1238073727,27.325490196078437,60,18.799332681421383,NaN,NaN
1238073729,27.027450980392164,78,18.137644669781544,NaN,NaN
1238073730,27.027450980392164,92,18.610278963810007,NaN,NaN
1238073731,27.325490196078437,82,18.893859540227073,NaN,NaN
1238073733,27.027450980392164,90,19.082913257838463,NaN,NaN
1238073734,27.325490196078437,94,18.799332681421383,NaN,NaN
1238073736,27.325490196078437,82,21.44608472798074,NaN,NaN
1238073737,27.325490196078437,78,19.744601269478302,NaN,NaN
1238073739,27.325490196078437,74,20.784396716340904,NaN,NaN
1238073740,27.325490196078437,76,20.59534299872952,NaN,NaN
