,,,,,
1238504643,14.807843137254906,1434,44.983272570597855,NaN,NaN
1238504644,14.807843137254906,1432,44.794218852986475,42.64289833333334,-71.33436
1238504646,14.807843137254906,1430,43.94347712373525,42.64289833333334,-71.33436
1238504647,15.403921568627455,1434,44.227057700152315,42.64303499999999,-71.334405
1238504649,15.10588235294118,1432,43.092735394484016,42.64303499999999,-71.334405
1238504650,14.807843137254906,1430,42.43104738284419,42.64308166666667,-71.33442333333333
1238504652,14.509803921568631,1412,42.05293994762141,42.64308166666667,-71.33442333333333
1238504653,14.807843137254906,622,37.326597007336865,42.64308166666667,-71.33442333333333
1238504655,14.509803921568631,320,41.769359371204345,42.64308166666667,-71.33442333333333
1238504656,14.807843137254906,170,42.43104738284419,42.64308166666667,-71.33442333333333
1238504657,14.509803921568631,92,41.86388623001004,42.64308166666667,-71.33442333333333
1238504659,14.509803921568631,116,41.58030565359296,42.64308166666667,-71.33442333333333
1238504660,14.509803921568631,172,40.54051020673037,42.64308166666667,-71.33442333333333
1238504662,14.509803921568631,60,41.67483251239866,42.64308166666667,-71.33442333333333
1238504663,14.509803921568631,50,41.48577879478728,42.64308166666667,-71.33442333333333
1238504664,14.509803921568631,198,41.769359371204345,42.64308166666667,-71.33442333333333
1238504666,14.807843137254906,242,41.48577879478728,42.64308166666667,-71.33442333333333
1238504667,15.10588235294118,244,42.336520524038505,42.64308166666667,-71.33442333333333
1238504669,15.10588235294118,272,42.24199366523279,42.64308166666667,-71.33442333333333
1238504670,15.701960784313728,254,41.67483251239866,42.64308166666667,-71.33442333333333
1238504671,15.701960784313728,48,41.769359371204345,42.64308166666667,-71.33442333333333
1238504673,15.701960784313728,68,41.01314450075881,42.64308166666667,-71.33442333333333
1238504674,16.000000000000004,64,40.44598334792467,42.64308166666667,-71.33442333333333
1238504676,16.000000000000004,68,41.10767135956451,42.64308166666667,-71.33442333333333
1238504677,16.298039215686277,200,40.72956392434175,42.64308166666667,-71.33442333333333
1238504678,16.298039215686277,94,39.68976847747914,42.64308166666667,-71.33442333333333
1238504680,16.298039215686277,48,39.68976847747914,42.64308166666667,-71.33442333333333
1238504681,16.59607843137255,102,39.68976847747914,42.64308166666667,-71.33442333333333
1238504683,16.894117647058827,12,38.93355360703361,42.64308166666667,-71.33442333333333
1238504684,17.1921568627451,58,38.46091931300515,42.64308166666667,-71.33442333333333
1238504685,17.1921568627451,146,37.42112386614255,42.64308166666667,-71.33442333333333
1238504687,17.1921568627451,184,37.89375816017101,42.64308166666667,-71.33442333333333
1238504688,17.490196078431374,10,37.61017758375393,42.64308166666667,-71.33442333333333
1238504690,17.490196078431374,20,36.94848957211409,42.64308166666667,-71.33442333333333
1238504691,17.490196078431374,68,38.64997303061653,42.64308166666667,-71.33442333333333
1238504692,17.788235294117648,220,37.13754328972548,42.64308166666667,-71.33442333333333
1238504694,18.086274509803925,24,36.75943585450271,42.64308166666667,-71.33442333333333
1238504695,18.086274509803925,6,36.94848957211409,42.64308166666667,-71.33442333333333
1238504697,18.086274509803925,34,36.57038213689133,42.64308166666667,-71.33442333333333
1238504698,18.682352941176482,28,36.28680156047426,42.64308166666667,-71.33442333333333
1238504699,18.980392156862745,76,35.15247925480596,42.64308166666667,-71.33442333333333
1238504701,18.3843137254902,126,34.86889867838889,42.64308166666667,-71.33442333333333
1238504702,18.980392156862745,20,33.734576372720596,42.64308166666667,-71.33442333333333
1238504704,18.682352941176482,36,33.734576372720596,42.64308166666667,-71.33442333333333
1238504705,18.980392156862745,80,34.11268380794336,42.64308166666667,-71.33442333333333
1238504707,19.278431372549022,172,34.01815694913767,42.64308166666667,-71.33442333333333
1238504708,19.278431372549022,30,33.923630090331976,42.64308166666667,-71.33442333333333
1238504709,18.682352941176482,56,33.82910323152629,42.64308166666667,-71.33442333333333
1238504711,19.278431372549022,94,32.69478092585799,42.64308166666667,-71.33442333333333
1238504712,19.278431372549022,66,32.600254067052305,42.64308166666667,-71.33442333333333
1238504714,19.576470588235306,14,32.127619773023845,42.64308166666667,-71.33442333333333
1238504715,19.87450980392157,24,31.938566055412466,42.64308166666667,-71.33442333333333
1238504716,19.278431372549022,58,32.69478092585799,42.64308166666667,-71.33442333333333
1238504718,19.576470588235306,10,32.978361502275064,42.64308166666667,-71.33442333333333
1238504719,20.172549019607843,22,32.69478092585799,42.64308166666667,-71.33442333333333
1238504721,20.172549019607843,52,32.505727208246604,42.64308166666667,-71.33442333333333
1238504722,19.87450980392157,110,31.938566055412466,42.64308166666667,-71.33442333333333
1238504724,19.87450980392157,70,32.88383464346938,42.64308166666667,-71.33442333333333
1238504725,20.172549019607843,0,31.654985478995393,42.64308166666667,-71.33442333333333
1238504726,20.47058823529412,0,31.5604586201897,42.64308166666667,-71.33442333333333
1238504728,20.172549019607843,0,32.505727208246604,42.64308166666667,-71.33442333333333
1238504729,20.172549019607843,0,32.600254067052305,42.64308166666667,-71.33442333333333
1238504731,20.172549019607843,8,32.505727208246604,42.64308166666667,-71.33442333333333
1238504732,20.768627450980393,10,32.03309291421816,42.64308166666667,-71.33442333333333
1238504733,20.172549019607843,140,32.03309291421816,42.64308166666667,-71.33442333333333
1238504735,21.066666666666666,362,31.46593176138401,42.64308166666667,-71.33442333333333
1238504736,21.066666666666666,184,31.938566055412466,42.64308166666667,-71.33442333333333
1238504738,20.768627450980393,94,31.938566055412466,42.64308166666667,-71.33442333333333
1238504739,21.066666666666666,122,31.27687804377262,42.64308166666667,-71.33442333333333
1238504741,20.768627450980393,112,30.709716890938473,42.64308166666667,-71.33442333333333
1238504742,21.066666666666666,118,30.80424374974417,42.64308166666667,-71.33442333333333
1238504743,21.066666666666666,118,30.426136314521408,42.64308166666667,-71.33442333333333
1238504745,21.36470588235294,254,30.426136314521408,42.64308166666667,-71.33442333333333
1238504746,21.36470588235294,1442,33.640049513914896,42.64308166666667,-71.33442333333333
1238504747,21.662745098039228,346,30.426136314521408,42.64308166666667,-71.33442333333333
1238504749,21.36470588235294,446,30.048028879298634,42.64308166666667,-71.33442333333333
1238504750,21.36470588235294,604,30.048028879298634,42.64308166666667,-71.33442333333333
1238504752,21.662745098039228,184,30.048028879298634,42.64308166666667,-71.33442333333333
1238504753,21.662745098039228,314,29.953502020492945,42.64308166666667,-71.33442333333333
1238504755,21.662745098039228,256,30.520663173327097,42.64308166666667,-71.33442333333333
1238504756,21.662745098039228,162,29.197287150047423,42.64308166666667,-71.33442333333333
1238504757,21.662745098039228,146,30.142555738104328,42.64308166666667,-71.33442333333333
1238504759,22.258823529411764,538,29.10276029124173,42.64308166666667,-71.33442333333333
1238504760,21.662745098039228,446,30.331609455715714,42.64308166666667,-71.33442333333333
1238504762,21.96078431372549,208,29.291814008853112,42.64308166666667,-71.33442333333333
1238504763,21.96078431372549,282,29.575394585270185,42.64308166666667,-71.33442333333333
1238504764,22.258823529411764,324,29.10276029124173,42.64308166666667,-71.33442333333333
1238504766,21.96078431372549,382,30.237082596910025,42.64308166666667,-71.33442333333333
1238504767,21.96078431372549,334,29.291814008853112,42.64308166666667,-71.33442333333333
1238504769,22.258823529411764,134,29.575394585270185,42.64308166666667,-71.33442333333333
1238504770,22.258823529411764,294,29.00823343243604,42.64308166666667,-71.33442333333333
1238504771,22.258823529411764,178,29.10276029124173,42.64308166666667,-71.33442333333333
1238504773,22.258823529411764,156,28.252018561990504,42.64308166666667,-71.33442333333333
1238504774,22.556862745098048,228,27.779384267962048,42.64308166666667,-71.33442333333333
1238504776,21.96078431372549,76,28.913706573630343,42.64308166666667,-71.33442333333333
1238504777,22.258823529411764,128,28.913706573630343,42.64308166666667,-71.33442333333333
1238504778,22.556862745098048,220,29.197287150047423,42.64308166666667,-71.33442333333333
1238504780,22.85490196078431,426,28.441072279601894,42.64308166666667,-71.33442333333333
1238504781,22.85490196078431,214,27.21222311512791,42.64308166666667,-71.33442333333333
1238504783,22.556862745098048,150,29.197287150047423,42.64308166666667,-71.33442333333333
1238504784,22.85490196078431,98,28.06296484437912,42.64308166666667,-71.33442333333333
1238504786,22.258823529411764,218,27.684857409156358,42.64308166666667,-71.33442333333333
1238504787,23.152941176470588,336,27.590330550350664,42.64308166666667,-71.33442333333333
1238504789,22.85490196078431,546,27.873911126767744,42.64308166666667,-71.33442333333333
1238504790,22.85490196078431,594,27.873911126767744,42.64308166666667,-71.33442333333333
1238504791,23.152941176470588,658,27.3067499739336,42.64308166666667,-71.33442333333333
1238504793,22.556862745098048,242,26.739588821099453,42.64308166666667,-71.33442333333333
1238504794,22.85490196078431,216,26.834115679905135,42.64381166666667,-71.33446
1238504796,23.152941176470588,120,26.834115679905135,42.64381166666667,-71.33446
1238504797,23.152941176470588,186,26.92864253871083,42.64364666666667,-71.33450833333333
1238504799,22.556862745098048,32,28.06296484437912,42.64364666666667,-71.33450833333333
1238504800,23.152941176470588,164,28.15749170318481,42.64355666666667,-71.33451333333333
1238504801,23.152941176470588,38,27.40127683273929,42.64355666666667,-71.33451333333333
1238504803,23.450980392156872,50,27.11769625632221,42.64355666666667,-71.33451333333333
1238504804,23.152941176470588,102,27.40127683273929,42.64355666666667,-71.33451333333333
1238504806,22.85490196078431,130,27.590330550350664,42.64355666666667,-71.33451333333333
1238504807,23.152941176470588,188,27.779384267962048,42.64355666666667,-71.33451333333333
1238504809,23.152941176470588,82,27.3067499739336,42.64355666666667,-71.33451333333333
1238504810,22.85490196078431,180,27.40127683273929,42.64355666666667,-71.33451333333333
1238504811,23.152941176470588,32,27.590330550350664,42.64355666666667,-71.33451333333333
1238504813,23.749019607843135,360,27.590330550350664,42.64355666666667,-71.33451333333333
1238504814,23.749019607843135,88,27.590330550350664,42.64355666666667,-71.33451333333333
1238504816,23.450980392156872,182,27.590330550350664,42.64355666666667,-71.33451333333333
1238504817,23.450980392156872,90,27.779384267962048,42.64355666666667,-71.33451333333333
1238504819,23.450980392156872,154,27.11769625632221,42.64355666666667,-71.33451333333333
1238504820,23.450980392156872,100,27.02316939751652,42.64355666666667,-71.33451333333333
1238504821,23.749019607843135,16,27.40127683273929,42.64355666666667,-71.33451333333333
1238504823,23.749019607843135,68,27.21222311512791,42.64355666666667,-71.33451333333333
1238504824,23.450980392156872,192,26.92864253871083,42.64355666666667,-71.33451333333333
1238504826,23.749019607843135,346,26.92864253871083,42.64355666666667,-71.33451333333333
1238504827,23.749019607843135,366,27.21222311512791,42.64355666666667,-71.33451333333333
1238504829,23.749019607843135,324,27.779384267962048,42.64355666666667,-71.33451333333333
1238504830,24.047058823529408,584,26.834115679905135,42.64355666666667,-71.33451333333333
1238504831,23.749019607843135,464,26.64506196229376,42.64355666666667,-71.33451333333333
1238504833,23.450980392156872,510,27.02316939751652,42.64355666666667,-71.33451333333333
1238504834,23.749019607843135,250,27.40127683273929,42.64355666666667,-71.33451333333333
1238504836,24.047058823529408,142,26.26695452707099,42.64355666666667,-71.33451333333333
1238504837,23.749019607843135,164,26.834115679905135,42.64355666666667,-71.33451333333333
1238504839,24.047058823529408,188,27.684857409156358,42.64355666666667,-71.33451333333333
1238504840,23.749019607843135,26,26.36148138587668,42.64355666666667,-71.33451333333333
1238504841,23.749019607843135,40,27.21222311512791,42.64355666666667,-71.33451333333333
1238504843,24.047058823529408,32,26.739588821099453,42.64355666666667,-71.33451333333333
1238504844,24.345098039215696,44,26.834115679905135,42.64355666666667,-71.33451333333333
1238504846,23.749019607843135,30,26.739588821099453,42.64355666666667,-71.33451333333333
1238504847,23.749019607843135,22,27.495803691544975,42.64355666666667,-71.33451333333333
1238504849,24.047058823529408,40,26.26695452707099,42.64355666666667,-71.33451333333333
1238504850,23.450980392156872,28,26.36148138587668,42.64355666666667,-71.33451333333333
1238504851,24.345098039215696,30,27.40127683273929,42.64355666666667,-71.33451333333333
1238504853,24.047058823529408,66,26.739588821099453,42.64355666666667,-71.33451333333333
1238504854,24.345098039215696,140,26.834115679905135,42.64355666666667,-71.33451333333333
1238504856,24.345098039215696,492,27.02316939751652,42.64355666666667,-71.33451333333333
1238504857,24.941176470588232,506,26.92864253871083,42.64355666666667,-71.33451333333333
1238504859,24.345098039215696,464,26.456008244682373,42.64355666666667,-71.33451333333333
1238504860,24.047058823529408,626,26.92864253871083,42.64355666666667,-71.33451333333333
1238504861,24.345098039215696,512,26.550535103488063,42.64355666666667,-71.33451333333333
1238504863,24.345098039215696,402,26.64506196229376,42.64355666666667,-71.33451333333333
1238504864,24.345098039215696,1444,26.456008244682373,42.64355666666667,-71.33451333333333
1238504866,24.64313725490196,1446,27.684857409156358,42.64355666666667,-71.33451333333333
1238504867,24.345098039215696,1446,27.684857409156358,42.643589999999996,-71.33420333333333
1238504868,24.345098039215696,1442,26.834115679905135,42.643589999999996,-71.33420333333333
1238504870,24.345098039215696,216,26.834115679905135,42.643589999999996,-71.33420333333333
1238504871,24.345098039215696,424,26.834115679905135,42.64371666666666,-71.33430333333334
1238504873,24.64313725490196,1000,27.02316939751652,42.64371666666666,-71.33430333333334
1238504874,24.345098039215696,146,26.172427668265303,42.643655,-71.33428
1238504876,24.047058823529408,116,25.888847091848223,42.643655,-71.33428
1238504877,24.64313725490196,288,26.550535103488063,42.643655,-71.33428
1238504879,24.345098039215696,396,26.36148138587668,42.643655,-71.33428
1238504880,24.64313725490196,352,26.26695452707099,42.643655,-71.33428
1238504881,24.64313725490196,274,27.02316939751652,42.643655,-71.33428
1238504883,25.23921568627452,236,26.172427668265303,42.643655,-71.33428
1238504884,24.64313725490196,228,26.172427668265303,42.643655,-71.33428
1238504886,24.345098039215696,140,26.64506196229376,42.643655,-71.33428
1238504887,24.941176470588232,110,27.495803691544975,42.643655,-71.33428
1238504888,24.941176470588232,110,26.64506196229376,42.643655,-71.33428
1238504890,24.64313725490196,120,26.36148138587668,42.643655,-71.33428
1238504891,24.941176470588232,110,25.888847091848223,42.643655,-71.33428
1238504893,24.64313725490196,66,25.510739656625468,42.643655,-71.33428
1238504894,24.64313725490196,276,26.36148138587668,42.643655,-71.33428
1238504896,24.64313725490196,548,25.983373950653917,42.643655,-71.33428
1238504897,24.941176470588232,140,25.416212797819767,42.643655,-71.33428
1238504899,25.23921568627452,120,27.11769625632221,42.643655,-71.33428
1238504900,24.941176470588232,78,25.227159080208388,42.643655,-71.33428
1238504902,24.64313725490196,86,25.699793374236844,42.643655,-71.33428
1238504903,24.941176470588232,134,25.510739656625468,42.643655,-71.33428
1238504904,24.941176470588232,180,26.550535103488063,42.643655,-71.33428
1238504906,25.23921568627452,102,26.36148138587668,42.643655,-71.33428
1238504907,24.941176470588232,4,26.739588821099453,42.643655,-71.33428
1238504909,25.23921568627452,4,25.983373950653917,42.643655,-71.33428
1238504910,25.23921568627452,210,27.11769625632221,42.643655,-71.33428
1238504911,25.23921568627452,16,27.3067499739336,42.643655,-71.33428
1238504913,25.23921568627452,6,27.3067499739336,42.643655,-71.33428
1238504914,24.345098039215696,82,26.739588821099453,42.643655,-71.33428
1238504916,25.23921568627452,2,26.172427668265303,42.643655,-71.33428
1238504917,25.23921568627452,0,26.92864253871083,42.643655,-71.33428
1238504920,24.941176470588232,44,26.456008244682373,42.643655,-71.33428
1238504921,25.23921568627452,10,26.64506196229376,42.643655,-71.33428
1238504923,25.835294117647056,100,26.739588821099453,42.643655,-71.33428
1238504924,25.23921568627452,26,27.21222311512791,42.643655,-71.33428
1238504926,25.23921568627452,0,26.456008244682373,42.643655,-71.33428
1238504927,25.835294117647056,110,27.495803691544975,42.643655,-71.33428
1238504928,25.835294117647056,28,26.739588821099453,42.643655,-71.33428
1238504930,26.13333333333334,8,27.02316939751652,42.643655,-71.33428
1238504931,25.835294117647056,206,26.834115679905135,42.643655,-71.33428
1238504933,25.835294117647056,16,26.456008244682373,42.643655,-71.33428
1238504934,25.835294117647056,0,26.077900809459614,42.643655,-71.33428
1238504936,25.23921568627452,22,26.172427668265303,42.643655,-71.33428
1238504937,25.537254901960793,106,25.321685939014078,42.643655,-71.33428
1238504938,25.835294117647056,4,26.834115679905135,42.643655,-71.33428
1238504940,25.835294117647056,58,25.699793374236844,42.643655,-71.33428
1238504941,25.835294117647056,0,25.321685939014078,42.643655,-71.33428
1238504942,25.537254901960793,28,25.510739656625468,42.643655,-71.33428
1238504944,26.13333333333334,144,25.038105362597005,42.643655,-71.33428
1238504945,26.13333333333334,66,25.227159080208388,42.643655,-71.33428
1238504947,25.537254901960793,150,24.65999792737424,42.643655,-71.33428
1238504948,26.13333333333334,172,24.84905164498563,42.643655,-71.33428
1238504950,26.13333333333334,206,25.132632221402694,42.643655,-71.33428
1238504951,26.13333333333334,204,25.038105362597005,42.643655,-71.33428
1238504952,25.835294117647056,214,25.227159080208388,42.643655,-71.33428
1238504954,26.13333333333334,238,25.038105362597005,42.643655,-71.33428
1238504955,25.835294117647056,186,24.56547106856855,42.643655,-71.33428
1238504957,25.835294117647056,234,24.47094420976286,42.643655,-71.33428
1238504958,25.537254901960793,190,23.998309915734403,42.643655,-71.33428
1238504959,26.13333333333334,60,25.132632221402694,42.643655,-71.33428
1238504961,25.835294117647056,70,24.65999792737424,42.643655,-71.33428
1238504962,26.13333333333334,60,24.376417350957166,42.643655,-71.33428
1238504964,26.13333333333334,56,23.998309915734403,42.643655,-71.33428
1238504965,26.431372549019617,160,25.132632221402694,42.643655,-71.33428
1238504966,26.13333333333334,252,25.132632221402694,42.643655,-71.33428
1238504968,26.431372549019617,246,24.187363633345782,42.643655,-71.33428
1238504969,26.13333333333334,212,24.47094420976286,42.643655,-71.33428
1238504971,26.13333333333334,188,23.998309915734403,42.643655,-71.33428
1238504972,26.431372549019617,98,24.092836774540093,42.643655,-71.33428
1238504974,26.431372549019617,122,23.80925619812302,42.643655,-71.33428
1238504975,26.13333333333334,96,23.80925619812302,42.643655,-71.33428
1238504976,26.13333333333334,156,23.431148762900254,42.643655,-71.33428
1238504978,26.13333333333334,160,24.65999792737424,42.643655,-71.33428
1238504979,26.431372549019617,206,24.47094420976286,42.64347666666666,-71.335165
1238504981,25.835294117647056,168,24.943578503791322,42.64347666666666,-71.335165
1238504982,26.431372549019617,134,23.998309915734403,42.64347666666666,-71.335165
1238504984,25.835294117647056,200,24.092836774540093,42.64347666666666,-71.335165
1238504985,26.431372549019617,210,24.84905164498563,42.64347666666666,-71.335165
1238504986,25.537254901960793,140,25.038105362597005,42.64347666666666,-71.335165
1238504988,26.13333333333334,56,25.227159080208388,42.64347666666666,-71.335165
1238504989,26.431372549019617,122,25.60526651543115,42.64347666666666,-71.335165
1238504991,26.13333333333334,118,25.132632221402694,42.64347666666666,-71.335165
1238504992,25.835294117647056,66,24.56547106856855,42.64347666666666,-71.335165
1238504994,26.431372549019617,252,25.227159080208388,42.64347666666666,-71.335165
1238504995,25.835294117647056,312,23.998309915734403,42.64347666666666,-71.335165
1238504996,25.537254901960793,42,25.983373950653917,42.64347666666666,-71.335165
1238504998,26.13333333333334,144,24.754524786179932,42.64347666666666,-71.335165
1238504999,25.537254901960793,106,25.321685939014078,42.64347666666666,-71.335165
1238505001,25.537254901960793,36,26.077900809459614,42.64347666666666,-71.335165
1238505002,25.537254901960793,46,26.456008244682373,42.64347666666666,-71.335165
1238505003,26.13333333333334,98,26.456008244682373,42.64347666666666,-71.335165
1238505005,25.23921568627452,102,26.92864253871083,42.64347666666666,-71.335165
1238505006,25.537254901960793,52,26.550535103488063,42.64347666666666,-71.335165
1238505008,25.23921568627452,74,26.172427668265303,42.64347666666666,-71.335165
1238505009,24.941176470588232,124,25.888847091848223,42.64347666666666,-71.335165
1238505010,24.345098039215696,138,28.252018561990504,42.64347666666666,-71.335165
1238505012,24.941176470588232,306,27.02316939751652,42.64347666666666,-71.335165
1238505013,24.64313725490196,646,26.834115679905135,42.64347666666666,-71.335165
1238505015,24.64313725490196,846,26.834115679905135,42.64347666666666,-71.335165
1238505016,23.749019607843135,1018,27.968437985573438,42.64347666666666,-71.335165
1238505017,24.047058823529408,1136,28.535599138407584,42.64347666666666,-71.335165
1238505019,23.749019607843135,1280,29.10276029124173,42.64347666666666,-71.335165
1238505020,23.749019607843135,1240,29.197287150047423,42.64347666666666,-71.335165
1238505022,23.749019607843135,1384,29.197287150047423,42.64347666666666,-71.335165
1238505023,23.749019607843135,1392,30.048028879298634,42.64328166666666,-71.33520333333333
1238505025,23.450980392156872,1436,33.45099579630352,42.64328166666666,-71.33520333333333
1238505026,23.152941176470588,1430,32.31667349063523,42.64328166666666,-71.33520333333333
1238505027,23.152941176470588,1428,31.5604586201897,42.64326833333333,-71.33528333333334
1238505029,22.85490196078431,1430,27.40127683273929,42.64326833333333,-71.33528333333334
1238505030,22.556862745098048,1428,30.520663173327097,42.64327166666667,-71.33530833333333
1238505032,22.258823529411764,1432,31.27687804377262,42.64327166666667,-71.33530833333333
1238505033,21.662745098039228,1432,30.61519003213278,42.643280000000004,-71.33528500000001
1238505035,21.662745098039228,1432,30.898770608549864,42.643280000000004,-71.33528500000001
1238505036,21.662745098039228,1430,31.844039196606765,42.643280000000004,-71.33528500000001
1238505037,21.36470588235294,1432,32.127619773023845,42.64329833333333,-71.33527333333333
1238505039,20.768627450980393,1432,31.654985478995393,42.64329833333333,-71.33527333333333
1238505040,21.066666666666666,1430,32.600254067052305,42.64331333333333,-71.335295
1238505042,21.066666666666666,1432,32.41120034944091,42.64331333333333,-71.335295
1238505043,20.47058823529412,1432,32.69478092585799,42.64331833333334,-71.33528833333334
1238505045,20.172549019607843,1432,34.01815694913767,42.64331833333334,-71.33528833333334
1238505046,20.172549019607843,1430,34.67984496077751,42.64331833333334,-71.33528833333334
1238505047,20.47058823529412,1432,34.20721066674905,42.643235000000004,-71.33527166666666
1238505049,19.576470588235306,1432,34.86889867838889,42.643235000000004,-71.33527166666666
1238505050,19.278431372549022,1430,34.86889867838889,42.64317833333333,-71.33526666666667
1238505052,19.278431372549022,1428,34.585318101971815,42.64317833333333,-71.33526666666667
1238505053,18.682352941176482,1430,35.247006113611654,42.64317166666667,-71.33525166666666
1238505055,18.086274509803925,1432,36.192274701668566,42.64317166666667,-71.33525166666666
1238505056,18.086274509803925,1432,36.664908995697026,42.64317166666667,-71.33525166666666
1238505057,17.1921568627451,1432,37.9882850189767,42.64319333333333,-71.33520833333334
1238505059,17.1921568627451,1430,38.744499889422244,42.64319333333333,-71.33520833333334
1238505060,17.1921568627451,1422,38.93355360703361,42.643190000000004,-71.33515000000001
1238505062,16.298039215686277,1410,39.40618790106207,42.643190000000004,-71.33515000000001
1238505063,16.000000000000004,1412,40.25692963031329,42.64316999999999,-71.33511
1238505065,16.298039215686277,1430,41.48577879478728,42.64316999999999,-71.33511
1238505066,16.000000000000004,1430,42.147466806427104,42.64316999999999,-71.33511
1238505067,16.59607843137255,1432,42.24199366523279,42.64316999999999,-71.33511
1238505069,16.59607843137255,1432,42.525574241649885,42.64316999999999,-71.33511
1238505070,16.894117647058827,1430,42.05293994762141,42.643115,-71.335025
1238505072,16.298039215686277,1428,41.958413088815725,42.643115,-71.335025
1238505073,16.298039215686277,1140,40.54051020673037,42.643119999999996,-71.33497666666668
1238505074,16.298039215686277,390,40.54051020673037,42.643119999999996,-71.33497666666668
1238505076,16.298039215686277,1426,40.635037065536046,42.643119999999996,-71.33497666666668
1238505077,16.000000000000004,1428,40.91861764195312,42.643119999999996,-71.33497666666668
1238505079,16.298039215686277,1254,40.82409078314743,42.643119999999996,-71.33497666666668
