time,latitude,longitude,acceleration,light,temperature,sound,altitude,pedometer
0,42.36547,-71.10375,0.94,1061.19,25.40,0,23,0
1,42.36547,-71.10377,0.94,1059.65,25.40,0,25,0
2,42.365444,-71.10378,0.90,1058.88,25.40,0,26,1
3,42.365444,-71.10378,0.70,1066.50,25.40,0,24,0
4,,,1.52,1070.24,25.08,0, ,2
5,,,1.41,1073.93,25.40,0, ,2
6,,,0.86,1071.72,25.40,0, ,2
7,42.3655,-71.10375,0.70,1074.67,25.40,0,24,2
8,42.3655,-71.10378,1.13,1064.99,25.08,0,25,1
9,42.36552,-71.10378,1.02,1073.93,25.08,0,25,3
10,42.365536,-71.1038,1.33,1076.86,25.08,0,22,2
11,42.365536,-71.10387,0.59,1077.58,24.76,0,21,2
12,42.36555,-71.10388,0.70,1077.58,25.08,0,18,2
13,42.36555,-71.10393,1.33,1076.13,25.08,0,18,3
14,42.365566,-71.10395,1.09,1076.86,24.76,6,17,2
15,,,0.55,1076.13,24.43,11, ,2
16,,,1.41,1072.46,24.43,4, ,4
17,,,0.82,1076.13,24.11,20, ,2
18,42.36565,-71.104004,0.78,1070.24,23.79,4,22,2
19,42.365665,-71.104004,1.60,1076.13,23.79,1,25,3
20,42.36568,-71.10398,0.59,1061.95,23.79,0,23,2
21,42.36568,-71.104004,0.66,1051.87,23.47,0,23,2
22,42.36568,-71.10402,1.52,1050.30,23.47,2,21,3
23,42.3657,-71.104034,1.21,1049.51,23.47,0,19,2
24,42.3657,-71.10405,0.47,1048.71,23.14,0,14,2
25,42.3657,-71.10405,1.09,1048.71,23.14,0,13,3
26,,,1.52,1046.32,22.82,0, ,2
27,,,0.59,1047.12,23.14,0, ,2
28,,,0.70,1046.32,22.82,0, ,2
29,42.365765,-71.10418,1.52,1048.71,22.82,0,12,3
30,42.36578,-71.1042,1.05,1051.87,22.82,1,10,2
31,42.36578,-71.10422,0.43,1053.44,22.50,7,10,2
32,42.365803,-71.10423,1.41,1075.40,22.50,0,9,3
33,42.365803,-71.10423,1.33,1073.93,22.18,3,10,2
34,42.36582,-71.10425,0.55,1064.99,22.18,3,11,2
35,42.365837,-71.10423,0.82,1073.93,21.86,0,10,2
36,,,1.52,1075.40,21.86,0, ,3
37,,,1.25,1074.67,21.86,2, ,2
38,,,0.70,1073.20,21.86,0, ,2
39,42.365917,-71.10426,0.66,1067.25,21.86,2,2,2
40,42.365932,-71.10426,0.94,1068.75,21.53,7,1,3
41,42.36595,-71.10423,0.98,1068.75,21.53,0,1,2
42,42.365967,-71.10423,0.55,1072.46,21.53,0,0,2
43,42.365967,-71.10425,0.94,1073.20,21.21,1,0,2
44,42.365967,-71.10422,1.48,1074.67,21.21,0,65533,3
45,,,0.94,1072.46,21.21,0, ,2
46,,,0.39,1072.46,21.21,0, ,2
47,,,1.68,1073.93,21.21,0, ,3
48,,,0.90,1073.20,21.21,0, ,2
49,,,0.43,1073.20,21.21,0, ,2
50,,,1.21,1076.86,21.21,0, ,3
51,42.366047,-71.104385,1.29,1075.40,21.21,0,65535,2
52,42.36603,-71.10447,0.70,1075.40,21.21,0,3,2
53,42.36603,-71.104485,0.39,1075.40,21.21,0,4,2
54,42.36603,-71.10453,1.33,1074.67,20.89,0,4,3
55,42.36603,-71.10458,1.13,1075.40,20.57,7,7,2
56,42.36603,-71.10463,0.55,1073.93,20.57,1,8,2
57,,,0.90,1073.20,20.57,1, ,2
58,,,1.17,1068.00,20.57,1, ,3
59,,,0.78,1071.72,20.57,0, ,2
60,42.36613,-71.10457,0.47,1073.93,20.57,0,65534,2
61,42.366154,-71.10457,1.21,1073.93,20.24,0,65533,3
62,42.366154,-71.104614,1.41,1064.99,20.24,0,65534,2
63,42.366188,-71.104614,0.70,1064.99,20.24,0,65534,2
64,42.366188,-71.1046,0.55,1073.93,20.24,0,65533,2
65,42.36622,-71.10458,1.45,1074.67,20.24,1,65531,3
66,42.366234,-71.1046,1.33,1073.93,20.24,0,65531,2
67,,,0.66,1068.75,19.92,1, ,2
68,,,0.66,1063.47,19.92,0, ,2
69,,,1.68,1071.72,19.92,0, ,3
70,42.36627,-71.10468,1.17,1068.75,19.92,1,65533,2
71,42.36627,-71.10472,0.39,1073.20,19.92,0,65534,2
72,42.36627,-71.10474,1.02,1068.00,19.92,0,65533,3
73,42.366283,-71.10475,1.56,1073.20,19.92,0,65535,2
74,,,1.02,1069.49,19.92,0, ,2
75,,,0.55,1068.00,19.92,0, ,2
76,42.3663,-71.104805,0.90,1068.00,19.92,0,65535,3
77,42.366318,-71.104805,1.41,1069.49,19.92,0,65533,2
78,,,1.05,1072.46,19.92,0, ,2
79,,,0.66,1071.72,19.92,0, ,2
80,,,0.70,1070.24,19.92,0, ,2
81,42.366367,-71.10488,1.09,1072.46,19.60,0,65529,3
82,42.366383,-71.10488,1.25,1068.00,19.60,0,65528,2
83,42.366398,-71.1049,0.78,1067.25,19.60,0,65528,2
84,42.366413,-71.10491,0.43,1067.25,19.60,0,65527,2
85,42.366413,-71.10491,0.86,1063.47,19.60,0,65527,2
86,42.366432,-71.1049,1.37,1058.88,19.60,0,65526,2
87,,,0.78,1061.95,19.60,0, ,2
88,,,0.51,1061.95,19.60,0, ,2
89,,,0.90,1063.47,19.60,0, ,2
90,,,1.41,1068.00,19.60,0, ,1
91,42.366478,-71.10498,1.48,1064.99,19.60,0,65522,2
92,42.366478,-71.10501,0.59,1068.75,19.60,0,65522,2
93,42.366505,-71.10503,0.51,1061.19,19.60,0,65521,2
94,42.366478,-71.1051,1.09,1065.74,19.60,0,65528,3
95,42.366505,-71.1051,1.48,1073.93,19.60,0,65526,2
96,42.36652,-71.1051,0.66,1060.42,19.60,0,65525,2
97,42.36652,-71.1051,0.59,1070.98,19.60,0,65526,2
98,42.366535,-71.1051,0.94,1073.20,19.60,0,65526,3
99,,,1.48,1068.00,19.28,0, ,2
100,,,1.21,1072.46,19.28,0, ,2
101,,,0.62,1072.46,19.60,0, ,2
102,42.36657,-71.10523,0.35,1057.34,19.28,0,65529,2
103,42.36657,-71.10528,1.05,1058.88,19.60,1,65532,3
104,42.366554,-71.105316,1.60,1065.74,19.60,0,0,2
105,42.36657,-71.105316,0.74,1056.56,19.28,0,0,2
106,42.36657,-71.105316,0.51,1072.46,19.28,0,65535,2
107,,,0.94,1064.23,19.28,0, ,3
108,,,1.52,1068.75,19.28,0, ,3
109,,,1.33,1069.49,19.28,0, ,2
110,,,0.51,1068.75,19.28,0, ,2
111,,,0.47,1073.20,19.28,0, ,2
112,42.366634,-71.10544,0.94,1072.46,19.28,1,65530,2
113,,,1.02,1069.49,19.28,0, ,3
114,,,0.94,1070.24,19.28,0, ,1
115,42.36665,-71.10547,0.86,1073.93,19.28,0,65529,2
116,42.36665,-71.10545,0.86,1060.42,19.28,0,65526,0
117,42.36665,-71.10547,0.94,1060.42,19.28,0,65525,0
118,42.366665,-71.10545,0.94,1059.65,19.28,0,65523,0
119,,,0.98,1064.23,19.28,0, ,0
120,,,0.94,1061.19,19.28,0, ,0
121,,,0.94,1069.49,19.28,0, ,0
122,42.370003,-71.10536,0.94,1061.95,19.28,0,65516,0
123,42.370003,-71.10536,0.94,1061.95,19.28,0,65516,0
124,42.370003,-71.10535,0.94,1062.71,19.28,0,65513,0
125,42.370003,-71.10533,0.94,1061.95,19.28,0,65512,0
126,42.371662,-71.10533,0.94,1073.20,19.28,0,65511,0
127,42.371662,-71.105316,0.98,1069.49,19.60,0,65508,0
128,42.371662,-71.105316,1.02,1073.20,19.28,0,65506,1
129,,,0.94,1063.47,19.60,0, ,0
130,,,0.94,1061.95,19.60,0, ,0
131,,,0.86,1073.20,19.60,0, ,1
132,42.371662,-71.10535,0.90,1074.67,19.60,0,65510,0
133,42.371662,-71.10536,0.90,1074.67,19.60,0,65511,0
134,42.371662,-71.10536,1.33,1073.93,19.60,1,65511,2
135,42.373333,-71.10536,1.33,1073.20,19.60,1,65512,2
136,42.373333,-71.1054,0.90,1072.46,19.28,2,65515,2
137,42.373333,-71.10544,0.55,1066.50,19.28,6,65517,2
138,42.373333,-71.10545,0.82,1061.95,19.28,2,65518,3
139,,,1.76,1061.19,18.96,2, ,2
140,,,0.74,1064.23,18.96,1, ,2
141,,,0.59,1056.56,18.63,4, ,2
142,42.375,-71.10563,1.52,1060.42,18.63,6,0,3
143,42.373333,-71.1057,1.25,1060.42,18.31,5,6,2
144,42.373333,-71.1057,0.70,1059.65,18.31,2,7,2
145,42.373333,-71.105736,0.39,1059.65,17.99,1,10,2
146,,,1.05,1058.88,18.31,0, ,3
147,,,1.91,1070.24,18.31,0, ,2
148,42.375,-71.105804,0.70,1068.00,18.31,0,12,2
149,42.376667,-71.10575,0.55,1049.51,18.31,0,9,2
150,,,1.09,1073.93,18.31,0, ,3
151,,,1.41,1073.20,18.31,0, ,2
152,,,0.86,1073.20,18.31,0, ,2
153,42.368336,-71.105865,0.39,1066.50,17.99,0,11,2
154,42.368336,-71.10588,1.37,1062.71,18.31,0,12,3
155,42.368496,-71.10588,1.60,1068.00,17.99,0,12,2
156,42.36883,-71.10588,0.66,1068.75,17.99,0,10,2
157,42.36883,-71.10588,0.62,1064.99,17.99,0,11,2
158,42.36883,-71.10592,1.52,1069.49,17.99,0,13,3
159,42.36883,-71.105934,1.33,1061.19,17.99,0,12,2
160,,,0.51,1073.93,17.99,0, ,2
161,,,0.47,1062.71,17.99,0, ,2
162,,,1.64,1073.93,17.99,1, ,3
163,42.369164,-71.10601,0.82,1047.12,17.99,0,12,2
164,42.369335,-71.10601,0.39,1047.12,17.99,0,15,2
165,42.3695,-71.10603,1.29,1046.32,17.99,0,18,3
166,42.3695,-71.10605,1.41,1046.32,17.99,0,20,2
167,42.36967,-71.10609,0.62,1045.52,17.99,0,23,2
168,42.36967,-71.1061,0.55,1043.92,17.99,0,23,2
169,42.36967,-71.10613,1.45,1042.30,17.99,0,25,3
170,,,1.02,1038.24,17.99,0, ,3
171,,,0.62,1034.95,17.99,0, ,2
172,,,0.66,1039.87,17.99,1, ,2
173,,,0.98,1040.68,17.99,3, ,3
174,42.370167,-71.106285,1.17,1045.52,17.67,1,29,2
175,42.370003,-71.106346,0.31,1043.11,17.67,0,26,2
176,42.370003,-71.10638,0.90,1044.72,17.67,3,28,3
177,42.370003,-71.10638,1.60,1043.92,17.67,4,28,2
178,,,0.86,1044.72,17.34,1, ,3
179,,,0.55,1043.11,17.34,4, ,2
180,,,1.13,1042.30,17.34,1, ,2
181,,,1.33,1047.12,17.34,1, ,4
182,,,0.74,1048.71,17.34,0, ,2
183,,,0.47,1048.71,17.34,0, ,2
184,,,1.33,1049.51,17.34,0, ,3
185,42.371166,-71.10647,1.84,1050.30,17.34,0,26,2
186,42.37133,-71.10645,0.86,1051.09,17.34,0,24,2
187,42.371502,-71.10647,0.55,1055.01,17.34,0,21,2
188,42.371662,-71.1065,0.74,1062.71,17.34,0,26,2
189,42.371834,-71.10652,1.52,1073.93,17.02,0,23,3
190,,,1.05,1065.74,17.02,0, ,2
191,,,0.59,1068.75,17.02,0, ,2
192,,,0.90,1070.24,17.02,0, ,3
193,42.37217,-71.10671,1.72,1069.49,17.02,0,26,2
194,42.37233,-71.10628,5.39,41.62,18.63,23,6657,255
195,322.9483,159.20627,5.39,27.13,8.64,23,6657,255
196,322.9483,159.20631,5.39,39.56,8.64,23,6145,255
197,322.94873,159.20627,5.39,88.59,8.96,23,4865,255
198,42.372837,-71.10668,1.33,1051.09,17.02,0,14,2
199,42.372997,-71.10668,0.66,1058.11,17.02,0,12,2
200,,,0.43,1050.30,17.02,0, ,2
201,,,1.05,1051.09,17.02,0, ,3
202,,,1.72,1056.56,17.02,0, ,2
203,42.373333,-71.106766,0.82,1067.25,17.02,0,14,2
204,42.373333,-71.106766,0.59,1066.50,17.02,0,14,2
205,42.3735,-71.10679,0.66,1063.47,17.02,2,13,2
206,42.3735,-71.10679,1.29,1061.95,17.02,0,13,3
207,42.373665,-71.106804,1.41,1062.71,17.02,10,14,2
208,42.373837,-71.106804,0.82,1063.47,17.02,8,13,2
209,42.373837,-71.106804,0.39,1072.46,17.02,2,10,2
210,,,0.82,1068.00,17.02,0, ,2
211,,,1.48,1058.11,17.02,0, ,3
212,,,1.13,1065.74,17.02,0, ,2
213,42.37417,-71.1069,0.62,1061.19,17.02,0,13,2
214,42.374332,-71.10692,0.59,1072.46,17.34,0,12,2
215,42.374504,-71.10692,0.86,1067.25,17.34,0,11,2
216,42.37467,-71.10692,1.45,1061.95,17.02,1,9,3
217,42.374836,-71.10693,0.70,1061.95,17.02,0,8,2
218,42.375,-71.10693,1.09,1061.19,17.02,0,7,2
219,42.375,-71.10693,1.41,1063.47,17.02,0,8,3
220,,,0.74,1072.46,17.02,0, ,2
221,,,0.47,1072.46,17.02,0, ,3
222,,,1.72,1071.72,17.02,0, ,4
223,42.37533,-71.10709,1.02,1070.24,17.02,0,19,2
224,42.37533,-71.10714,0.51,1061.19,17.02,0,22,2
225,42.37533,-71.1072,1.21,1060.42,17.02,0,27,3
226,42.375496,-71.107216,1.17,1061.95,17.02,1,31,2
227,42.375668,-71.1072,0.70,1069.49,17.02,0,31,3
228,42.375668,-71.107216,0.90,1071.72,17.02,0,34,3
229,42.37583,-71.1072,1.64,1062.71,17.02,0,31,2
230,,,0.98,1061.95,17.02,0, ,2
231,,,0.47,1061.19,17.02,0, ,2
232,,,1.25,1060.42,17.02,0, ,3
233,42.376163,-71.107185,1.68,1051.09,17.02,0,27,2
234,42.376335,-71.1072,0.74,1041.49,17.02,0,27,2
235,42.376335,-71.1072,0.47,1040.68,17.02,0,24,2
236,42.3765,-71.1072,1.25,1038.24,17.02,0,23,3
237,42.376667,-71.1072,1.33,1039.05,17.02,0,22,2
238,42.37683,-71.1072,1.02,1042.30,17.02,0,19,2
239,42.377003,-71.107216,0.31,1041.49,17.02,0,19,2
240,,,1.13,1043.11,17.02,0, ,3
241,,,1.64,1043.92,17.02,0, ,2
242,,,0.70,1044.72,16.70,2, ,2
243,42.377335,-71.1074,0.86,1045.52,16.70,0,21,2
244,42.3775,-71.1074,1.21,1047.12,16.70,0,21,2
245,42.37767,-71.1074,1.48,1050.30,16.38,2,19,3
246,42.37767,-71.107414,1.21,1054.23,16.38,0,20,2
247,42.37767,-71.107445,0.47,1061.95,16.38,1,20,3
248,42.37783,-71.107445,0.74,1065.74,16.70,0,17,2
249,42.37783,-71.10747,1.48,1061.95,16.70,0,16,3
250,,,1.09,1061.19,16.38,0, ,2
251,,,0.43,1060.42,16.70,0, ,2
252,,,0.59,1061.95,16.38,0, ,2
253,42.378834,-71.10747,1.60,1062.71,16.38,0,5,3
254,42.379166,-71.10747,1.29,1060.42,16.38,0,4,2
255,42.3795,-71.10749,1.13,1060.42,16.70,0,5,2
256,42.37966,-71.10749,0.23,1069.49,16.38,0,6,2
257,42.37966,-71.10752,0.98,1066.50,16.38,0,5,4
258,42.37966,-71.10754,1.56,1060.42,16.38,1,5,2
259,42.379833,-71.10754,1.52,1072.46,16.38,0,3,2
260,,,0.82,1048.71,16.38,1, ,2
261,,,0.35,1047.92,16.05,0, ,3
262,,,1.02,1047.92,16.05,0, ,2
263,42.37966,-71.10771,1.52,1048.71,16.05,2,11,3
264,,,0.94,1047.92,16.05,0, ,2
265,,,0.47,1046.32,16.05,0, ,2
266,42.379833,-71.10782,0.66,1044.72,16.05,0,15,3
267,42.379833,-71.10778,1.56,1046.32,16.05,0,15,2
268,42.37966,-71.10786,0.82,1046.32,16.05,0,17,2
269,42.379833,-71.10787,0.47,1048.71,16.05,0,16,2
270,,,0.78,1048.71,16.05,1, ,2
271,,,1.56,1051.09,16.05,1, ,3
272,,,1.41,1054.23,16.05,0, ,2
273,42.38033,-71.10792,0.62,1059.65,16.05,0,17,2
274,42.38033,-71.10792,0.43,1073.20,16.05,0,17,2
275,42.3805,-71.10793,1.17,1067.25,16.05,0,18,3
276,42.3805,-71.10796,1.68,1069.49,16.05,0,20,2
277,42.38033,-71.10796,0.78,1070.24,16.05,0,20,2
278,42.38033,-71.10799,0.47,1073.20,16.05,0,22,2
279,42.38033,-71.10799,0.82,1072.46,16.05,1,22,3
280,,,1.60,1072.46,16.05,0, ,2
281,,,1.17,1073.20,16.38,0, ,2
282,,,0.51,1073.20,16.05,0, ,2
283,42.380997,-71.10805,0.43,1070.98,16.38,0,24,2
284,42.380997,-71.10805,1.41,1066.50,16.38,0,22,3
285,42.38117,-71.10806,1.48,1070.24,16.38,0,21,2
286,42.38117,-71.108116,0.78,1067.25,16.38,0,24,3
287,42.38117,-71.10813,0.59,1060.42,16.38,0,24,2
288,42.38117,-71.10817,0.70,1068.00,16.38,0,27,2
289,42.381332,-71.108185,1.76,1070.24,16.38,1,26,3
290,,,1.37,1061.19,16.38,0, ,2
291,,,0.35,1071.72,16.38,0, ,2
292,,,0.59,1071.72,16.38,0, ,2
293,,,1.45,1073.20,16.38,0, ,3
294,42.381664,-71.108284,1.29,1067.25,16.38,0,27,2
295,42.381836,-71.108284,0.62,1067.25,16.38,0,27,2
296,42.382,-71.108284,0.35,1073.20,16.38,0,26,2
297,42.382168,-71.108284,1.37,1068.00,16.38,0,23,3
298,42.38233,-71.108315,1.13,1058.88,16.38,0,26,2
299,42.38233,-71.10835,0.78,1064.99,16.38,0,25,2
300,,,0.59,1067.25,16.38,2, ,2
301,,,0.90,1070.24,16.38,0, ,2
302,,,1.76,1063.47,16.38,0, ,3
303,42.382835,-71.10838,0.78,1074.67,16.38,2,17,2
304,42.383,-71.10838,0.55,1073.93,16.38,0,15,2
305,42.38317,-71.1084,0.70,1073.20,16.38,0,13,2
306,42.38317,-71.1084,1.60,1073.20,16.38,0,13,3
307,42.368336,-71.10841,1.25,1072.46,16.38,0,12,2
308,42.368336,-71.10843,0.90,1073.20,16.38,0,10,2
309,42.36835,-71.108444,0.59,1072.46,16.38,0,9,2
310,,,0.82,1064.23,16.70,0, ,2
311,,,1.60,1060.42,16.38,0, ,2
312,,,0.70,1072.46,16.70,0, ,2
313,42.368385,-71.10848,0.55,1072.46,16.70,0,7,2
314,42.3684,-71.1085,0.74,1070.98,16.38,0,6,2
315,42.3684,-71.10852,1.29,1063.47,16.38,0,6,3
316,42.368385,-71.10855,1.37,1067.25,16.38,3,10,2
317,42.3684,-71.10857,1.29,1072.46,16.38,0,10,2
318,42.3684,-71.10859,0.55,1066.50,16.05,8,10,2
319,42.368416,-71.108604,1.33,1059.65,16.05,0,9,4
320,,,1.60,1047.92,16.05,1, ,2
321,,,0.70,1050.30,16.05,0, ,2
322,,,0.55,1052.66,16.05,0, ,3
323,42.36845,-71.108696,1.25,1053.44,16.05,0,10,3
324,42.368465,-71.108696,1.48,1054.23,16.05,0,9,2
325,42.368465,-71.108734,1.02,1055.01,16.05,0,9,2
326,42.36848,-71.10875,0.43,1053.44,16.05,0,9,2
327,42.36848,-71.10878,0.86,1052.66,16.05,0,12,2
328,42.368496,-71.108795,1.41,1058.88,16.05,1,11,3
329,42.368496,-71.10881,1.64,1064.23,16.05,0,12,2
330,,,1.02,1063.47,16.05,0, ,2
331,,,0.47,1063.47,16.05,0, ,2
332,,,0.66,1064.23,16.05,0, ,2
333,42.368546,-71.10889,1.60,1068.75,16.05,7,10,3
334,42.368565,-71.1089,1.41,1063.47,16.05,1,10,2
335,42.368565,-71.10892,0.51,1065.74,16.05,8,9,2
336,42.368587,-71.10892,0.51,1072.46,16.05,2,9,2
337,42.368587,-71.10893,1.60,1063.47,16.05,15,9,3
338,42.368603,-71.108955,1.17,1062.71,16.05,4,9,2
339,42.368603,-71.10897,0.51,1066.50,16.05,3,9,2
340,,,0.51,1065.74,15.73,0, ,3
341,,,1.45,1056.56,15.73,1, ,3
342,,,1.37,1057.34,15.41,9, ,2
343,42.368652,-71.10903,1.21,1060.42,15.41,0,7,3
344,42.368668,-71.10905,0.47,1066.50,15.41,2,6,2
345,42.368668,-71.10906,0.47,1061.95,15.41,2,8,2
346,42.368687,-71.1091,1.29,1062.71,15.09,1,8,3
347,42.368687,-71.1091,1.87,1061.19,15.41,0,7,2
348,42.368702,-71.10913,1.05,1059.65,15.41,0,8,2
349,42.368702,-71.109146,0.59,1070.24,15.41,0,8,2
350,,,0.47,1068.00,15.41,0, ,2
351,,,0.70,1063.47,15.41,0, ,2
352,,,1.64,1061.95,15.41,0, ,3
353,42.36875,-71.10922,1.37,1066.50,15.41,0,7,2
354,42.368767,-71.10924,1.33,1068.75,15.41,0,6,2
355,42.368767,-71.10925,0.86,1064.23,15.73,0,5,2
356,42.368767,-71.10925,0.43,1071.72,15.73,0,4,2
357,42.368782,-71.10925,0.47,1065.74,15.73,0,2,2
358,42.368782,-71.10927,0.78,1044.72,15.73,0,2,3
359,42.368797,-71.10927,1.33,1040.68,15.73,0,3,2
360,,,1.76,1040.68,15.73,0, ,2
361,,,1.29,1039.05,15.73,0, ,2
362,,,0.62,1035.78,15.41,0, ,2
363,42.368816,-71.10932,0.43,1030.81,15.41,1,3,2
364,42.368816,-71.10932,0.70,1037.42,15.41,3,2,2
365,42.368816,-71.10934,0.98,961.29,15.41,0,3,2
366,42.368816,-71.10935,1.56,1021.53,15.41,1,4,3
367,42.36883,-71.10937,1.33,1040.68,15.41,0,3,2
368,42.36883,-71.10938,0.74,1029.14,15.41,1,3,2
369,42.368847,-71.1094,0.35,1023.23,15.41,3,2,2
370,,,0.62,1024.93,15.41,1, ,2
371,,,1.37,1040.68,15.41,0, ,3
372,,,1.76,1043.92,15.41,2, ,2
373,,,0.94,1042.30,15.09,1, ,2
374,42.368847,-71.10959,0.47,1042.30,15.09,0,14,2
375,42.368847,-71.10959,0.70,1055.79,15.09,1,13,2
376,42.368862,-71.10959,1.13,1066.50,14.77,2,12,3
377,42.368862,-71.10959,1.52,1063.47,14.77,2,10,2
378,42.36888,-71.109604,1.37,1061.19,14.77,2,8,2
379,42.368896,-71.10962,0.70,1071.72,15.09,0,7,2
380,,,0.43,1065.74,15.09,1, ,2
381,,,0.86,1068.00,15.09,0, ,3
382,,,1.48,1066.50,15.09,0, ,2
383,,,1.52,1067.25,15.09,0, ,2
384,42.36894,-71.10973,0.86,1070.98,15.09,0,10,2
385,42.36894,-71.10975,0.55,1068.00,15.09,0,11,2
386,42.368954,-71.109764,0.62,1073.20,15.09,0,10,2
387,42.368954,-71.10978,0.70,1069.49,15.09,0,9,2
388,42.36897,-71.10978,1.09,1070.24,15.09,0,7,3
389,42.368984,-71.109795,1.33,1070.24,15.09,0,4,2
390,42.368984,-71.109795,1.33,1069.49,15.09,0,3,2
391,,,1.02,1069.49,15.41,0, ,2
392,,,0.90,1073.20,15.41,0, ,2
393,,,0.62,1073.20,15.09,0, ,2
394,42.36902,-71.10986,0.59,1067.25,15.09,0,65533,2
395,42.36902,-71.10988,0.78,1070.98,15.41,1,65532,2
396,42.369034,-71.1099,0.82,1070.98,15.09,0,65532,3
397,42.369034,-71.10992,1.21,1064.23,15.09,1,65531,2
398,42.369034,-71.10994,1.13,1061.19,15.09,0,65530,2
399,42.369053,-71.109955,1.29,1051.87,15.09,1,65530,2
400,42.369053,-71.109955,1.33,1051.09,15.09,0,65528,2
401,,,0.98,1058.11,15.09,0, ,2
402,,,0.98,1062.71,15.09,0, ,2
403,,,1.21,1058.11,15.09,0, ,2
404,42.3691,-71.11003,1.05,1057.34,15.09,0,65522,0
405,42.3691,-71.11003,1.09,912.55,15.09,2,65518,2
406,42.3691,-71.11003,0.94,509.16,15.09,0,65518,1
407,42.3691,-71.110054,0.86,438.53,15.09,0,65517,2
408,42.3691,-71.110054,1.02,191.28,15.09,0,65516,1
409,42.369083,-71.11007,1.02,88.59,15.09,0,65517,0
410,42.369083,-71.110115,1.05,96.66,15.09,0,65518,0
411,,,0.90,160.20,15.41,0, ,0
412,,,0.90,189.35,15.41,0, ,0
413,,,0.90,253.93,15.41,0, ,1
414,42.369118,-71.110085,0.94,244.56,15.41,0,65523,0
415,42.369118,-71.11007,1.17,169.97,15.41,0,65525,3
416,42.369118,-71.110054,0.82,86.57,15.41,0,65523,1
417,42.369118,-71.110054,1.09,72.36,15.41,0,65522,2
418,42.369118,-71.11007,0.94,425.02,15.73,0,65523,1
419,42.369133,-71.1101,0.94,710.66,15.73,0,65524,2
420,42.369164,-71.109985,1.02,621.46,15.73,0,65524,2
421,,,1.17,1047.12,15.73,0, ,1
422,,,0.90,1057.34,15.73,0, ,0
423,,,0.86,1073.20,15.73,0, ,0
424,42.369034,-71.11013,1.02,1075.40,15.73,0,65530,0
425,42.36902,-71.11018,0.86,1072.46,15.73,0,65529,0
426,42.369003,-71.110214,1.09,1074.67,16.05,0,65528,2
427,42.368984,-71.110214,0.98,1075.40,16.05,0,65528,1
428,42.369003,-71.1102,1.02,1066.50,16.05,0,65529,2
429,42.369003,-71.1102,1.02,1074.67,16.38,0,65530,2
430,,,0.82,1070.98,16.38,0, ,2
431,,,0.70,1070.24,16.38,0, ,2
432,,,0.98,1074.67,16.38,0, ,2
433,,,1.17,1065.74,16.70,0, ,2
434,42.368984,-71.110146,1.21,1065.74,16.70,0,1,2
435,42.36897,-71.11016,1.02,1073.93,16.70,0,4,0
436,42.36897,-71.110146,1.05,1069.49,16.70,0,4,1
437,42.368984,-71.110146,1.13,1069.49,16.70,0,4,2
438,42.368984,-71.11013,1.02,1070.24,17.02,3,4,1
439,42.368984,-71.11013,1.09,1073.93,17.02,1,5,3
440,42.36897,-71.110146,1.09,1071.72,17.02,0,6,2
441,,,1.09,1071.72,17.02,1, ,2
442,,,0.70,1070.24,17.02,0, ,2
443,,,0.59,1068.75,16.70,0, ,2
444,42.368896,-71.110146,0.62,1063.47,17.02,0,13,4
445,42.368896,-71.110146,0.94,1059.65,16.70,0,12,1
446,42.368896,-71.110146,0.59,1070.24,16.70,4,12,2
447,42.368896,-71.11013,0.66,1073.20,17.02,0,12,2
448,42.36891,-71.11013,1.29,1073.20,16.70,0,13,2
449,42.36891,-71.110115,1.09,1061.95,16.70,0,14,2
450,42.36894,-71.110115,1.05,1051.87,16.70,0,15,2
451,,,0.94,1051.09,16.38,0, ,2
452,,,1.09,1051.09,16.38,0, ,2
453,,,0.66,1041.49,16.38,0, ,2
454,42.36894,-71.110054,0.66,1039.87,16.38,0,23,0
455,42.36894,-71.110054,0.62,1043.11,16.38,0,23,0
456,42.36894,-71.110016,0.82,1039.87,16.05,0,26,0
457,42.368954,-71.110016,0.98,1043.11,16.05,0,27,2
458,42.368954,-71.11,0.82,1043.92,16.05,0,28,0
459,42.368954,-71.109985,1.09,1047.92,16.05,0,28,0
460,42.368954,-71.10997,0.94,1054.23,16.05,0,30,2
461,,,0.90,1053.44,15.73,0, ,2
462,,,0.86,1053.44,15.73,0, ,2
463,,,1.17,1053.44,15.73,1, ,2
464,42.368954,-71.10992,0.98,1052.66,15.73,0,33,2
465,42.368954,-71.1099,1.02,1052.66,15.73,0,33,2
466,42.368954,-71.1099,0.98,1052.66,15.41,0,34,2
467,42.368954,-71.10988,1.05,1053.44,15.73,0,35,2
468,42.368954,-71.10988,1.17,1055.01,15.41,1,36,2
469,42.368954,-71.10986,1.17,1052.66,15.41,0,35,2
470,42.368954,-71.10985,1.29,1052.66,15.41,0,35,2
471,,,1.09,1052.66,15.41,0, ,2
472,,,1.02,1052.66,15.41,0, ,2
473,,,1.09,1051.09,15.41,0, ,2
474,42.368954,-71.10978,0.98,1048.71,15.41,0,36,2
475,42.368954,-71.109764,1.09,1049.51,15.41,0,37,2
476,42.36894,-71.10975,1.09,1049.51,15.41,0,38,2
477,42.36894,-71.10973,1.21,1049.51,15.09,0,39,2
478,42.36894,-71.10972,1.17,1050.30,15.09,0,40,2
479,42.36894,-71.1097,0.98,1051.87,15.09,0,41,2
480,42.36894,-71.1097,1.13,1051.87,15.41,0,41,2
481,,,1.21,1051.09,15.09,0, ,2
482,,,1.17,1051.09,15.09,0, ,2
483,,,1.02,1049.51,15.09,0, ,2
484,42.36894,-71.109634,1.05,1051.09,15.09,0,43,2
485,42.36894,-71.10962,1.37,1053.44,15.09,10,44,2
486,42.36894,-71.109604,0.98,1054.23,14.77,5,43,2
487,42.36891,-71.10959,0.78,1054.23,14.77,3,42,2
488,42.368896,-71.10957,0.59,1054.23,14.44,0,42,2
489,42.36888,-71.10955,0.78,1054.23,14.44,1,43,2
490,42.36888,-71.10953,0.78,1052.66,14.44,0,43,2
491,,,1.02,1051.87,14.44,0, ,2
492,,,1.09,1051.09,14.44,1, ,3
493,,,1.33,1051.87,14.44,0, ,2
494,42.36883,-71.10945,1.52,1051.09,14.44,0,46,2
495,42.36883,-71.10943,1.17,1049.51,14.44,0,44,2
496,42.368816,-71.10941,1.37,1048.71,14.44,0,44,2
497,42.368816,-71.1094,1.33,1049.51,14.12,0,43,2
498,42.368816,-71.1094,1.25,1052.66,14.12,0,43,3
499,42.368797,-71.10938,1.17,1055.01,14.12,0,43,2
500,,,0.94,1051.09,14.12,0, ,3
501,,,0.86,1052.66,14.12,0, ,2
502,,,0.94,1052.66,14.12,0, ,2
503,,,0.86,1050.30,14.12,0, ,2
504,42.368782,-71.1093,0.90,1043.11,14.12,0,43,3
505,42.368782,-71.1093,0.78,1041.49,14.12,0,45,2
506,42.368782,-71.10928,0.70,1055.79,14.12,2,47,2
507,42.368782,-71.10927,0.98,1055.79,14.12,0,48,3
508,42.368767,-71.10927,1.41,1056.56,14.12,0,50,2
509,42.368767,-71.10925,1.68,1061.19,14.12,0,51,2
510,42.368767,-71.10925,1.05,1056.56,14.12,0,52,3
511,,,1.41,1055.01,13.80,0, ,2
512,,,1.41,1058.11,13.80,2, ,2
513,,,1.05,1056.56,13.80,0, ,3
514,42.368717,-71.10918,0.78,1052.66,13.80,0,58,2
515,42.368717,-71.10916,0.86,1052.66,13.80,0,59,2
516,42.368717,-71.10916,0.70,1052.66,13.80,0,60,2
517,42.368702,-71.10913,0.70,1055.01,13.80,0,61,2
518,42.368687,-71.109116,0.78,1055.01,13.80,0,61,2
519,42.368687,-71.109116,0.86,1050.30,13.80,0,63,2
520,,,0.86,1050.30,13.80,4, ,2
521,,,0.90,1048.71,13.80,2, ,2
522,,,0.94,1045.52,13.80,1, ,2
523,42.368637,-71.10906,1.17,1047.12,13.80,2,63,2
524,42.368637,-71.10905,1.29,1049.51,13.80,0,64,3
525,42.368618,-71.10903,1.29,1050.30,13.80,2,64,2
526,42.368637,-71.10902,1.37,1054.23,13.48,4,64,2
527,42.368618,-71.109,1.29,1051.87,13.48,4,65,2
528,42.368618,-71.108986,1.37,1055.79,13.48,0,66,2
529,42.368603,-71.10897,1.41,1052.66,13.48,0,66,2
530,,,1.25,1053.44,13.15,0, ,2
531,,,1.33,1052.66,13.15,0, ,2
532,,,1.45,1050.30,13.15,0, ,2
533,42.368618,-71.1089,1.25,1047.12,13.15,1,67,2
534,42.368618,-71.1089,1.29,1051.87,13.15,0,67,2
535,42.368618,-71.10889,1.21,1054.23,13.15,0,66,2
536,42.368603,-71.10887,1.29,1055.01,13.15,0,64,2
537,42.368587,-71.10885,1.13,1055.79,12.83,0,62,2
538,42.36853,-71.10881,1.33,1055.79,12.83,0,59,2
539,42.368496,-71.10878,1.21,1057.34,12.83,0,61,2
540,,,1.21,1057.34,12.83,0, ,2
541,,,1.52,1071.72,13.15,0, ,2
542,,,1.21,1051.87,13.15,2, ,2
543,42.36843,-71.10875,1.45,1049.51,12.83,2,57,2
544,42.36843,-71.108734,1.29,1049.51,12.83,7,55,2
545,42.368416,-71.108734,1.09,1047.92,12.83,2,54,2
546,42.36843,-71.108734,1.33,1047.12,12.83,0,53,2
547,42.368416,-71.108734,1.25,1046.32,12.83,1,52,2
548,42.368416,-71.10872,1.48,1045.52,12.83,6,51,2
549,42.3684,-71.10872,1.33,1047.12,12.83,0,49,2
550,,,1.09,1045.52,13.15,0, ,2
551,,,0.78,456.91,12.83,0, ,2
552,,,0.66,378.57,12.83,0, ,1
553,42.368336,-71.108635,0.70,824.50,13.15,0,44,2
554,42.38317,-71.10862,0.55,1044.72,12.83,0,43,2
555,42.38317,-71.108604,0.66,669.07,12.83,0,42,2
556,42.383,-71.10859,0.86,914.66,12.83,0,41,1
557,42.382835,-71.10859,1.13,1053.44,12.83,1,41,3
558,42.382835,-71.10855,0.78,1041.49,12.83,0,42,1
559,42.382835,-71.108536,1.29,1051.87,12.83,0,43,3
560,,,1.48,1057.34,12.83,0, ,2
561,,,1.33,1057.34,12.83,1, ,2
562,,,1.25,1056.56,12.83,0, ,2
563,42.382668,-71.10848,1.21,1055.01,12.83,1,42,2
564,42.382504,-71.10847,1.05,1056.56,12.83,0,40,2
565,42.38233,-71.108444,0.94,1058.88,12.83,0,38,2
566,42.382168,-71.108444,0.55,1057.34,12.83,0,38,2
567,42.382,-71.10843,0.86,1058.11,12.83,0,38,3
568,42.381836,-71.10841,1.13,1055.79,12.83,0,37,3
569,42.381664,-71.1084,1.45,1055.79,12.83,2,36,2
570,,,1.33,1055.79,12.83,22, ,2
571,,,1.56,1057.34,12.83,2, ,2
572,,,1.02,1058.88,12.83,2, ,2
573,42.381332,-71.10835,0.82,1055.01,12.83,0,34,2
574,42.38117,-71.10833,0.78,1054.23,12.83,0,35,2
575,42.38117,-71.108315,0.94,1052.66,12.83,0,35,2
576,42.380997,-71.108284,1.13,1051.87,12.51,1,35,2
577,42.380836,-71.10827,1.37,1051.87,12.51,2,36,3
578,42.380836,-71.10825,1.48,1051.87,12.83,2,36,2
579,42.380665,-71.10824,1.17,1055.01,12.51,1,36,2
580,,,1.13,1056.56,12.51,1, ,2
581,,,1.37,1067.25,12.51,0, ,2
582,,,0.98,1069.49,12.51,0, ,2
583,42.379997,-71.10813,0.86,1069.49,12.83,1,40,2
584,42.379997,-71.108116,0.78,1068.75,12.51,2,40,2
585,42.379833,-71.108116,0.74,1061.19,12.51,0,38,2
586,42.379833,-71.108116,0.98,1063.47,12.51,1,37,3
587,42.379833,-71.1081,0.98,1065.74,12.51,0,37,3
588,42.379833,-71.10808,1.13,1067.25,12.51,23,36,2
589,42.379833,-71.10808,1.41,1067.25,12.51,8,34,2
590,,,1.52,1058.88,12.51,2, ,2
591,,,1.25,1051.87,12.51,0, ,2
592,,,0.78,1051.87,12.19,1, ,2
593,42.3795,-71.10803,0.90,1051.09,12.19,1,30,2
594,42.37966,-71.10802,0.62,1048.71,12.19,1,31,2
595,42.3795,-71.10802,0.70,1047.12,12.19,0,31,2
596,42.37966,-71.108,1.05,1049.51,12.19,1,32,3
597,42.37966,-71.108,1.45,1051.09,12.19,0,33,2
598,42.37966,-71.10799,1.48,1050.30,11.87,2,34,2
599,42.37966,-71.10796,1.52,1051.09,12.19,6,34,2
600,,,1.02,1051.09,11.87,0, ,2
601,,,0.82,1052.66,11.87,0, ,2
602,,,0.47,1053.44,11.87,0, ,2
603,42.379166,-71.1079,0.82,1047.12,11.87,1,32,2
604,42.379005,-71.10789,0.94,1051.09,11.87,4,31,3
605,42.379005,-71.10787,1.37,1053.44,11.87,0,31,2
606,42.378834,-71.10786,1.21,1054.23,11.54,0,31,2
607,42.37867,-71.107834,0.90,1055.01,11.87,0,30,2
608,42.37867,-71.10782,0.55,1054.23,11.87,8,30,2
609,,,1.05,1052.66,11.87,3, ,3
610,,,1.80,1052.66,11.54,0, ,3
611,,,1.37,1051.87,11.54,7, ,2
612,42.378498,-71.107735,0.78,1051.87,11.54,0,32,2
613,42.378498,-71.107735,0.66,1050.30,11.54,2,34,2
614,42.378498,-71.10771,0.55,1051.09,11.54,4,36,2
615,42.378498,-71.1077,1.05,1053.44,11.54,11,37,3
616,42.378498,-71.10768,1.45,1070.24,11.54,6,39,2
617,42.378498,-71.107666,1.41,1069.49,11.54,2,39,2
618,42.378498,-71.10765,0.82,1070.24,11.87,3,40,2
619,,,0.74,1069.49,11.87,0, ,2
620,,,0.78,1051.09,11.54,0, ,2
621,,,0.78,1050.30,11.54,0, ,2
622,42.378338,-71.10762,0.90,1048.71,11.54,2,31,2
623,42.378166,-71.1076,0.90,1057.34,11.54,0,30,5
624,42.378166,-71.10758,0.62,1060.42,11.54,2,29,2
625,42.37783,-71.10757,0.70,1055.79,11.54,0,29,3
626,42.37767,-71.10755,1.21,1051.87,11.54,0,28,3
627,42.377335,-71.10752,1.52,1056.56,11.54,2,28,2
628,42.377163,-71.107506,1.41,1056.56,11.54,1,27,2
629,,,1.41,1053.44,11.54,1, ,2
630,,,1.05,1053.44,11.54,10, ,2
631,,,0.55,1052.66,11.54,3, ,3
632,42.376335,-71.10743,0.90,1051.09,11.87,0,24,2
633,42.376335,-71.107414,1.02,1050.30,11.87,0,24,3
634,42.376335,-71.107414,1.72,1047.92,11.87,0,25,2
635,42.376335,-71.1074,0.82,1048.71,11.87,0,26,2
636,42.376335,-71.10738,0.74,1049.51,11.87,0,27,2
637,42.376163,-71.10737,0.66,809.98,11.87,0,28,2
638,42.376163,-71.107346,0.90,855.07,11.54,12,29,3
639,,,1.52,995.12,11.54,0, ,2
640,,,0.70,982.24,11.54,3, ,2
641,,,0.59,1037.42,11.54,0, ,2
642,42.376,-71.10727,0.55,1012.91,11.54,0,39,2
643,42.376,-71.107254,0.86,1008.53,11.54,0,40,2
644,42.37583,-71.10723,1.76,1044.72,11.54,0,43,3
645,42.375668,-71.1072,1.48,1038.24,11.54,1,46,2
646,42.375496,-71.107185,0.94,1038.24,11.54,0,50,2
647,42.375164,-71.107155,0.51,1051.87,11.54,0,55,2
648,42.374836,-71.107155,0.43,1056.56,11.54,0,53,2
649,,,0.66,1053.44,11.54,0, ,2
650,,,1.33,1055.79,11.54,1, ,3
651,,,1.37,982.24,11.54,0, ,2
652,42.374504,-71.10711,1.64,1010.28,11.54,0,46,2
653,42.37467,-71.10709,0.90,1016.38,11.54,2,46,2
654,42.374836,-71.10708,0.66,886.62,11.54,0,47,2
655,42.374504,-71.10706,0.59,942.49,11.54,0,50,2
656,42.37467,-71.10705,0.55,825.70,11.54,0,50,2
657,42.375,-71.10703,0.31,713.37,11.54,1,52,2
658,,,0.94,882.20,11.54,1, ,2
659,,,1.29,897.55,11.54,3, ,3
660,,,1.17,920.96,11.54,0, ,1
661,,,1.02,803.86,11.54,3, ,3
662,42.375,-71.10698,1.29,753.23,11.54,1,57,2
663,42.374836,-71.106964,0.90,584.08,11.54,0,58,2
664,42.37467,-71.10695,0.66,724.16,11.54,0,59,2
665,42.37467,-71.10693,0.47,621.46,11.22,0,59,2
666,42.374504,-71.10692,0.59,624.40,11.54,0,60,2
667,42.374332,-71.1069,0.78,609.62,11.54,3,60,2
668,,,1.02,537.74,11.22,0, ,3
669,,,1.17,406.25,11.22,0, ,2
670,,,1.56,375.08,11.22,0, ,2
671,42.374,-71.106834,1.37,458.57,11.22,0,49,2
672,42.374,-71.10682,1.33,542.45,11.22,0,48,2
673,42.374,-71.106804,1.02,619.98,11.22,0,46,2
674,42.373837,-71.10679,0.59,705.21,11.22,0,45,2
675,42.373665,-71.106766,0.78,692.84,11.22,0,44,2
676,42.373665,-71.106766,0.66,783.95,11.22,0,43,2
677,42.3735,-71.10674,0.66,999.63,11.22,0,42,2
678,,,0.66,1047.92,11.22,0, ,2
679,,,0.74,1050.30,11.22,1, ,2
680,,,0.94,1055.79,11.54,2, ,2
681,42.37233,-71.1067,1.41,1057.34,11.22,3,39,3
682,42.37233,-71.1067,1.29,1054.23,11.54,0,37,2
683,42.37233,-71.10668,1.33,1055.01,11.54,2,35,2
684,42.37217,-71.10668,0.90,1057.34,11.54,0,33,2
685,42.37217,-71.10667,0.59,1052.66,11.54,1,32,2
686,42.371998,-71.10667,0.90,1054.23,11.54,5,30,3
687,42.371998,-71.10667,1.48,977.55,11.54,2,28,2
688,,,1.41,849.28,11.22,2, ,2
689,,,1.25,677.52,11.22,0, ,2
690,,,0.78,640.45,11.22,0, ,2
691,42.371502,-71.1066,0.51,673.31,11.22,2,26,2
692,42.371502,-71.10658,0.70,707.94,11.22,0,26,2
693,42.371502,-71.10657,0.90,649.11,11.22,3,25,3
694,42.37133,-71.10655,1.52,619.98,11.22,0,25,2
695,42.371166,-71.10654,1.41,633.18,11.22,3,25,2
696,42.371166,-71.10652,1.33,587.11,11.22,6,25,2
697,42.370995,-71.10652,0.90,523.53,10.90,10,25,2
698,,,0.47,525.11,11.22,13, ,2
699,,,0.66,676.12,11.22,6, ,3
700,,,1.25,707.94,11.22,0, ,3
701,42.3705,-71.10645,1.64,683.12,11.22,1,26,2
702,42.37034,-71.10644,1.02,618.51,11.22,0,25,2
703,42.370167,-71.106415,0.70,661.99,10.90,1,25,2
704,42.370167,-71.1064,0.55,468.50,10.90,0,25,2
705,42.370003,-71.1064,1.05,960.31,10.90,0,25,3
706,42.370003,-71.10638,1.52,868.76,10.90,0,25,2
707,,,1.02,864.23,10.90,2, ,2
708,,,0.55,888.82,10.90,0, ,2
709,,,0.43,838.76,10.90,0, ,2
710,,,1.29,935.40,10.90,0, ,3
711,42.369164,-71.1063,1.76,1016.38,10.90,0,27,2
712,42.369003,-71.106285,1.09,989.64,10.90,2,26,2
713,42.36883,-71.1063,0.78,932.33,10.90,3,25,2
714,42.36883,-71.106285,0.70,934.38,10.90,0,26,2
715,42.368668,-71.10627,1.60,986.88,10.90,0,26,3
716,42.368496,-71.10623,1.05,990.56,10.90,0,26,2
717,,,0.90,1029.97,10.90,2, ,2
718,,,0.51,1024.93,10.90,0, ,2
719,,,0.51,835.22,10.90,0, ,2
720,42.378338,-71.10612,0.94,823.30,10.90,0,28,3
721,42.376667,-71.1061,1.60,885.52,10.90,0,28,2
722,42.375,-71.10609,1.45,787.72,10.90,1,29,2
723,42.375,-71.10609,1.09,751.93,10.90,1,28,2
724,42.373333,-71.106064,0.82,709.30,10.90,0,27,2
725,42.373333,-71.106064,0.59,1037.42,10.90,4,26,2
726,42.371662,-71.10603,1.25,1036.60,10.90,3,29,3
727,,,1.45,1037.42,10.90,0, ,2
728,,,1.02,1041.49,10.90,0, ,2
729,,,0.47,1059.65,10.90,0, ,2
730,42.366665,-71.105965,0.55,1004.10,10.58,0,28,2
731,42.366665,-71.10595,1.05,964.19,10.58,0,27,3
732,42.366665,-71.105934,1.56,952.46,10.58,4,27,2
733,42.36665,-71.105934,1.33,978.49,10.58,2,27,2
734,42.36665,-71.10592,0.78,985.03,10.58,2,26,2
735,42.36665,-71.1059,0.66,1022.38,10.58,0,26,2
736,42.366634,-71.1059,0.66,917.82,10.58,1,25,2
737,,,0.90,920.96,10.58,2, ,3
738,,,1.60,993.30,10.58,4, ,2
739,,,1.25,1024.93,10.58,1, ,2
740,42.3666,-71.105835,0.90,984.10,10.58,0,24,2
741,42.366585,-71.10582,0.55,926.16,10.58,3,23,2
742,42.366585,-71.105804,0.94,972.82,10.25,1,22,2
743,42.366585,-71.10579,1.52,983.17,10.25,12,22,3
744,42.36657,-71.10577,1.29,934.38,10.58,5,22,2
745,42.36657,-71.10577,0.74,957.38,10.25,1,22,2
746,42.366554,-71.10575,0.43,987.80,10.25,0,22,2
747,,,0.82,910.43,10.25,2, ,2
748,,,1.37,941.48,10.25,0, ,2
749,,,1.33,972.82,10.25,0, ,3
750,42.366505,-71.10568,0.86,1021.53,10.25,1,21,2
751,42.366505,-71.10567,0.31,1036.60,10.25,0,21,3
752,42.366505,-71.10567,1.05,1035.78,10.25,5,21,3
753,42.366478,-71.105644,1.56,1034.13,10.25,0,20,2
754,42.366463,-71.10563,1.33,1037.42,10.25,0,20,2
755,42.366463,-71.10561,0.66,1040.68,10.25,0,20,2
756,,,0.55,1043.92,10.25,3, ,2
757,,,0.94,1045.52,10.25,0, ,2
758,,,1.72,1047.12,10.25,0, ,3
759,42.366383,-71.10557,1.29,1049.51,10.25,0,20,2
760,42.366383,-71.10555,1.05,1051.09,10.25,0,21,2
761,42.366367,-71.10554,0.43,1051.87,10.25,0,21,2
762,42.36635,-71.105515,0.43,1055.01,10.25,0,21,2
763,42.366333,-71.105515,2.27,1058.11,10.25,0,21,4
764,42.366318,-71.1055,0.62,1061.95,10.25,0,22,2
765,42.3663,-71.10547,0.47,1061.95,10.25,0,21,2
766,,,0.78,1059.65,10.25,0, ,2
767,,,1.37,1060.42,10.25,0, ,3
768,,,1.17,1050.30,10.25,0, ,2
769,42.36627,-71.10542,0.86,1036.60,10.25,0,20,2
770,42.36627,-71.10542,0.66,1029.97,10.25,0,20,2
771,42.366253,-71.1054,0.78,1038.24,10.25,3,19,2
772,42.366253,-71.1054,1.52,1039.05,10.25,0,18,3
773,42.366253,-71.105385,1.72,1038.24,10.25,2,18,2
774,42.366253,-71.10536,0.90,1042.30,10.25,0,18,2
775,42.366253,-71.10535,0.78,1040.68,10.25,1,18,2
776,,,0.55,1039.05,10.25,0, ,2
777,,,0.90,1035.78,10.25,0, ,2
778,,,1.72,1036.60,10.25,2, ,3
779,42.36622,-71.1053,1.45,1029.14,10.25,0,15,2
780,42.36622,-71.10528,0.98,1018.96,10.25,0,15,2
781,42.366203,-71.10526,0.98,1024.93,10.25,3,15,2
782,42.366188,-71.10525,0.43,1030.81,10.25,4,15,3
783,42.366188,-71.10523,0.43,1012.91,9.93,7,15,2
784,42.36617,-71.10522,1.09,1010.28,9.93,0,15,3
785,,,1.48,1003.21,9.93,0, ,2
786,,,1.33,969.96,9.93,0, ,2
787,,,0.86,989.64,9.93,0, ,2
788,42.36613,-71.10513,0.82,1009.41,9.93,0,16,2
789,42.36613,-71.10512,0.55,981.30,9.93,0,15,2
790,42.36611,-71.1051,0.94,934.38,9.93,0,15,2
791,42.366096,-71.10509,1.45,919.91,9.93,1,16,3
792,42.36608,-71.10509,1.17,908.30,9.93,0,15,2
793,42.36608,-71.10507,1.21,1003.21,9.93,0,16,2
794,42.366047,-71.10506,0.55,908.30,9.93,1,16,2
795,,,0.39,837.58,9.93,0, ,2
796,,,1.13,981.30,9.93,0, ,3
797,,,1.41,979.43,10.25,0, ,2
798,42.365982,-71.104965,1.41,1012.03,9.93,0,15,2
799,42.365967,-71.10495,0.98,1011.16,9.93,0,15,2
800,42.365967,-71.104935,0.70,838.76,9.93,0,15,2
801,42.36595,-71.10491,0.70,1034.13,10.25,0,15,2
802,42.36595,-71.10491,0.78,1041.49,9.93,0,15,2
803,42.36595,-71.1049,0.78,1041.49,10.25,0,14,3
804,42.36595,-71.1049,1.29,1044.72,9.93,0,14,2
805,,,1.48,1045.52,10.25,0, ,2
806,,,1.21,1048.71,9.93,1, ,1
807,,,1.87,1051.87,9.93,6, ,4
808,42.36595,-71.10485,0.90,1052.66,10.25,2,13,0
809,42.36595,-71.10485,1.17,1051.87,9.93,0,13,2
810,42.36595,-71.104836,1.41,1051.87,10.25,4,13,3
811,42.36595,-71.104836,0.23,1052.66,10.25,3,14,3
812,42.365967,-71.10482,1.48,1050.30,10.25,2,13,3
813,42.365967,-71.10478,0.86,1053.44,9.93,5,14,2
814,,,0.47,1052.66,10.25,15, ,3
815,,,1.56,1053.44,10.25,0, ,4
816,,,1.05,1051.87,10.25,1, ,2
817,42.366,-71.104706,0.66,1055.01,10.25,8,15,2
818,42.366,-71.10466,0.78,1053.44,10.25,3,15,2
819,42.366,-71.104645,1.09,1053.44,10.25,4,15,3
820,42.366,-71.10463,1.60,1052.66,9.93,15,15,2
821,42.366,-71.104614,1.09,1051.87,9.93,24,15,3
822,42.366,-71.1046,1.33,1053.44,9.93,17,15,2
823,42.366,-71.10457,0.51,1053.44,9.93,8,16,2
824,,,0.66,1052.66,9.93,7, ,2
825,,,1.52,1055.01,9.93,1, ,3
826,,,1.33,1055.01,9.93,0, ,2
827,42.365932,-71.10444,0.90,1055.01,10.25,0,27,2
828,42.365932,-71.104416,0.62,1055.79,10.25,2,28,2
829,42.365917,-71.104416,0.55,1057.34,9.93,0,27,3
830,42.365917,-71.1044,0.59,1058.11,10.25,0,27,3
831,42.365917,-71.104385,0.78,1057.34,10.58,0,27,2
832,42.365902,-71.10437,1.52,1057.34,10.58,0,27,3
833,42.365902,-71.104355,1.56,1057.34,10.58,0,27,2
834,,,1.45,1058.88,10.58,0, ,2
835,,,1.29,1059.65,10.58,0, ,2
836,,,0.74,1061.95,10.58,0, ,2
837,42.365902,-71.10433,0.39,1058.11,10.58,0,22,2
838,42.365917,-71.10432,0.74,1057.34,10.58,0,20,2
839,42.365917,-71.104294,1.25,1058.11,10.90,0,19,3
840,42.365917,-71.10428,1.64,1060.42,10.90,0,18,2
841,42.365902,-71.10426,1.21,1065.74,10.90,0,18,2
842,42.365887,-71.10425,0.74,1070.98,10.90,0,17,2
843,,,0.66,1061.95,10.90,0, ,2
844,,,1.09,1055.01,10.90,0, ,2
845,,,1.48,1058.88,10.90,0, ,3
846,42.365852,-71.1042,1.13,1060.42,10.90,0,13,2
847,42.365837,-71.1042,0.98,1058.88,10.90,0,12,2
848,42.36582,-71.1042,0.35,1058.88,11.22,0,11,2
849,42.36582,-71.10418,0.90,1051.87,11.22,2,10,3
850,42.36582,-71.104164,1.64,1047.92,11.22,0,9,2
851,42.36582,-71.10415,1.13,1048.71,11.22,0,9,2
852,42.365803,-71.10413,0.59,1048.71,11.22,0,10,2
853,,,0.59,1051.09,11.22,0, ,2
854,,,0.70,1051.87,11.22,0, ,2
855,,,0.90,1051.87,11.22,0, ,3
856,42.365765,-71.10409,1.48,1049.51,11.22,0,7,2
857,42.365746,-71.10407,1.29,1051.09,11.22,2,7,3
858,42.36573,-71.10405,1.25,1052.66,11.22,17,8,2
859,42.36573,-71.104034,1.37,1051.87,11.22,9,8,2
860,42.36573,-71.10402,1.52,1050.30,11.22,14,7,2
861,42.36573,-71.104004,0.74,1053.44,11.22,16,8,2
862,42.365715,-71.104004,0.90,1051.09,11.22,4,8,1
863,,,0.90,1050.30,11.22,21, ,0
864,,,0.90,1047.92,10.90,26, ,0
865,,,0.98,1047.12,10.90,17, ,0
866,42.3657,-71.103966,0.70,1050.30,10.90,19,12,2
867,42.36568,-71.10395,0.94,1058.11,10.90,5,12,2
868,42.36568,-71.10395,1.64,1059.65,10.90,1,12,3
869,42.365665,-71.10393,1.02,1060.42,10.90,9,12,2
870,42.365665,-71.10391,0.39,1060.42,10.90,18,12,3
871,42.36565,-71.1039,1.60,1061.19,10.90,7,12,2
872,,,0.94,1057.34,10.90,10, ,2
873,,,0.55,1054.23,10.90,9, ,2
874,,,1.05,1059.65,10.90,0, ,3
875,42.365616,-71.10381,1.33,1061.95,10.90,0,12,2
876,42.365616,-71.1038,1.68,1058.88,10.90,0,12,2
877,42.365585,-71.10377,1.17,1067.25,10.90,0,15,2
878,42.365585,-71.10374,0.74,1065.74,11.22,0,16,2
879,42.365566,-71.10372,0.82,1073.20,11.22,0,16,2
880,42.365566,-71.10371,0.66,1064.99,11.22,0,16,2
881,42.36555,-71.10371,0.78,1072.46,11.22,0,16,2
882,,,1.09,1068.75,11.22,0, ,2
883,,,0.70,1056.56,11.22,1, ,3
884,,,1.02,1058.88,11.22,0, ,1
885,42.365536,-71.10367,0.98,1059.65,11.22,0,16,0
886,42.365536,-71.10367,1.05,1061.19,11.22,0,15,0
887,42.36552,-71.10368,0.98,1061.19,11.54,0,13,0
888,42.36552,-71.10371,0.98,1059.65,11.22,0,11,1
