time,latitude,longitude,acceleration,light,temperature,sound,altitude,pedometer
03/18/2010 10:38:58,42.365486,-71.10388,0.90,1073.20,16.05,12,24,0
03/18/2010 10:38:59,42.36547,-71.10391,0.90,1073.93,16.38,10,25,0
03/18/2010 10:39:00,42.36547,-71.10393,0.86,1071.72,16.05,4,26,0
03/18/2010 10:39:01,42.365444,-71.10395,0.94,1057.34,16.05,10,27,0
03/18/2010 10:39:02,42.365444,-71.10395,0.94,1055.01,16.05,12,26,0
03/18/2010 10:39:03,42.365444,-71.10395,1.09,1050.30,16.05,9,26,2
03/18/2010 10:39:04,42.36547,-71.10395,0.86,1048.71,16.05,11,25,2
03/18/2010 10:39:06,42.365486,-71.10393,0.98,1049.51,16.05,10,25,2
03/18/2010 10:39:07,42.365486,-71.10393,1.25,1052.66,16.05,2,24,2
03/18/2010 10:39:08,42.3655,-71.10391,1.02,1052.66,16.05,0,23,2
03/18/2010 10:39:09,42.36552,-71.10391,1.41,1052.66,16.05,1,23,2
03/18/2010 10:39:10,42.365536,-71.10391,1.13,1052.66,16.05,1,23,2
03/18/2010 10:39:11,42.365536,-71.10391,0.98,1053.44,16.05,9,22,1
03/18/2010 10:39:12,42.36555,-71.10391,0.82,1054.23,16.05,9,22,2
03/18/2010 10:39:13,42.365566,-71.1039,0.90,1055.79,16.05,8,22,2
03/18/2010 10:39:14,42.365566,-71.1039,1.02,1058.11,16.05,4,21,2
03/18/2010 10:39:15,42.3656,-71.10388,0.94,1056.56,16.05,3,20,1
03/18/2010 10:39:16,42.365616,-71.103836,0.82,1058.88,16.05,4,18,1
03/18/2010 10:39:17,42.36565,-71.10377,0.78,1058.11,16.05,6,16,0
03/18/2010 10:39:18,42.36568,-71.10371,0.90,1058.88,16.05,6,13,0
03/18/2010 10:39:19,42.36568,-71.10371,0.90,1058.88,16.05,9,13,0
03/18/2010 10:39:20,42.36568,-71.10368,0.90,1058.88,16.05,14,13,0
03/18/2010 10:39:21,42.36568,-71.10367,0.90,1059.65,16.05,4,13,0
03/18/2010 10:39:23,42.36568,-71.10368,0.94,1059.65,16.05,7,13,0
03/18/2010 10:39:24,42.3657,-71.10365,0.86,1059.65,16.05,6,13,0
03/18/2010 10:39:25,42.3657,-71.10363,0.86,1058.88,16.05,5,12,0
03/18/2010 10:39:26,42.365715,-71.103615,0.90,1059.65,16.05,5,11,0
03/18/2010 10:39:27,42.365715,-71.103615,0.90,1058.11,16.05,7,12,0
03/18/2010 10:39:28,42.365715,-71.103584,0.86,1058.11,16.05,2,11,0
03/18/2010 10:39:29,42.36573,-71.10356,0.86,1058.11,16.05,4,10,0
03/18/2010 10:39:30,42.365746,-71.10353,0.94,1059.65,16.05,11,9,0
03/18/2010 10:39:31,42.365765,-71.103485,0.90,1059.65,16.05,13,8,0
03/18/2010 10:39:32,42.36578,-71.10345,0.82,1059.65,16.05,8,6,0
03/18/2010 10:39:33,42.365803,-71.1034,0.86,1059.65,16.05,2,5,0
03/18/2010 10:39:34,42.365803,-71.1034,0.86,1058.88,16.05,3,5,0
03/18/2010 10:39:35,42.36578,-71.10343,0.94,1058.88,16.05,3,7,0
03/18/2010 10:39:36,42.36578,-71.10345,0.90,1058.88,16.05,2,7,0
03/18/2010 10:39:37,42.36578,-71.10345,0.94,1058.11,16.05,14,7,0
03/18/2010 10:39:38,42.365803,-71.10342,0.98,1059.65,16.05,4,6,0
03/18/2010 10:39:40,42.365803,-71.1034,0.90,1059.65,16.05,3,6,1
03/18/2010 10:39:41,42.36582,-71.1034,0.98,1058.88,16.05,4,6,1
03/18/2010 10:39:42,42.365837,-71.103355,1.05,1058.88,16.05,1,4,2
03/18/2010 10:39:43,42.365868,-71.10332,0.82,1059.65,16.05,4,3,1
03/18/2010 10:39:44,42.365902,-71.10323,0.59,1059.65,16.05,5,0,2
03/18/2010 10:39:45,42.365932,-71.10318,0.78,1060.42,16.05,7,65535,2
03/18/2010 10:39:46,42.365967,-71.103134,1.13,1060.42,16.05,9,65533,3
03/18/2010 10:39:47,42.366,-71.103065,1.72,1060.42,16.05,16,65530,2
03/18/2010 10:39:48,42.36603,-71.10302,1.05,1059.65,16.05,4,65528,2
03/18/2010 10:39:49,42.366066,-71.10294,0.70,1058.11,16.05,8,65526,2
03/18/2010 10:39:50,42.366096,-71.1029,0.47,1055.79,16.05,3,65523,2
03/18/2010 10:39:51,42.36613,-71.10285,0.66,1054.23,16.05,7,65521,2
03/18/2010 10:39:52,42.366203,-71.10277,0.82,1051.87,16.05,14,65517,2
03/18/2010 10:39:53,42.36622,-71.10275,1.05,1052.66,16.05,5,65516,2
03/18/2010 10:39:54,42.366234,-71.10274,1.17,1052.66,16.05,3,65515,3
03/18/2010 10:39:55,42.366253,-71.10274,1.21,1050.30,16.05,8,65515,2
03/18/2010 10:39:56,42.36627,-71.10274,1.25,1047.92,16.05,4,65514,2
03/18/2010 10:39:58,42.366283,-71.10274,0.98,1045.52,16.05,1,65514,2
03/18/2010 10:39:59,42.366283,-71.10275,0.66,1046.32,16.05,4,65514,2
03/18/2010 10:40:00,42.3663,-71.10275,0.59,1044.72,16.05,2,65514,2
03/18/2010 10:40:01,42.3663,-71.10278,0.55,1048.71,16.05,7,65515,2
03/18/2010 10:40:02,42.366318,-71.10278,0.59,1050.30,16.05,3,65515,2
03/18/2010 10:40:03,42.366318,-71.10281,0.90,1047.92,16.05,0,65515,3
03/18/2010 10:40:04,42.366318,-71.10283,1.25,1051.09,16.05,0,65515,2
03/18/2010 10:40:05,42.366318,-71.10288,1.17,1049.51,16.05,0,65516,2
03/18/2010 10:40:06,42.3663,-71.10293,0.98,1051.09,16.05,0,65517,2
03/18/2010 10:40:07,42.366318,-71.10294,1.05,1052.66,16.05,2,65517,2
03/18/2010 10:40:08,42.366318,-71.102974,0.82,1055.01,16.05,2,65517,2
03/18/2010 10:40:09,42.366318,-71.103004,0.70,1055.01,16.05,5,65517,2
03/18/2010 10:40:10,42.366283,-71.10312,0.51,1055.79,16.05,8,65521,2
03/18/2010 10:40:11,42.366283,-71.10315,0.78,1055.01,16.05,6,65523,2
03/18/2010 10:40:12,42.366283,-71.103195,1.02,1053.44,16.05,6,65524,3
03/18/2010 10:40:13,42.366283,-71.10323,1.41,1053.44,16.05,3,65525,2
03/18/2010 10:40:15,42.366283,-71.10328,0.90,1055.01,16.05,0,65526,2
03/18/2010 10:40:16,42.36627,-71.10334,1.21,1054.23,16.05,0,65528,2
03/18/2010 10:40:17,42.36627,-71.103355,0.62,1052.66,16.05,3,65528,2
03/18/2010 10:40:18,42.36627,-71.103386,0.62,1051.09,16.05,0,65529,2
03/18/2010 10:40:19,42.366283,-71.103386,0.59,1051.87,16.05,0,65530,2
03/18/2010 10:40:20,42.366283,-71.1034,0.55,1052.66,16.05,0,65531,2
03/18/2010 10:40:21,42.3663,-71.10342,0.78,1051.87,16.38,8,65531,2
03/18/2010 10:40:22,42.366203,-71.10374,0.94,1051.87,16.05,0,6,2
03/18/2010 10:40:23,42.36617,-71.10391,1.13,1053.44,16.05,4,12,3
03/18/2010 10:40:24,42.366154,-71.10405,1.52,1053.44,16.38,0,18,2
03/18/2010 10:40:25,42.366154,-71.10413,1.05,1055.01,16.05,3,23,2
03/18/2010 10:40:26,42.366154,-71.1042,1.33,1055.01,16.05,2,27,2
03/18/2010 10:40:27,42.366154,-71.10433,0.86,1055.01,16.05,2,34,2
03/18/2010 10:40:28,42.366154,-71.104385,0.70,1055.01,16.05,0,37,2
03/18/2010 10:40:29,42.366154,-71.104416,0.70,1052.66,16.05,4,40,2
03/18/2010 10:40:30,42.36613,-71.104454,0.55,1052.66,16.05,0,42,2
03/18/2010 10:40:32,42.36611,-71.1045,0.55,1053.44,16.38,4,44,2
03/18/2010 10:40:33,42.366096,-71.10453,0.66,1054.23,16.38,2,46,2
03/18/2010 10:40:34,42.36608,-71.104546,0.78,1055.01,16.05,0,48,2
03/18/2010 10:40:35,42.36608,-71.10458,0.90,1055.01,16.38,0,50,2
03/18/2010 10:40:36,42.36608,-71.104614,1.29,1054.23,16.38,9,50,3
03/18/2010 10:40:37,42.366066,-71.10463,1.37,1054.23,16.05,4,52,2
03/18/2010 10:40:38,42.366066,-71.10466,0.98,1050.30,16.05,1,54,2
03/18/2010 10:40:39,42.366066,-71.104706,1.13,1051.87,16.05,1,55,2
03/18/2010 10:40:40,42.366066,-71.10474,0.59,1053.44,16.05,2,56,2
03/18/2010 10:40:41,42.366047,-71.10477,0.51,1050.30,16.05,1,57,2
03/18/2010 10:40:42,42.366047,-71.10478,0.62,1050.30,16.05,0,58,2
03/18/2010 10:40:43,42.366047,-71.10482,0.62,1051.09,16.05,1,58,2
03/18/2010 10:40:44,42.366047,-71.104866,0.51,1050.30,16.38,5,60,2
03/18/2010 10:40:45,42.366047,-71.1049,0.70,1052.66,16.05,0,61,2
03/18/2010 10:40:46,42.366066,-71.10491,0.74,1052.66,16.05,2,61,2
03/18/2010 10:40:47,42.366066,-71.104935,1.05,1050.30,16.05,2,60,3
03/18/2010 10:40:49,42.366066,-71.10495,1.09,1045.52,16.05,2,60,2
03/18/2010 10:40:50,42.36608,-71.10498,1.37,1051.09,16.05,0,60,2
03/18/2010 10:40:51,42.36608,-71.104996,0.98,1052.66,16.05,0,60,2
03/18/2010 10:40:52,42.36608,-71.10501,1.13,1051.09,16.05,2,60,2
03/18/2010 10:40:53,42.36608,-71.10503,0.62,1051.87,16.05,1,60,2
03/18/2010 10:40:54,42.36608,-71.10506,0.62,1052.66,16.05,11,59,2
03/18/2010 10:40:55,42.366096,-71.10507,0.55,1050.30,16.05,8,60,2
03/18/2010 10:40:56,42.366096,-71.10509,0.66,1052.66,16.05,7,59,2
03/18/2010 10:40:57,42.366096,-71.1051,0.66,1051.87,16.05,10,59,2
03/18/2010 10:40:58,42.36611,-71.10512,0.98,1050.30,16.05,5,58,3
03/18/2010 10:40:59,42.36611,-71.10513,1.05,1049.51,16.05,4,58,2
03/18/2010 10:41:00,42.36613,-71.10515,1.17,1052.66,16.05,1,58,2
03/18/2010 10:41:01,42.36613,-71.10517,1.37,1052.66,16.05,1,58,2
03/18/2010 10:41:02,42.366154,-71.1052,1.17,1049.51,16.05,3,58,2
03/18/2010 10:41:03,42.366154,-71.1052,1.25,1047.92,16.05,1,58,2
03/18/2010 10:41:04,42.36617,-71.10522,0.82,1049.51,16.05,15,58,2
03/18/2010 10:41:05,42.36617,-71.10522,0.66,1046.32,16.05,0,57,2
03/18/2010 10:41:07,42.366188,-71.10523,0.62,1045.52,16.05,0,57,2
03/18/2010 10:41:08,42.366188,-71.10525,0.59,1044.72,16.05,0,57,2
03/18/2010 10:41:09,42.366203,-71.10525,0.55,1045.52,16.05,1,57,2
03/18/2010 10:41:10,42.366203,-71.10526,0.70,1043.92,16.05,0,57,2
03/18/2010 10:41:11,42.366203,-71.10528,0.51,1046.32,16.05,1,57,2
03/18/2010 10:41:12,42.366203,-71.1053,0.74,1047.12,16.05,1,59,2
03/18/2010 10:41:13,42.366203,-71.105316,0.78,1046.32,16.05,0,61,2
03/18/2010 10:41:14,42.366203,-71.10535,0.86,1045.52,16.05,0,63,3
03/18/2010 10:41:15,42.366203,-71.10536,1.17,1047.12,16.05,0,65,2
03/18/2010 10:41:16,42.366203,-71.1054,1.17,1050.30,16.05,0,67,2
03/18/2010 10:41:17,42.366203,-71.10542,1.25,1050.30,16.05,0,70,2
03/18/2010 10:41:18,42.366203,-71.10544,1.37,1050.30,16.05,0,72,2
03/18/2010 10:41:19,42.366188,-71.10547,1.48,1051.09,16.05,1,75,2
03/18/2010 10:41:20,42.366188,-71.10554,1.05,1051.09,16.05,0,81,2
03/18/2010 10:41:21,42.36617,-71.10555,1.05,1051.09,16.05,0,84,2
03/18/2010 10:41:22,42.366188,-71.10557,1.25,1051.09,16.05,0,85,2
03/18/2010 10:41:23,42.366188,-71.10557,1.09,1051.09,16.05,0,86,2
03/18/2010 10:41:25,42.366188,-71.10557,0.82,1051.09,16.38,4,86,2
03/18/2010 10:41:26,42.366203,-71.10558,0.82,1051.09,16.38,5,87,2
03/18/2010 10:41:27,42.366203,-71.1056,1.29,1048.71,16.05,5,88,2
03/18/2010 10:41:28,42.366203,-71.10561,1.21,1047.92,16.38,12,89,2
03/18/2010 10:41:29,42.36622,-71.105644,0.90,1044.72,16.38,3,90,1
03/18/2010 10:41:30,42.36622,-71.10567,0.59,1044.72,16.05,5,90,2
03/18/2010 10:41:31,42.36622,-71.10568,0.62,1044.72,16.38,6,90,2
03/18/2010 10:41:32,42.366234,-71.1057,0.66,1039.87,16.05,4,89,2
03/18/2010 10:41:33,42.366253,-71.10571,0.59,1037.42,16.38,1,89,2
03/18/2010 10:41:34,42.366253,-71.10571,0.62,1038.24,16.38,2,89,2
03/18/2010 10:41:35,42.366253,-71.10575,0.59,1040.68,16.05,1,92,2
03/18/2010 10:41:36,42.366253,-71.10577,0.66,1040.68,16.05,1,93,2
03/18/2010 10:41:37,42.366253,-71.105804,0.66,1041.49,16.38,5,94,2
03/18/2010 10:41:38,42.366253,-71.105835,0.98,1043.11,16.38,0,98,2
03/18/2010 10:41:39,42.366253,-71.105865,0.86,1044.72,16.38,2,102,2
03/18/2010 10:41:40,42.366253,-71.1059,0.86,1046.32,16.38,3,105,2
03/18/2010 10:41:41,42.366253,-71.105934,0.59,1047.12,16.38,7,108,2
03/18/2010 10:41:43,42.366253,-71.10595,0.55,1049.51,16.38,14,109,2
03/18/2010 10:41:44,42.36627,-71.105965,0.66,1050.30,16.05,5,109,1
03/18/2010 10:41:45,42.36627,-71.105965,1.09,1050.30,16.05,0,110,2
03/18/2010 10:41:46,42.366283,-71.10598,0.62,1051.09,16.05,13,109,2
03/18/2010 10:41:47,42.366283,-71.105995,0.55,1053.44,16.05,1,111,2
03/18/2010 10:41:48,42.3663,-71.10601,0.55,1052.66,16.05,5,111,2
03/18/2010 10:41:49,42.3663,-71.10603,0.66,1053.44,16.05,0,111,2
03/18/2010 10:41:50,42.366318,-71.10605,0.70,1054.23,16.05,2,111,2
03/18/2010 10:41:51,42.366318,-71.106064,0.82,1054.23,16.05,6,111,2
03/18/2010 10:41:52,42.366333,-71.106064,0.86,1054.23,16.05,6,112,2
03/18/2010 10:41:53,42.366333,-71.1061,0.74,1055.79,16.05,1,112,2
03/18/2010 10:41:54,42.36635,-71.1061,0.90,1055.01,16.05,4,113,2
03/18/2010 10:41:55,42.36635,-71.10613,0.90,1055.79,16.05,0,115,2
03/18/2010 10:41:56,42.366367,-71.106155,0.94,1055.79,16.05,2,116,3
03/18/2010 10:41:57,42.366367,-71.10617,0.94,1055.79,16.05,7,116,1
03/18/2010 10:41:58,42.366383,-71.106186,0.90,1055.79,16.05,5,117,3
03/18/2010 10:41:59,42.366383,-71.1062,1.13,1056.56,16.05,0,118,2
03/18/2010 10:42:01,42.366383,-71.10622,1.37,1056.56,15.73,1,120,2
03/18/2010 10:42:02,42.366383,-71.10625,1.29,1055.79,16.05,2,122,2
03/18/2010 10:42:03,42.366383,-71.10627,1.37,1055.01,16.05,5,123,2
03/18/2010 10:42:04,42.366383,-71.106285,1.33,1055.01,16.05,1,125,2
03/18/2010 10:42:05,42.366398,-71.1063,1.48,1055.01,16.05,4,124,2
03/18/2010 10:42:06,42.366398,-71.106316,1.29,1055.01,16.05,10,125,2
03/18/2010 10:42:07,42.366398,-71.10633,1.13,1055.79,16.05,10,126,2
03/18/2010 10:42:08,42.366413,-71.106346,1.05,1055.79,15.73,17,127,2
03/18/2010 10:42:09,42.366413,-71.10636,1.17,1055.79,15.73,22,127,2
03/18/2010 10:42:10,42.366413,-71.10638,1.29,1055.79,15.73,8,128,2
03/18/2010 10:42:11,42.366432,-71.1064,0.82,1055.01,15.73,7,128,2
03/18/2010 10:42:12,42.366432,-71.10644,0.59,1055.01,15.73,3,130,2
03/18/2010 10:42:13,42.366447,-71.10647,0.62,1055.01,15.73,5,131,2
03/18/2010 10:42:14,42.366447,-71.10648,0.66,1055.01,15.73,15,132,2
03/18/2010 10:42:15,42.366447,-71.10648,0.59,1055.01,15.73,5,132,2
03/18/2010 10:42:17,42.366463,-71.10652,0.55,1055.01,15.73,2,132,2
03/18/2010 10:42:18,42.366463,-71.10654,0.59,1055.01,15.73,1,133,2
03/18/2010 10:42:19,42.366478,-71.10654,0.59,1055.01,15.73,21,132,2
03/18/2010 10:42:20,42.366505,-71.10655,0.74,1055.01,15.73,1,132,2
03/18/2010 10:42:21,42.366505,-71.10655,0.90,1055.01,15.73,3,131,2
03/18/2010 10:42:22,42.366505,-71.10658,0.78,1055.01,15.73,1,133,2
03/18/2010 10:42:23,42.366505,-71.1066,0.78,1055.01,15.73,17,135,2
03/18/2010 10:42:24,42.366505,-71.10661,0.78,1054.23,15.73,5,138,2
03/18/2010 10:42:25,42.366505,-71.10665,1.21,1055.01,15.73,2,139,3
03/18/2010 10:42:26,42.36652,-71.10665,1.45,1055.79,15.73,1,138,2
03/18/2010 10:42:27,42.366535,-71.10667,1.09,1055.79,15.73,0,138,2
03/18/2010 10:42:28,42.366535,-71.10668,0.94,1055.01,15.73,3,138,2
03/18/2010 10:42:29,42.366554,-71.1067,0.98,1055.01,15.73,2,137,2
03/18/2010 10:42:30,42.366554,-71.10671,1.05,1055.01,15.73,4,138,2
03/18/2010 10:42:31,42.36657,-71.10673,1.13,1055.01,15.41,3,138,2
03/18/2010 10:42:32,42.366585,-71.10673,1.21,1055.01,15.73,11,136,2
03/18/2010 10:42:33,42.3666,-71.10673,1.17,1053.44,15.41,5,134,2
03/18/2010 10:42:35,42.3666,-71.10673,0.86,1053.44,15.73,7,133,2
03/18/2010 10:42:36,42.36662,-71.10673,1.29,1052.66,15.73,10,133,2
03/18/2010 10:42:37,42.36662,-71.106766,0.78,1051.09,15.73,9,133,2
03/18/2010 10:42:38,42.366634,-71.10674,0.74,1051.09,15.73,2,131,2
03/18/2010 10:42:39,42.366634,-71.106766,0.74,1052.66,15.73,4,131,2
03/18/2010 10:42:40,42.366665,-71.10674,1.02,1053.44,15.73,3,128,2
03/18/2010 10:42:41,42.368336,-71.10674,0.62,1053.44,15.73,8,124,2
03/18/2010 10:42:42,42.370003,-71.10673,0.51,1053.44,15.73,7,124,2
03/18/2010 10:42:43,42.371662,-71.10674,0.51,1052.66,15.73,0,125,2
03/18/2010 10:42:44,42.373333,-71.106766,0.66,1052.66,15.73,4,126,1
03/18/2010 10:42:45,42.373333,-71.10679,0.62,1050.30,15.73,3,127,2
03/18/2010 10:42:46,42.373333,-71.106804,0.66,1051.09,15.73,8,128,2
03/18/2010 10:42:47,42.375,-71.106834,0.62,1051.87,15.73,3,129,1
03/18/2010 10:42:48,42.375,-71.10685,0.43,1051.87,15.41,9,130,1
03/18/2010 10:42:49,42.376667,-71.106865,0.55,1051.87,15.73,3,130,2
03/18/2010 10:42:50,42.378338,-71.10689,0.98,1052.66,15.41,6,130,2
03/18/2010 10:42:51,42.378338,-71.1069,1.17,1052.66,15.41,7,129,2
03/18/2010 10:42:53,42.379997,-71.10693,1.02,1052.66,15.41,5,130,0
03/18/2010 10:42:54,42.379997,-71.10695,1.13,1053.44,15.41,5,131,1
03/18/2010 10:42:55,42.381664,-71.10698,0.94,1051.87,15.41,7,132,2
03/18/2010 10:42:56,42.381664,-71.107,0.90,1053.44,15.41,9,132,2
03/18/2010 10:42:57,42.368336,-71.107,1.09,1052.66,15.73,9,131,1
03/18/2010 10:42:58,42.368336,-71.10702,0.86,1052.66,15.41,15,130,2
03/18/2010 10:42:59,42.368496,-71.10703,0.62,1052.66,15.41,13,129,1
03/18/2010 10:43:00,42.368668,-71.10705,0.74,1054.23,15.73,6,127,1
03/18/2010 10:43:01,42.368668,-71.10705,0.70,1053.44,15.41,11,126,2
03/18/2010 10:43:02,42.36883,-71.10706,0.74,1054.23,15.41,14,123,1
03/18/2010 10:43:03,42.369164,-71.10703,0.59,1052.66,15.73,12,116,1
03/18/2010 10:43:04,42.369335,-71.10705,0.78,1052.66,15.73,5,115,2
03/18/2010 10:43:05,42.3695,-71.10706,1.02,1054.23,15.73,6,112,2
03/18/2010 10:43:06,42.36967,-71.10706,1.05,1054.23,15.73,0,110,2
03/18/2010 10:43:07,42.36983,-71.10706,0.98,1053.44,15.73,0,109,2
03/18/2010 10:43:08,42.370003,-71.10706,1.17,1054.23,15.73,1,106,2
03/18/2010 10:43:10,42.370167,-71.10706,0.94,1055.01,15.73,0,105,2
03/18/2010 10:43:11,42.3705,-71.10705,0.70,1053.44,15.73,0,99,1
03/18/2010 10:43:12,42.370834,-71.10702,0.78,1051.87,15.73,0,92,2
03/18/2010 10:43:13,42.371166,-71.10702,0.70,1051.09,15.73,0,89,2
03/18/2010 10:43:14,42.37133,-71.10702,0.74,1051.09,15.73,4,85,2
03/18/2010 10:43:15,42.371502,-71.107,0.70,1052.66,15.73,5,82,2
03/18/2010 10:43:16,42.371662,-71.107,0.62,1052.66,15.73,1,79,2
03/18/2010 10:43:17,42.371834,-71.107,0.66,1052.66,15.73,0,78,2
03/18/2010 10:43:18,42.371834,-71.10702,0.59,1051.87,15.73,1,76,2
03/18/2010 10:43:19,42.371998,-71.10702,0.55,1052.66,15.73,1,75,2
03/18/2010 10:43:20,42.37217,-71.10702,0.47,1052.66,15.73,1,73,2
03/18/2010 10:43:21,42.37233,-71.10702,0.43,1052.66,15.41,0,72,2
03/18/2010 10:43:22,42.3725,-71.10702,0.78,1052.66,15.73,0,70,2
03/18/2010 10:43:23,42.372665,-71.10703,0.94,1051.09,15.73,0,67,2
03/18/2010 10:43:24,42.372837,-71.10705,1.25,1052.66,15.73,0,66,2
03/18/2010 10:43:25,42.372997,-71.10705,1.25,1051.87,15.73,0,65,2
03/18/2010 10:43:26,42.372997,-71.10706,1.09,1066.50,15.73,0,65,2
03/18/2010 10:43:28,42.37317,-71.10706,1.09,1055.01,15.73,0,64,2
03/18/2010 10:43:29,42.37317,-71.10708,1.05,1054.23,15.73,0,63,1
03/18/2010 10:43:30,42.373333,-71.10706,1.48,1055.01,15.73,0,61,2
03/18/2010 10:43:31,42.373665,-71.10705,0.98,1054.23,15.73,0,58,1
03/18/2010 10:43:32,42.373665,-71.10705,0.94,1053.44,15.73,0,57,2
03/18/2010 10:43:33,42.373837,-71.10705,0.98,1055.01,15.73,0,55,2
03/18/2010 10:43:34,42.373837,-71.10705,1.13,1055.79,15.73,0,55,2
03/18/2010 10:43:35,42.374,-71.10706,0.98,1056.56,15.73,0,55,1
03/18/2010 10:43:36,42.374,-71.10706,1.09,1055.79,15.73,3,54,1
03/18/2010 10:43:37,42.37417,-71.10706,0.86,1055.01,15.73,11,53,1
03/18/2010 10:43:38,42.37417,-71.10708,0.74,1054.23,15.73,3,52,2
03/18/2010 10:43:39,42.374504,-71.10708,0.78,1053.44,15.73,0,50,2
03/18/2010 10:43:40,42.374504,-71.10709,0.70,1051.87,15.73,0,50,2
03/18/2010 10:43:41,42.37467,-71.10709,0.70,1050.30,15.73,1,49,2
03/18/2010 10:43:42,42.374836,-71.10711,0.62,1049.51,15.73,0,48,2
03/18/2010 10:43:43,42.374836,-71.10711,0.70,1050.30,15.73,0,47,2
03/18/2010 10:43:45,42.375,-71.10714,0.74,1051.87,15.73,0,46,2
03/18/2010 10:43:46,42.375,-71.10714,0.78,1052.66,15.73,0,46,2
03/18/2010 10:43:47,42.375164,-71.107155,0.70,1051.87,15.73,1,45,2
03/18/2010 10:43:48,42.37533,-71.10717,0.66,1054.23,15.73,12,44,2
03/18/2010 10:43:49,42.37533,-71.10717,0.74,1053.44,15.73,2,44,2
03/18/2010 10:43:50,42.375496,-71.107185,0.59,1053.44,15.73,15,43,2
03/18/2010 10:43:51,42.375496,-71.107185,0.70,1051.09,15.73,4,43,2
03/18/2010 10:43:52,42.375668,-71.1072,0.55,1048.71,15.73,9,43,2
03/18/2010 10:43:53,42.375668,-71.107216,0.66,1047.92,15.73,3,43,2
03/18/2010 10:43:54,42.37583,-71.107216,0.62,1050.30,15.73,13,42,1
03/18/2010 10:43:55,42.37583,-71.10723,0.66,1051.09,15.73,11,41,2
03/18/2010 10:43:56,42.376,-71.107254,0.70,1052.66,15.73,8,41,1
03/18/2010 10:43:57,42.376163,-71.10727,0.74,1052.66,15.73,3,40,2
03/18/2010 10:43:58,42.376163,-71.107285,0.66,1053.44,15.73,1,40,2
03/18/2010 10:43:59,42.376335,-71.1073,0.66,1053.44,15.73,4,40,2
03/18/2010 10:44:00,42.376335,-71.1073,0.66,1049.51,15.73,7,39,1
03/18/2010 10:44:02,42.3765,-71.107315,0.59,1051.87,15.73,7,39,2
03/18/2010 10:44:03,42.3765,-71.10733,0.66,1051.87,15.73,16,38,2
03/18/2010 10:44:04,42.376667,-71.10733,0.59,1051.09,15.41,9,37,2
03/18/2010 10:44:05,42.376667,-71.107346,0.62,1051.87,15.41,9,38,2
03/18/2010 10:44:06,42.37683,-71.10737,0.66,1052.66,15.41,7,37,2
03/18/2010 10:44:07,42.37683,-71.10737,0.66,1053.44,15.41,3,38,2
03/18/2010 10:44:08,42.37683,-71.1074,0.66,1054.23,15.41,6,38,2
03/18/2010 10:44:09,42.377003,-71.107414,0.82,1055.01,15.41,12,38,2
03/18/2010 10:44:10,42.377003,-71.10743,0.59,1054.23,15.41,4,38,2
03/18/2010 10:44:11,42.377003,-71.10747,0.66,1052.66,15.41,5,39,2
03/18/2010 10:44:12,42.377163,-71.10749,0.66,1054.23,15.41,14,39,2
03/18/2010 10:44:13,42.377163,-71.107506,0.51,1053.44,15.41,3,39,2
03/18/2010 10:44:14,42.377335,-71.10752,0.86,1052.66,15.41,5,39,2
03/18/2010 10:44:15,42.377335,-71.10755,0.94,1052.66,15.41,4,40,2
03/18/2010 10:44:16,42.377335,-71.10757,1.05,1052.66,15.41,4,40,2
03/18/2010 10:44:17,42.377335,-71.1076,1.17,1051.87,15.41,5,41,2
03/18/2010 10:44:18,42.377335,-71.10762,1.13,1053.44,15.41,3,41,2
03/18/2010 10:44:20,42.3775,-71.107635,0.82,1054.23,15.41,3,42,2
03/18/2010 10:44:21,42.3775,-71.10765,1.09,1055.01,15.41,7,42,2
03/18/2010 10:44:22,42.3775,-71.107666,1.21,1055.01,15.41,6,42,2
03/18/2010 10:44:23,42.37767,-71.107666,1.33,1052.66,15.41,15,42,2
03/18/2010 10:44:24,42.37767,-71.107666,0.98,1051.87,15.41,15,41,1
03/18/2010 10:44:25,42.37783,-71.107666,0.82,1050.30,15.41,12,41,2
03/18/2010 10:44:26,42.378002,-71.10768,1.02,1052.66,15.41,9,41,3
03/18/2010 10:44:27,42.378166,-71.1077,1.02,1051.09,15.41,11,41,1
03/18/2010 10:44:28,42.378338,-71.1077,0.86,1052.66,15.41,7,41,2
03/18/2010 10:44:29,42.37867,-71.10771,0.74,1052.66,15.41,1,42,1
03/18/2010 10:44:30,42.379166,-71.107735,0.78,1053.44,15.41,4,42,2
03/18/2010 10:44:31,42.3795,-71.10775,1.02,1068.00,15.41,14,43,1
03/18/2010 10:44:32,42.379997,-71.10778,0.86,1060.42,15.41,12,45,0
03/18/2010 10:44:33,42.38033,-71.10778,0.70,1058.88,15.73,5,45,1
03/18/2010 10:44:34,42.3805,-71.10778,0.66,1061.95,15.41,7,45,1
03/18/2010 10:44:35,42.3805,-71.10778,0.70,1055.79,15.41,3,44,2
03/18/2010 10:44:37,42.3805,-71.107796,0.74,1052.66,15.41,12,44,2
03/18/2010 10:44:38,42.38033,-71.107796,0.90,1051.87,15.41,6,43,1
03/18/2010 10:44:39,42.38033,-71.10782,0.51,1050.30,15.73,8,43,2
03/18/2010 10:44:40,42.38033,-71.107834,0.66,1050.30,15.41,5,43,2
03/18/2010 10:44:41,42.38017,-71.10786,0.62,1051.87,15.41,7,42,2
03/18/2010 10:44:42,42.38017,-71.10787,0.55,1053.44,15.41,7,41,2
03/18/2010 10:44:43,42.379997,-71.1079,0.59,1053.44,15.41,15,42,2
03/18/2010 10:44:44,42.379997,-71.10792,0.78,1052.66,15.41,16,41,2
03/18/2010 10:44:45,42.379833,-71.10795,0.90,1052.66,15.41,1,41,2
03/18/2010 10:44:46,42.37966,-71.10799,1.05,1053.44,15.41,3,42,2
03/18/2010 10:44:47,42.37966,-71.10802,1.33,1051.87,15.41,4,41,2
03/18/2010 10:44:48,42.37966,-71.10803,1.02,1053.44,15.41,14,41,2
03/18/2010 10:44:49,42.37966,-71.10805,1.02,1054.23,15.41,18,41,0
03/18/2010 10:44:50,42.379833,-71.10806,1.17,1054.23,15.41,7,39,2
03/18/2010 10:44:51,42.379833,-71.10806,1.05,1054.23,15.41,2,40,2
03/18/2010 10:44:52,42.379997,-71.10808,0.94,1054.23,15.41,2,39,2
03/18/2010 10:44:53,42.38017,-71.10808,0.90,1054.23,15.41,0,38,2
03/18/2010 10:44:55,42.38033,-71.10808,0.94,1054.23,15.41,0,37,2
03/18/2010 10:44:56,42.38033,-71.10808,1.02,1051.87,15.41,0,37,1
03/18/2010 10:44:57,42.3805,-71.10808,1.05,1051.87,15.41,0,36,2
03/18/2010 10:44:58,42.380665,-71.10806,1.05,1052.66,15.41,0,34,0
03/18/2010 10:44:59,42.380836,-71.10806,1.17,1049.51,15.41,0,33,3
03/18/2010 10:45:00,42.380997,-71.10806,1.09,1046.32,15.41,1,33,2
03/18/2010 10:45:01,42.380997,-71.10806,1.21,1045.52,15.41,0,32,2
03/18/2010 10:45:02,42.38117,-71.10808,1.21,1046.32,15.41,1,32,2
03/18/2010 10:45:03,42.381332,-71.10808,1.02,1047.92,15.41,2,32,2
03/18/2010 10:45:04,42.381504,-71.1081,0.90,1048.71,15.41,1,31,2
03/18/2010 10:45:05,42.381664,-71.1081,1.13,1050.30,15.41,0,31,2
03/18/2010 10:45:06,42.381836,-71.108116,0.94,1049.51,15.41,0,31,1
03/18/2010 10:45:07,42.381836,-71.108116,0.90,1048.71,15.41,0,31,2
03/18/2010 10:45:08,42.382,-71.10813,0.82,1050.30,15.41,0,30,2
03/18/2010 10:45:09,42.382168,-71.10815,0.86,1051.87,15.41,3,30,2
03/18/2010 10:45:10,42.382168,-71.10815,1.13,1054.23,15.41,4,30,2
03/18/2010 10:45:11,42.382168,-71.10815,0.86,1053.44,15.41,1,29,2
03/18/2010 10:45:13,42.382168,-71.10817,1.05,1053.44,15.73,0,29,3
03/18/2010 10:45:14,42.382168,-71.108185,0.74,1051.87,15.73,0,29,2
03/18/2010 10:45:15,42.38233,-71.10817,0.86,1051.87,15.73,0,27,2
03/18/2010 10:45:16,42.38233,-71.10817,0.78,1051.87,15.73,0,26,2
03/18/2010 10:45:17,42.38233,-71.10817,0.62,1052.66,15.73,0,24,2
03/18/2010 10:45:18,42.382504,-71.10817,0.74,1053.44,15.73,0,23,2
03/18/2010 10:45:19,42.382504,-71.108185,0.82,1053.44,15.73,0,23,1
03/18/2010 10:45:20,42.382668,-71.108185,0.78,1051.87,15.73,0,23,2
03/18/2010 10:45:21,42.382668,-71.1082,1.02,1052.66,15.73,0,23,2
03/18/2010 10:45:22,42.382504,-71.10825,0.70,1053.44,15.73,0,26,2
03/18/2010 10:45:23,42.382504,-71.10827,0.82,1054.23,15.73,0,27,2
03/18/2010 10:45:24,42.382504,-71.1083,1.21,1055.01,15.73,0,28,2
03/18/2010 10:45:25,42.382504,-71.10833,1.21,1054.23,15.73,0,29,1
03/18/2010 10:45:26,42.382668,-71.10835,0.98,1052.66,15.73,0,29,2
03/18/2010 10:45:27,42.382668,-71.10837,0.74,1053.44,15.73,0,29,1
03/18/2010 10:45:28,42.382668,-71.10838,0.82,1053.44,15.73,0,30,2
03/18/2010 10:45:29,42.382668,-71.10841,0.82,1053.44,15.73,2,31,1
03/18/2010 10:45:31,42.382668,-71.10843,0.66,1052.66,15.73,3,32,2
03/18/2010 10:45:32,42.382668,-71.108444,0.55,1051.87,15.73,6,33,0
03/18/2010 10:45:33,42.382668,-71.10848,0.70,1051.87,15.73,18,34,2
03/18/2010 10:45:34,42.382668,-71.1085,1.02,1051.87,15.73,8,35,2
03/18/2010 10:45:35,42.382668,-71.10852,1.21,1051.09,15.73,5,35,2
03/18/2010 10:45:36,42.382835,-71.108536,1.29,1051.87,15.73,5,36,2
03/18/2010 10:45:37,42.382835,-71.10855,1.13,1053.44,15.73,2,36,2
03/18/2010 10:45:38,42.382835,-71.10857,0.90,1054.23,15.73,1,37,2
03/18/2010 10:45:39,42.382835,-71.108604,1.02,1053.44,15.73,1,38,2
03/18/2010 10:45:40,42.382835,-71.10862,1.25,1054.23,15.73,0,39,2
03/18/2010 10:45:41,42.382835,-71.10865,1.02,1052.66,15.73,2,40,0
03/18/2010 10:45:42,42.382835,-71.108665,1.05,1050.30,16.05,1,41,1
03/18/2010 10:45:43,42.383,-71.108696,0.78,1051.09,15.73,1,43,2
03/18/2010 10:45:44,42.382835,-71.108734,0.74,1051.87,16.05,3,45,1
03/18/2010 10:45:45,42.383,-71.108734,0.78,1051.87,16.05,6,45,2
03/18/2010 10:45:46,42.38317,-71.108734,0.66,1051.87,16.05,1,44,2
03/18/2010 10:45:48,42.38317,-71.10875,0.74,1052.66,16.05,2,43,1
03/18/2010 10:45:49,42.368336,-71.10875,0.90,1052.66,16.05,2,42,1
03/18/2010 10:45:50,42.368336,-71.10875,1.33,1055.01,16.05,6,42,2
03/18/2010 10:45:51,42.368336,-71.10875,0.86,1055.79,16.05,10,42,2
03/18/2010 10:45:52,42.36835,-71.108765,0.90,1055.01,16.05,18,41,2
03/18/2010 10:45:53,42.368366,-71.108765,1.05,1055.01,16.05,6,40,2
03/18/2010 10:45:54,42.368366,-71.10878,1.05,1055.01,16.05,2,40,2
03/18/2010 10:45:55,42.368385,-71.108795,1.05,1056.56,16.05,2,39,2
03/18/2010 10:45:56,42.368385,-71.108795,0.82,1056.56,16.05,0,39,2
03/18/2010 10:45:57,42.3684,-71.108795,0.86,1055.79,16.05,1,38,1
03/18/2010 10:45:58,42.3684,-71.108795,1.09,1055.01,16.05,1,37,2
03/18/2010 10:45:59,42.368416,-71.108795,0.98,1055.79,16.05,1,37,1
03/18/2010 10:46:00,42.368416,-71.10881,0.94,1055.79,16.05,0,36,1
03/18/2010 10:46:01,42.36843,-71.10883,0.94,1052.66,16.05,0,35,2
03/18/2010 10:46:02,42.36843,-71.10883,0.70,1051.09,16.05,2,35,2
03/18/2010 10:46:03,42.36845,-71.10885,0.74,1052.66,16.05,1,35,2
03/18/2010 10:46:04,42.36845,-71.10887,0.78,1052.66,16.05,1,35,2
03/18/2010 10:46:06,42.36845,-71.10889,0.82,1052.66,16.05,3,36,2
03/18/2010 10:46:07,42.368465,-71.1089,0.70,1053.44,16.05,5,36,2
03/18/2010 10:46:08,42.368465,-71.10893,0.66,1054.23,16.05,1,37,2
03/18/2010 10:46:09,42.368465,-71.108955,0.78,1053.44,16.05,1,37,2
03/18/2010 10:46:09,42.368465,-71.10897,0.62,1054.23,16.05,0,38,2
03/18/2010 10:46:10,42.36848,-71.109,0.74,1054.23,16.05,0,39,2
03/18/2010 10:46:11,42.36848,-71.10902,0.74,1054.23,16.05,0,41,1
03/18/2010 10:46:12,42.36848,-71.10903,0.82,1061.19,16.05,2,41,2
03/18/2010 10:46:13,42.368496,-71.10905,0.66,1052.66,16.05,6,40,2
03/18/2010 10:46:14,42.368515,-71.10906,0.70,1052.66,16.05,19,41,2
03/18/2010 10:46:15,42.368515,-71.109085,0.70,1053.44,16.05,2,41,2
03/18/2010 10:46:16,42.36853,-71.109085,0.66,1054.23,16.05,1,41,1
03/18/2010 10:46:17,42.368546,-71.109116,0.62,1055.01,16.05,1,41,2
03/18/2010 10:46:18,42.368546,-71.10913,0.70,1055.01,15.73,1,41,2
03/18/2010 10:46:19,42.368565,-71.109146,0.59,1054.23,15.73,1,41,2
03/18/2010 10:46:20,42.368565,-71.109146,0.59,1054.23,15.73,2,41,2
03/18/2010 10:46:21,42.368565,-71.10916,0.66,1055.01,16.05,1,40,2
03/18/2010 10:46:23,42.368587,-71.10916,1.37,1057.34,15.73,2,40,1
03/18/2010 10:46:24,42.368587,-71.10918,1.02,1055.01,15.73,0,39,0
03/18/2010 10:46:25,42.368603,-71.10918,0.98,1055.01,15.73,0,39,2
03/18/2010 10:46:26,42.368618,-71.10918,0.90,1054.23,15.73,1,37,2
03/18/2010 10:46:27,42.368618,-71.10918,1.17,1053.44,15.73,2,36,2
03/18/2010 10:46:28,42.368637,-71.10918,1.05,1051.09,15.73,0,35,1
03/18/2010 10:46:29,42.368637,-71.10918,0.86,1051.09,15.73,8,34,1
03/18/2010 10:46:30,42.368637,-71.1092,0.70,1051.09,15.73,2,34,2
03/18/2010 10:46:31,42.368652,-71.1092,0.66,1049.51,15.73,5,33,1
03/18/2010 10:46:32,42.368652,-71.10922,0.78,1047.12,15.73,11,33,2
03/18/2010 10:46:33,42.368652,-71.10924,0.74,1047.92,15.73,3,34,2
03/18/2010 10:46:34,42.368652,-71.10925,0.98,1047.92,15.73,1,34,2
03/18/2010 10:46:35,42.368668,-71.10928,0.90,1047.92,15.73,2,34,2
03/18/2010 10:46:36,42.368668,-71.1093,1.09,1047.12,15.73,4,35,2
03/18/2010 10:46:37,42.368668,-71.10932,1.05,1045.52,15.73,13,35,2
03/18/2010 10:46:38,42.368668,-71.10934,0.98,1047.12,15.73,32,35,1
03/18/2010 10:46:39,42.368668,-71.10935,0.86,1047.92,15.73,25,36,2
03/18/2010 10:46:41,42.368687,-71.10937,0.78,1046.32,15.73,31,36,2
03/18/2010 10:46:42,42.368687,-71.1094,0.82,1047.12,15.73,6,37,1
03/18/2010 10:46:43,42.368687,-71.10941,0.90,1045.52,15.73,15,37,2
03/18/2010 10:46:44,42.368687,-71.10945,0.62,1043.92,15.73,4,37,1
03/18/2010 10:46:45,42.368668,-71.10948,0.62,1043.11,15.41,8,38,2
03/18/2010 10:46:46,42.368668,-71.1095,1.21,1046.32,15.41,13,39,2
03/18/2010 10:46:47,42.368668,-71.10955,0.94,1047.12,15.41,7,40,2
03/18/2010 10:46:48,42.368668,-71.10959,0.86,1047.12,15.41,15,40,2
03/18/2010 10:46:49,42.368668,-71.10962,1.25,1047.92,15.41,18,40,2
03/18/2010 10:46:50,42.368652,-71.109665,0.86,1051.87,15.41,11,43,1
03/18/2010 10:46:51,42.368637,-71.1097,0.86,1051.87,15.41,6,45,2
03/18/2010 10:46:52,42.368637,-71.10975,0.74,1051.09,15.41,12,48,1
03/18/2010 10:46:53,42.368652,-71.10975,0.70,1047.92,15.41,6,48,2
03/18/2010 10:46:54,42.368652,-71.109764,0.59,1047.12,15.41,0,48,2
03/18/2010 10:46:55,42.368652,-71.10978,0.59,1047.12,15.41,3,48,2
03/18/2010 10:46:56,42.368652,-71.109795,0.78,1049.51,15.41,6,50,2
03/18/2010 10:46:58,42.368668,-71.109795,0.78,1049.51,15.41,4,48,1
03/18/2010 10:46:59,42.368687,-71.109795,0.86,1051.87,15.41,3,48,2
03/18/2010 10:47:00,42.368687,-71.109795,0.82,1051.09,15.41,4,47,2
03/18/2010 10:47:01,42.368702,-71.10978,0.66,1052.66,15.41,10,45,2
03/18/2010 10:47:02,42.368717,-71.109795,0.59,1051.87,15.41,17,44,1
03/18/2010 10:47:03,42.368732,-71.10978,0.55,1053.44,15.41,15,43,2
03/18/2010 10:47:04,42.368732,-71.10978,0.66,1055.01,15.41,3,42,1
03/18/2010 10:47:05,42.36875,-71.10978,0.66,1055.79,15.41,10,40,2
03/18/2010 10:47:06,42.368767,-71.10978,0.47,1055.79,15.41,0,39,2
03/18/2010 10:47:07,42.368782,-71.10978,0.59,1057.34,15.41,7,38,1
03/18/2010 10:47:08,42.368782,-71.10978,0.82,1062.71,15.41,2,37,1
03/18/2010 10:47:09,42.368797,-71.109795,1.13,1061.95,15.41,10,36,0
03/18/2010 10:47:10,42.368797,-71.109795,0.86,1057.34,15.41,13,36,0
03/18/2010 10:47:11,42.368816,-71.10982,0.78,1056.56,15.41,1,36,1
03/18/2010 10:47:12,42.368816,-71.10983,0.66,1058.11,15.41,3,36,1
03/18/2010 10:47:13,42.36883,-71.10985,1.05,1061.95,15.41,4,37,1
03/18/2010 10:47:14,42.368847,-71.10986,0.86,1064.99,15.41,14,38,0
03/18/2010 10:47:16,42.368847,-71.10986,0.78,1064.23,15.41,0,39,1
03/18/2010 10:47:17,42.368862,-71.10988,0.94,1069.49,15.41,7,39,1
03/18/2010 10:47:18,42.368862,-71.1099,0.94,1058.88,15.41,3,41,0
03/18/2010 10:47:19,42.368862,-71.10994,0.98,1059.65,15.41,1,42,0
03/18/2010 10:47:20,42.368862,-71.109955,0.78,1058.88,15.41,6,44,0
03/18/2010 10:47:21,42.368862,-71.10997,0.82,1058.88,15.41,17,45,0
03/18/2010 10:47:22,42.368862,-71.10997,0.82,1058.11,15.41,17,47,0
03/18/2010 10:47:23,42.368862,-71.109985,0.82,1062.71,15.41,1,48,0
03/18/2010 10:47:24,42.36888,-71.109985,0.82,1061.19,15.41,1,48,1
03/18/2010 10:47:25,42.36888,-71.11,1.05,1059.65,15.41,1,49,1
03/18/2010 10:47:26,42.368896,-71.110016,1.29,1058.88,15.41,1,50,2
03/18/2010 10:47:27,42.36891,-71.110016,1.05,1058.88,15.41,0,50,3
03/18/2010 10:47:28,42.36894,-71.110054,0.86,1058.11,15.41,1,51,2
03/18/2010 10:47:29,42.36894,-71.110054,0.62,1056.56,15.41,1,51,2
03/18/2010 10:47:30,42.368954,-71.110054,0.78,1052.66,15.41,4,51,2
03/18/2010 10:47:31,42.36897,-71.110054,0.94,1050.30,15.41,3,50,2
03/18/2010 10:47:33,42.36897,-71.110054,1.09,1046.32,15.41,3,49,2
03/18/2010 10:47:34,42.368984,-71.110054,1.17,1043.92,15.41,0,49,2
03/18/2010 10:47:35,42.369003,-71.11003,1.13,1038.24,15.41,0,48,2
03/18/2010 10:47:36,42.369003,-71.11003,1.13,916.77,15.41,2,48,1
03/18/2010 10:47:37,42.369003,-71.110016,1.05,964.19,15.41,2,47,2
03/18/2010 10:47:38,42.369003,-71.11,0.98,993.30,15.41,1,47,2
03/18/2010 10:47:39,42.369003,-71.109985,1.05,948.49,15.41,9,46,2
03/18/2010 10:47:40,42.369003,-71.10997,0.94,955.42,15.41,0,45,2
03/18/2010 10:47:41,42.369003,-71.10997,1.17,1010.28,15.41,0,45,2
03/18/2010 10:47:42,42.369003,-71.109955,1.09,952.46,15.41,0,45,2
03/18/2010 10:47:43,42.369003,-71.10994,1.13,944.50,15.41,0,44,2
03/18/2010 10:47:44,42.369003,-71.10992,1.09,977.55,15.41,0,44,2
03/18/2010 10:47:45,42.369003,-71.10988,1.21,1023.23,15.41,0,43,2
03/18/2010 10:47:46,42.368984,-71.10986,1.05,1051.87,15.41,0,42,2
03/18/2010 10:47:47,42.368984,-71.10985,1.17,1061.19,15.73,0,42,2
03/18/2010 10:47:48,42.368984,-71.10983,1.02,1061.95,15.41,0,43,2
03/18/2010 10:47:50,42.36897,-71.10982,1.02,1063.47,15.73,0,43,2
03/18/2010 10:47:51,42.36897,-71.109795,1.21,1056.56,15.73,0,43,2
03/18/2010 10:47:52,42.36897,-71.109795,1.09,1050.30,15.73,0,42,2
03/18/2010 10:47:53,42.368954,-71.10978,1.17,1053.44,15.73,0,43,2
03/18/2010 10:47:54,42.368954,-71.109764,1.05,1054.23,15.73,0,44,2
03/18/2010 10:47:55,42.36894,-71.10975,0.98,1055.01,15.73,1,45,2
03/18/2010 10:47:56,42.36894,-71.10973,0.86,1054.23,15.73,0,46,2
03/18/2010 10:47:57,42.36891,-71.10972,0.62,1050.30,15.73,0,47,2
03/18/2010 10:47:58,42.368896,-71.1097,0.66,1043.92,15.73,0,48,2
03/18/2010 10:47:59,42.36888,-71.10969,0.70,1037.42,15.73,0,49,2
03/18/2010 10:48:00,42.36888,-71.109665,0.62,1049.51,15.73,0,49,2
03/18/2010 10:48:01,42.368862,-71.10965,0.55,1047.12,15.73,0,49,2
03/18/2010 10:48:02,42.368862,-71.109634,0.66,1050.30,15.73,0,48,2
03/18/2010 10:48:03,42.368847,-71.109604,0.55,1051.87,15.73,8,47,2
03/18/2010 10:48:04,42.368847,-71.10959,0.43,1045.52,15.73,3,47,2
03/18/2010 10:48:05,42.368847,-71.10959,0.47,1043.11,15.73,3,46,2
03/18/2010 10:48:06,42.36883,-71.10957,0.51,1041.49,15.73,8,46,2
03/18/2010 10:48:08,42.36883,-71.10955,0.51,1042.30,15.73,0,44,2
03/18/2010 10:48:09,42.368816,-71.10953,0.55,1043.92,15.73,1,43,2
03/18/2010 10:48:10,42.368816,-71.10951,0.51,1043.92,15.73,0,42,2
03/18/2010 10:48:11,42.368797,-71.1095,0.55,1050.30,15.73,0,41,2
03/18/2010 10:48:12,42.368797,-71.10948,0.59,1045.52,16.05,0,41,2
03/18/2010 10:48:13,42.368797,-71.10947,0.47,1050.30,15.73,0,40,2
03/18/2010 10:48:14,42.368797,-71.10945,0.55,1054.23,15.73,0,39,2
03/18/2010 10:48:15,42.368782,-71.10945,0.47,1060.42,16.05,1,39,2
03/18/2010 10:48:16,42.368782,-71.10943,0.70,1061.19,16.05,0,38,2
03/18/2010 10:48:17,42.368782,-71.10941,0.62,1060.42,16.05,10,37,1
03/18/2010 10:48:18,42.368782,-71.10941,0.66,1059.65,16.05,3,37,2
03/18/2010 10:48:19,42.368797,-71.1094,0.55,1061.95,16.05,1,36,2
03/18/2010 10:48:20,42.368782,-71.10938,0.47,1061.95,16.05,1,36,2
03/18/2010 10:48:21,42.368767,-71.10935,0.55,1056.56,16.05,2,39,2
03/18/2010 10:48:22,42.368767,-71.10934,0.47,1057.34,16.05,1,40,2
03/18/2010 10:48:23,42.36875,-71.10932,0.43,1055.79,16.05,2,40,2
03/18/2010 10:48:24,42.36875,-71.1093,0.66,1040.68,16.05,0,41,2
03/18/2010 10:48:26,42.368732,-71.10928,0.55,1043.11,16.05,0,41,2
03/18/2010 10:48:27,42.368732,-71.10927,0.51,1043.11,16.05,1,40,2
03/18/2010 10:48:28,42.368732,-71.10925,0.51,1042.30,16.05,3,40,2
03/18/2010 10:48:29,42.368732,-71.10925,0.51,1042.30,16.05,1,39,2
03/18/2010 10:48:30,42.368717,-71.10924,0.59,1040.68,16.05,3,39,2
03/18/2010 10:48:31,42.368702,-71.10922,0.66,1036.60,16.05,2,39,2
03/18/2010 10:48:32,42.368702,-71.1092,0.62,1035.78,16.05,1,39,2
03/18/2010 10:48:33,42.368717,-71.1092,0.59,1038.24,16.05,3,39,2
03/18/2010 10:48:34,42.368717,-71.1092,0.59,1039.05,16.05,1,39,2
03/18/2010 10:48:35,42.368717,-71.10918,0.66,1040.68,16.05,0,39,2
03/18/2010 10:48:36,42.368732,-71.10916,0.62,1040.68,16.05,1,39,2
03/18/2010 10:48:37,42.36875,-71.10916,0.59,1045.52,16.05,4,39,2
03/18/2010 10:48:38,42.368732,-71.10913,0.51,1047.12,16.05,5,39,2
03/18/2010 10:48:39,42.368717,-71.109116,0.62,1048.71,16.05,6,38,2
03/18/2010 10:48:40,42.368717,-71.109116,0.51,1058.88,16.05,4,38,2
03/18/2010 10:48:41,42.368717,-71.1091,0.55,1058.88,16.05,5,38,2
03/18/2010 10:48:43,42.368702,-71.109085,0.59,1061.95,16.05,4,38,2
03/18/2010 10:48:44,42.368687,-71.10905,0.55,1058.88,16.05,2,37,1
03/18/2010 10:48:45,42.368668,-71.10903,0.59,1059.65,16.38,0,37,2
03/18/2010 10:48:46,42.368652,-71.10903,0.59,1061.19,16.38,0,37,2
03/18/2010 10:48:47,42.368637,-71.10902,0.43,1064.99,16.38,0,36,2
03/18/2010 10:48:48,42.368603,-71.108986,0.59,1066.50,16.38,0,36,2
03/18/2010 10:48:49,42.368587,-71.10897,0.70,1062.71,16.38,0,35,2
03/18/2010 10:48:50,42.368546,-71.108955,0.47,1060.42,16.38,0,36,2
03/18/2010 10:48:51,42.36853,-71.10893,0.62,1059.65,16.38,0,35,2
03/18/2010 10:48:52,42.36853,-71.10892,0.55,1059.65,16.38,0,35,2
03/18/2010 10:48:53,42.368515,-71.1089,0.70,1057.34,16.38,0,36,2
03/18/2010 10:48:54,42.368515,-71.10889,1.02,1052.66,16.38,0,38,2
03/18/2010 10:48:55,42.368515,-71.10889,0.98,1049.51,16.38,0,39,2
03/18/2010 10:48:56,42.36848,-71.10885,1.25,1034.95,16.38,0,40,2
03/18/2010 10:48:57,42.36848,-71.10883,1.25,1060.42,16.38,0,39,2
03/18/2010 10:48:58,42.368465,-71.10881,1.33,1062.71,16.38,1,40,2
03/18/2010 10:48:59,42.36845,-71.108795,1.33,1057.34,16.38,2,42,2
03/18/2010 10:49:01,42.36843,-71.10878,1.21,1064.23,16.38,11,41,1
03/18/2010 10:49:02,42.368416,-71.108765,1.21,1064.23,16.38,20,40,2
03/18/2010 10:49:03,42.3684,-71.10875,1.09,1061.19,16.38,10,39,3
03/18/2010 10:49:04,42.368385,-71.10872,1.17,1060.42,16.38,3,41,1
03/18/2010 10:49:05,42.368385,-71.10872,1.13,1059.65,16.38,0,40,2
03/18/2010 10:49:06,42.368385,-71.108696,0.78,1059.65,16.70,0,40,2
03/18/2010 10:49:07,42.368366,-71.108696,0.86,1062.71,16.70,0,39,2
03/18/2010 10:49:08,42.368366,-71.10868,0.98,1064.23,16.70,0,38,2
03/18/2010 10:49:09,42.36835,-71.108665,1.05,1064.23,16.70,1,39,2
03/18/2010 10:49:10,42.36835,-71.10865,1.17,1062.71,16.70,3,39,2
03/18/2010 10:49:11,42.36835,-71.10865,1.21,1064.99,16.70,0,39,2
03/18/2010 10:49:12,42.368366,-71.108635,0.98,1068.75,16.70,0,39,2
03/18/2010 10:49:13,42.368366,-71.108635,0.90,1066.50,16.70,0,39,2
03/18/2010 10:49:14,42.368385,-71.10862,1.02,1062.71,16.70,0,39,2
03/18/2010 10:49:15,42.368385,-71.108604,0.86,1058.88,16.70,0,38,2
03/18/2010 10:49:16,42.368385,-71.10859,0.90,1061.95,16.70,0,40,2
03/18/2010 10:49:17,42.368366,-71.10857,0.82,1062.71,17.02,0,42,2
03/18/2010 10:49:19,42.368336,-71.108536,0.74,1062.71,17.02,3,45,2
03/18/2010 10:49:20,42.382835,-71.10852,0.86,1063.47,17.02,0,44,2
03/18/2010 10:49:21,42.382504,-71.10848,1.02,1064.23,17.02,0,44,2
03/18/2010 10:49:22,42.38233,-71.10847,0.86,1064.99,17.02,0,46,2
03/18/2010 10:49:23,42.38233,-71.108444,0.98,1064.23,17.02,0,46,2
03/18/2010 10:49:24,42.382168,-71.10841,0.98,1063.47,17.02,0,47,2
03/18/2010 10:49:25,42.382,-71.1084,0.82,1064.23,17.02,0,47,2
03/18/2010 10:49:26,42.381836,-71.10838,0.90,1063.47,17.02,0,48,2
03/18/2010 10:49:27,42.381664,-71.10837,1.21,1052.66,17.02,0,47,2
03/18/2010 10:49:28,42.381504,-71.10835,1.13,1050.30,17.02,0,46,2
03/18/2010 10:49:29,42.381332,-71.10835,1.09,1046.32,17.02,0,45,2
03/18/2010 10:49:30,42.381332,-71.10833,1.25,1055.01,17.02,2,44,3
03/18/2010 10:49:31,42.381332,-71.10833,1.37,1063.47,17.34,4,44,2
03/18/2010 10:49:32,42.38117,-71.1083,1.25,1061.19,17.02,16,43,2
03/18/2010 10:49:33,42.38117,-71.108284,1.21,1061.95,17.34,2,45,2
03/18/2010 10:49:34,42.38117,-71.10827,1.13,1062.71,17.34,2,46,2
03/18/2010 10:49:35,42.38117,-71.10825,1.05,1052.66,17.02,34,48,2
03/18/2010 10:49:37,42.38117,-71.10824,0.86,1058.88,17.02,10,47,0
03/18/2010 10:49:38,42.38117,-71.10822,0.98,1060.42,17.02,1,48,3
03/18/2010 10:49:39,42.38117,-71.1082,1.17,1059.65,16.70,0,48,2
03/18/2010 10:49:40,42.38117,-71.108185,1.21,1066.50,16.70,4,48,2
03/18/2010 10:49:41,42.380997,-71.10817,1.09,1068.00,16.70,2,49,2
03/18/2010 10:49:42,42.380997,-71.10815,0.39,1066.50,16.70,26,50,2
03/18/2010 10:49:43,42.380997,-71.10813,0.51,1068.75,16.70,1,50,2
03/18/2010 10:49:44,42.380836,-71.108116,0.66,1064.99,16.70,3,51,2
03/18/2010 10:49:45,42.380836,-71.1081,0.74,1061.95,16.70,0,52,2
03/18/2010 10:49:46,42.380665,-71.10806,0.66,1063.47,16.70,0,53,2
03/18/2010 10:49:47,42.380665,-71.10805,0.66,1058.88,16.70,5,53,2
03/18/2010 10:49:48,42.380665,-71.10803,0.51,1064.99,16.70,1,54,2
03/18/2010 10:49:49,42.3805,-71.108,0.51,1058.88,16.70,0,55,2
03/18/2010 10:49:50,42.3805,-71.10799,0.62,1058.88,16.70,0,55,2
03/18/2010 10:49:51,42.38033,-71.10796,0.78,1064.23,16.70,2,56,2
03/18/2010 10:49:52,42.38033,-71.10795,0.66,1059.65,16.70,4,55,1
03/18/2010 10:49:53,42.38033,-71.10793,0.70,1042.30,16.70,3,55,2
03/18/2010 10:49:55,42.38033,-71.10793,0.74,1029.14,16.70,5,55,1
03/18/2010 10:49:56,42.38033,-71.10792,0.70,1040.68,16.70,2,54,1
03/18/2010 10:49:57,42.38017,-71.10792,0.70,1046.32,16.70,1,54,2
03/18/2010 10:49:58,42.38017,-71.1079,1.09,1047.12,16.70,1,53,2
03/18/2010 10:49:59,42.379997,-71.10789,0.78,1050.30,16.70,2,52,2
03/18/2010 10:50:00,42.379997,-71.10787,0.74,1043.11,16.70,3,51,2
03/18/2010 10:50:01,42.379833,-71.10787,0.82,1046.32,16.70,2,50,2
03/18/2010 10:50:02,42.379833,-71.10787,0.70,1047.12,16.70,1,49,2
03/18/2010 10:50:03,42.37966,-71.10786,0.90,1047.92,16.70,1,49,2
03/18/2010 10:50:04,42.37966,-71.107834,0.66,1048.71,16.70,2,49,2
03/18/2010 10:50:05,42.37966,-71.10782,0.66,1048.71,17.02,2,49,2
03/18/2010 10:50:06,42.3795,-71.107796,0.70,1050.30,16.70,1,49,3
03/18/2010 10:50:07,42.37933,-71.10778,0.90,1051.09,16.70,2,49,1
03/18/2010 10:50:08,42.37933,-71.107765,0.82,1049.51,17.02,2,48,2
03/18/2010 10:50:09,42.379166,-71.10775,0.59,1046.32,16.70,2,48,2
03/18/2010 10:50:10,42.379166,-71.107735,0.86,1041.49,17.02,0,47,2
03/18/2010 10:50:11,42.379005,-71.107735,0.78,1043.11,16.70,0,46,2
03/18/2010 10:50:13,42.378834,-71.10771,0.90,1043.11,16.70,0,45,2
03/18/2010 10:50:14,42.378834,-71.1077,0.86,1043.11,17.02,0,45,2
03/18/2010 10:50:15,42.378834,-71.1077,0.78,1043.11,17.02,0,45,2
03/18/2010 10:50:16,42.37867,-71.10768,0.59,1042.30,16.70,0,45,2
03/18/2010 10:50:17,42.37867,-71.107666,0.66,1047.92,16.70,6,45,2
03/18/2010 10:50:18,42.37867,-71.107666,0.62,1055.79,16.70,15,44,2
03/18/2010 10:50:19,42.37867,-71.10765,0.51,1061.19,16.70,23,44,1
03/18/2010 10:50:20,42.378498,-71.107635,0.43,1059.65,16.70,5,44,2
03/18/2010 10:50:21,42.378498,-71.10762,0.55,1061.95,16.70,33,44,2
03/18/2010 10:50:22,42.378498,-71.1076,0.51,1061.19,16.38,27,44,2
03/18/2010 10:50:23,42.378498,-71.10758,0.62,1059.65,16.38,17,45,2
03/18/2010 10:50:24,42.378498,-71.10757,0.62,1060.42,16.38,12,45,2
03/18/2010 10:50:25,42.378338,-71.10755,0.74,1061.19,16.38,38,45,2
03/18/2010 10:50:26,42.378338,-71.10754,0.86,1060.42,16.38,30,44,2
03/18/2010 10:50:27,42.378166,-71.10754,0.55,1056.56,16.38,3,44,2
03/18/2010 10:50:28,42.378002,-71.10752,0.70,1057.34,16.38,6,44,2
03/18/2010 10:50:30,42.378002,-71.107506,0.51,1056.56,16.38,4,43,2
03/18/2010 10:50:31,42.37783,-71.107506,0.59,1058.11,16.38,13,42,2
03/18/2010 10:50:32,42.37767,-71.10749,0.51,1049.51,16.05,10,41,2
03/18/2010 10:50:33,42.3775,-71.10749,0.59,1053.44,16.38,16,41,2
03/18/2010 10:50:34,42.377335,-71.10747,0.82,1051.09,16.05,2,41,2
03/18/2010 10:50:35,42.377163,-71.10747,0.66,1050.30,16.38,0,40,2
03/18/2010 10:50:36,42.377003,-71.107445,0.66,1051.87,16.38,0,40,2
03/18/2010 10:50:37,42.37683,-71.10743,1.09,1052.66,16.38,1,41,2
03/18/2010 10:50:38,42.376667,-71.10743,1.17,1053.44,16.38,0,41,2
03/18/2010 10:50:39,42.376667,-71.107414,1.09,1051.87,16.38,0,41,2
03/18/2010 10:50:40,42.3765,-71.107414,1.02,1049.51,16.38,1,42,2
03/18/2010 10:50:41,42.376335,-71.1074,1.02,1042.30,16.38,2,43,2
03/18/2010 10:50:42,42.376163,-71.10737,0.94,1044.72,16.05,0,44,2
03/18/2010 10:50:43,42.376,-71.107346,1.02,1044.72,16.38,3,44,2
03/18/2010 10:50:44,42.376,-71.10733,1.05,1047.92,16.05,1,45,2
03/18/2010 10:50:45,42.37583,-71.107315,1.21,1046.32,16.38,2,46,2
03/18/2010 10:50:47,42.37583,-71.1073,1.17,1045.52,16.38,3,47,2
03/18/2010 10:50:48,42.375668,-71.107285,1.25,1053.44,16.38,3,48,2
03/18/2010 10:50:49,42.375668,-71.107254,1.29,1059.65,16.38,5,49,2
03/18/2010 10:50:50,42.375668,-71.10723,1.41,1060.42,16.38,9,50,1
03/18/2010 10:50:51,42.375496,-71.107216,1.09,1064.23,16.38,1,51,2
03/18/2010 10:50:52,42.375668,-71.107185,1.02,1056.56,16.38,2,54,2
03/18/2010 10:50:53,42.375668,-71.107155,0.90,1049.51,16.38,3,57,2
03/18/2010 10:50:54,42.375668,-71.10714,0.90,1049.51,16.38,4,58,2
03/18/2010 10:50:55,42.375668,-71.10711,0.74,1059.65,16.38,4,60,2
03/18/2010 10:50:56,42.375496,-71.10708,0.74,1064.23,16.38,7,61,2
03/18/2010 10:50:57,42.375496,-71.10708,0.70,1064.99,16.38,10,60,2
03/18/2010 10:50:58,42.37533,-71.10706,0.86,1063.47,16.38,2,59,2
03/18/2010 10:50:59,42.375,-71.10705,0.86,1063.47,16.38,4,57,2
03/18/2010 10:51:00,42.375,-71.10705,0.78,1062.71,16.38,6,56,2
03/18/2010 10:51:01,42.374836,-71.10705,1.02,1061.19,16.38,3,55,3
03/18/2010 10:51:02,42.37467,-71.10703,1.29,1061.95,16.38,4,54,2
03/18/2010 10:51:03,42.37467,-71.10703,1.37,1060.42,16.38,0,53,3
03/18/2010 10:51:05,42.37467,-71.10703,1.33,1051.87,16.38,0,53,2
03/18/2010 10:51:06,42.374504,-71.10702,1.29,1050.30,16.38,0,54,2
03/18/2010 10:51:07,42.374504,-71.107,1.21,1048.71,16.38,0,54,2
03/18/2010 10:51:08,42.374504,-71.107,1.29,1047.12,16.38,0,54,2
03/18/2010 10:51:09,42.374504,-71.10698,1.21,1059.65,16.38,2,54,1
03/18/2010 10:51:10,42.374332,-71.106964,1.17,1061.19,16.38,0,55,2
03/18/2010 10:51:11,42.374332,-71.10695,1.05,1051.87,16.38,0,56,2
03/18/2010 10:51:12,42.374332,-71.10693,1.33,1048.71,16.38,0,56,3
03/18/2010 10:51:13,42.37417,-71.10692,1.05,1041.49,16.38,0,56,2
03/18/2010 10:51:14,42.37417,-71.1069,0.98,1042.30,16.38,0,57,1
03/18/2010 10:51:15,42.37417,-71.10689,0.78,1043.92,16.38,1,59,2
03/18/2010 10:51:16,42.37417,-71.106865,0.98,1056.56,16.70,6,59,2
03/18/2010 10:51:17,42.37417,-71.10685,1.09,1058.88,16.38,2,60,2
03/18/2010 10:51:18,42.37417,-71.106834,1.05,1059.65,16.38,2,61,2
03/18/2010 10:51:19,42.374,-71.106834,1.05,1059.65,16.70,0,60,3
03/18/2010 10:51:20,42.374,-71.106834,0.86,1061.19,16.70,0,60,1
03/18/2010 10:51:22,42.374,-71.10682,1.05,1062.71,16.70,3,59,3
03/18/2010 10:51:23,42.374,-71.10682,1.21,1061.95,16.70,0,57,2
03/18/2010 10:51:24,42.373837,-71.106804,1.33,1058.11,16.70,4,55,2
03/18/2010 10:51:25,42.373837,-71.106804,1.29,1059.65,16.70,5,54,2
03/18/2010 10:51:26,42.373837,-71.10679,1.33,1062.71,16.70,2,54,2
03/18/2010 10:51:27,42.373665,-71.10679,1.05,1061.95,16.70,0,54,2
03/18/2010 10:51:28,42.3735,-71.10679,1.13,1060.42,16.70,1,53,2
03/18/2010 10:51:29,42.3735,-71.106766,1.09,1058.11,16.70,0,52,2
03/18/2010 10:51:30,42.3735,-71.106766,1.09,1055.79,16.70,0,52,2
03/18/2010 10:51:31,42.37317,-71.10674,1.09,1056.56,16.70,25,51,2
03/18/2010 10:51:32,42.372997,-71.10673,1.02,1056.56,16.70,24,50,2
03/18/2010 10:51:33,42.372837,-71.10671,1.21,1058.11,16.70,10,50,2
03/18/2010 10:51:34,42.372665,-71.10668,0.78,1060.42,16.38,14,49,2
03/18/2010 10:51:35,42.3725,-71.10667,0.62,1056.56,16.38,10,50,2
03/18/2010 10:51:36,42.37233,-71.10665,0.74,1058.88,16.38,16,50,2
03/18/2010 10:51:37,42.37217,-71.10665,0.51,1055.79,16.38,9,50,2
03/18/2010 10:51:39,42.371998,-71.106636,0.62,1053.44,16.38,24,50,2
03/18/2010 10:51:40,42.371834,-71.106636,0.47,1053.44,16.05,8,50,1
03/18/2010 10:51:41,42.371662,-71.10661,0.70,1053.44,16.05,5,49,2
03/18/2010 10:51:42,42.371662,-71.1066,0.70,1051.87,16.05,7,49,2
03/18/2010 10:51:43,42.371662,-71.10658,0.70,1048.71,16.05,4,50,2
03/18/2010 10:51:44,42.371662,-71.10657,0.62,1043.92,16.05,0,50,1
03/18/2010 10:51:45,42.371502,-71.10657,0.51,1040.68,16.05,1,51,2
03/18/2010 10:51:46,42.371502,-71.10655,0.78,1033.30,16.05,5,51,2
03/18/2010 10:51:47,42.37133,-71.10655,0.86,1031.64,16.05,5,51,2
03/18/2010 10:51:48,42.37133,-71.10654,0.94,1026.62,16.05,1,51,3
03/18/2010 10:51:49,42.371166,-71.10654,1.21,1028.30,16.05,1,50,2
03/18/2010 10:51:50,42.371166,-71.10652,1.05,1012.91,16.05,5,50,1
03/18/2010 10:51:51,42.370995,-71.10648,1.56,1023.23,16.05,1,51,3
03/18/2010 10:51:52,42.370834,-71.10647,1.33,1024.93,16.05,5,51,2
03/18/2010 10:51:53,42.370834,-71.10645,1.33,1024.93,16.05,5,51,2
03/18/2010 10:51:54,42.37067,-71.10645,1.21,1023.23,16.05,3,51,2
03/18/2010 10:51:56,42.37067,-71.10644,1.52,1032.47,16.05,3,51,2
03/18/2010 10:51:57,42.37067,-71.106415,1.21,1037.42,16.05,2,51,2
03/18/2010 10:51:58,42.3705,-71.106415,1.09,1041.49,16.05,2,50,1
03/18/2010 10:51:59,42.3705,-71.1064,1.05,1048.71,16.05,0,50,3
03/18/2010 10:52:00,42.37034,-71.10638,0.90,1055.79,16.05,0,50,1
03/18/2010 10:52:01,42.37034,-71.10636,0.98,1058.88,16.05,4,50,2
03/18/2010 10:52:02,42.37034,-71.106346,0.78,1056.56,16.05,3,51,1
03/18/2010 10:52:03,42.370167,-71.106316,0.90,1064.23,16.05,4,53,2
03/18/2010 10:52:04,42.370167,-71.1063,0.94,1060.42,16.05,0,53,1
03/18/2010 10:52:05,42.370167,-71.106285,0.78,1060.42,16.05,0,54,2
03/18/2010 10:52:06,42.370003,-71.106285,0.78,1055.79,16.38,3,54,1
03/18/2010 10:52:07,42.370003,-71.10627,0.70,1058.88,16.05,1,54,2
03/18/2010 10:52:08,42.370003,-71.10625,0.70,1057.34,16.38,2,54,2
03/18/2010 10:52:09,42.36983,-71.10622,0.70,1058.88,16.38,4,57,2
03/18/2010 10:52:10,42.36967,-71.1062,0.74,1059.65,16.05,4,59,2
03/18/2010 10:52:11,42.36967,-71.106186,0.82,1057.34,16.38,4,59,2
03/18/2010 10:52:12,42.3695,-71.10617,0.70,1057.34,16.38,2,60,2
03/18/2010 10:52:14,42.3695,-71.10617,0.82,1057.34,16.38,2,61,1
03/18/2010 10:52:15,42.369335,-71.10613,0.82,1057.34,16.38,5,62,2
03/18/2010 10:52:16,42.369335,-71.10612,0.74,1057.34,16.38,3,64,2
03/18/2010 10:52:17,42.369335,-71.1061,0.82,1057.34,16.38,2,63,2
03/18/2010 10:52:18,42.369335,-71.10609,0.86,1058.11,16.38,1,63,2
03/18/2010 10:52:19,42.369164,-71.106064,0.74,1058.11,16.38,7,63,2
03/18/2010 10:52:20,42.369335,-71.10603,0.70,1058.88,16.38,1,65,2
03/18/2010 10:52:21,42.369164,-71.10603,0.74,1058.11,16.38,2,65,2
03/18/2010 10:52:22,42.369003,-71.10601,0.43,1058.11,16.38,0,66,2
03/18/2010 10:52:23,42.369003,-71.10601,0.62,1057.34,16.38,2,68,2
03/18/2010 10:52:24,42.369003,-71.10601,0.59,1056.56,16.38,1,68,2
03/18/2010 10:52:25,42.369003,-71.105995,0.82,1052.66,16.38,1,69,2
03/18/2010 10:52:26,42.369003,-71.10598,0.90,1044.72,16.38,3,68,2
03/18/2010 10:52:27,42.36883,-71.10598,1.02,1020.68,16.38,0,68,1
03/18/2010 10:52:28,42.36883,-71.105965,1.25,1030.81,16.38,3,68,2
03/18/2010 10:52:29,42.368668,-71.105965,0.98,1018.96,16.38,3,69,1
03/18/2010 10:52:30,42.368496,-71.10595,0.86,1063.47,16.38,5,70,1
03/18/2010 10:52:32,42.368496,-71.105934,0.98,1066.50,16.38,3,71,2
03/18/2010 10:52:33,42.368668,-71.105934,1.02,1064.99,16.38,5,73,1
03/18/2010 10:52:34,42.368668,-71.10592,1.09,1060.42,16.38,10,72,2
03/18/2010 10:52:35,42.368668,-71.10592,1.09,1061.19,16.38,6,71,2
03/18/2010 10:52:36,42.368496,-71.1059,1.13,1061.19,16.38,10,70,2
03/18/2010 10:52:37,42.368336,-71.1059,0.90,1060.42,16.38,7,68,1
03/18/2010 10:52:38,42.381664,-71.1059,0.70,1059.65,16.70,5,67,1
03/18/2010 10:52:39,42.379997,-71.10588,0.70,1061.95,16.70,5,67,2
03/18/2010 10:52:40,42.378338,-71.105865,0.59,1063.47,16.70,4,66,2
03/18/2010 10:52:41,42.376667,-71.105865,0.55,1063.47,16.70,7,64,2
03/18/2010 10:52:42,42.375,-71.105865,0.66,1061.19,16.70,3,61,2
03/18/2010 10:52:43,42.375,-71.105865,0.82,1060.42,16.70,3,59,2
03/18/2010 10:52:44,42.375,-71.10585,0.94,1059.65,16.70,3,59,2
03/18/2010 10:52:45,42.375,-71.10585,1.13,1060.42,16.70,4,58,2
03/18/2010 10:52:46,42.375,-71.105835,1.02,1060.42,16.70,2,58,2
03/18/2010 10:52:47,42.375,-71.105835,0.74,1060.42,16.70,0,58,2
03/18/2010 10:52:49,42.376667,-71.10582,0.82,1061.19,16.70,2,58,2
03/18/2010 10:52:50,42.376667,-71.10582,0.70,1060.42,17.02,1,59,1
03/18/2010 10:52:51,42.376667,-71.10582,1.21,1061.19,17.02,1,59,2
03/18/2010 10:52:52,42.376667,-71.105804,1.17,1059.65,17.02,0,58,1
03/18/2010 10:52:53,42.376667,-71.10579,1.02,1059.65,17.02,0,59,3
03/18/2010 10:52:54,42.375,-71.10579,0.70,1062.71,17.02,0,58,2
03/18/2010 10:52:55,42.375,-71.10577,0.74,1060.42,17.02,0,57,2
03/18/2010 10:52:56,42.375,-71.10577,0.74,1060.42,17.02,0,55,2
03/18/2010 10:52:57,42.373333,-71.10577,0.74,1060.42,17.02,0,55,2
03/18/2010 10:52:58,42.373333,-71.10575,0.78,1059.65,17.02,0,55,2
03/18/2010 10:52:59,42.371662,-71.105736,0.70,1059.65,17.02,0,54,1
03/18/2010 10:53:00,42.371662,-71.105736,0.70,1060.42,17.02,0,53,2
03/18/2010 10:53:01,42.370003,-71.10571,0.74,1061.19,17.02,0,52,2
03/18/2010 10:53:02,42.368336,-71.1057,0.82,1061.19,17.34,0,50,2
03/18/2010 10:53:03,42.368336,-71.10568,0.86,1061.95,17.34,0,50,2
03/18/2010 10:53:04,42.366665,-71.10568,0.59,1061.19,17.34,0,51,2
03/18/2010 10:53:05,42.366665,-71.10567,0.51,1061.19,17.34,0,50,2
03/18/2010 10:53:06,42.36665,-71.10567,0.82,1060.42,17.34,0,49,1
03/18/2010 10:53:08,42.36665,-71.105644,1.05,1061.19,17.34,0,49,2
03/18/2010 10:53:09,42.366634,-71.105644,1.33,1061.19,17.34,0,48,2
03/18/2010 10:53:10,42.366634,-71.10563,1.17,1061.19,17.34,0,48,2
03/18/2010 10:53:11,42.36662,-71.10563,0.90,1066.50,17.34,0,46,1
03/18/2010 10:53:12,42.3666,-71.10561,1.13,1067.25,17.67,0,43,2
03/18/2010 10:53:13,42.366585,-71.10561,1.09,1067.25,17.34,1,42,1
03/18/2010 10:53:14,42.36657,-71.1056,0.74,1068.00,17.34,0,39,2
03/18/2010 10:53:15,42.366554,-71.10558,0.66,1065.74,17.67,0,37,2
03/18/2010 10:53:16,42.36652,-71.10557,0.66,1066.50,17.67,4,35,2
03/18/2010 10:53:17,42.36652,-71.10555,0.98,1065.74,17.67,1,33,1
03/18/2010 10:53:18,42.366505,-71.10555,0.82,1064.99,17.67,1,31,1
03/18/2010 10:53:19,42.366478,-71.10554,1.05,1060.42,17.67,0,30,1
03/18/2010 10:53:20,42.366447,-71.105515,1.21,1068.00,17.67,1,27,0
03/18/2010 10:53:21,42.366447,-71.105515,1.02,1072.46,17.67,2,26,1
03/18/2010 10:53:22,42.366432,-71.105515,0.90,1069.49,17.67,3,25,0
03/18/2010 10:53:23,42.366432,-71.105515,0.86,1071.72,17.67,2,24,0
03/18/2010 10:53:25,42.366432,-71.105515,1.25,1068.00,17.67,2,23,1
03/18/2010 10:53:26,42.366413,-71.105515,0.66,1065.74,17.67,0,23,2
03/18/2010 10:53:27,42.366413,-71.1055,0.98,1061.95,17.67,0,22,2
03/18/2010 10:53:28,42.366398,-71.10547,1.33,1062.71,17.67,6,22,3
03/18/2010 10:53:29,42.366383,-71.10545,1.25,1061.95,17.99,2,22,2
03/18/2010 10:53:30,42.366367,-71.10544,0.94,1059.65,17.99,11,21,2
03/18/2010 10:53:31,42.36635,-71.10544,0.90,1060.42,17.99,16,20,1
03/18/2010 10:53:32,42.36635,-71.10542,1.09,1058.11,17.99,4,20,2
03/18/2010 10:53:33,42.366333,-71.10542,1.25,1058.88,17.99,1,20,1
03/18/2010 10:53:34,42.366333,-71.10542,1.05,1058.88,17.67,0,20,2
03/18/2010 10:53:35,42.366333,-71.10542,0.66,1059.65,17.99,0,19,2
03/18/2010 10:53:36,42.366333,-71.1054,0.74,1058.88,17.67,0,19,1
03/18/2010 10:53:37,42.366318,-71.10536,0.78,1058.88,17.99,0,19,1
03/18/2010 10:53:38,42.3663,-71.10536,0.90,1058.88,17.99,4,18,2
03/18/2010 10:53:39,42.3663,-71.10535,0.47,1058.88,17.67,0,17,1
03/18/2010 10:53:40,42.3663,-71.10533,0.94,1058.11,17.99,0,17,2
03/18/2010 10:53:41,42.3663,-71.105316,1.02,1058.88,17.99,0,17,2
03/18/2010 10:53:43,42.366283,-71.105316,1.17,1062.71,17.99,0,16,2
03/18/2010 10:53:44,42.366283,-71.1053,1.09,1067.25,17.99,0,17,2
03/18/2010 10:53:45,42.366283,-71.1053,1.09,1066.50,17.99,1,18,2
03/18/2010 10:53:46,42.366283,-71.10528,1.25,1072.46,17.99,8,18,2
03/18/2010 10:53:47,42.366283,-71.10528,1.13,1066.50,17.99,0,19,2
03/18/2010 10:53:48,42.36627,-71.10526,1.09,1047.12,17.99,0,19,1
03/18/2010 10:53:49,42.36627,-71.10525,0.70,1043.92,17.99,1,20,2
03/18/2010 10:53:50,42.36627,-71.10525,0.59,1044.72,17.99,0,20,2
03/18/2010 10:53:51,42.36627,-71.10523,0.66,1043.92,17.99,1,20,2
03/18/2010 10:53:52,42.366253,-71.10522,0.90,1044.72,17.99,0,21,2
03/18/2010 10:53:53,42.366253,-71.1052,1.02,1039.05,17.99,0,22,2
03/18/2010 10:53:54,42.366253,-71.1052,0.94,1055.01,17.99,0,22,2
03/18/2010 10:53:55,42.366234,-71.10517,0.86,1065.74,17.99,0,23,2
03/18/2010 10:53:56,42.36622,-71.10515,0.90,1058.88,18.31,0,28,1
03/18/2010 10:53:57,42.36622,-71.10515,0.94,1058.88,17.99,0,29,2
03/18/2010 10:53:58,42.366203,-71.10513,0.70,1061.19,18.31,0,30,2
03/18/2010 10:54:00,42.366203,-71.10512,0.62,1061.95,17.99,0,30,2
03/18/2010 10:54:01,42.366188,-71.10512,0.82,1068.00,18.31,0,31,2
03/18/2010 10:54:02,42.366188,-71.1051,0.90,1068.00,18.31,0,33,2
03/18/2010 10:54:03,42.36617,-71.10509,0.70,1069.49,18.31,0,37,2
03/18/2010 10:54:04,42.36617,-71.10507,0.66,1067.25,18.31,0,37,2
03/18/2010 10:54:05,42.366154,-71.10507,1.17,1068.75,18.31,0,37,2
03/18/2010 10:54:06,42.366154,-71.10506,0.98,1068.00,18.31,0,39,2
03/18/2010 10:54:07,42.366154,-71.10501,1.21,1064.23,18.31,0,41,1
03/18/2010 10:54:08,42.366154,-71.104996,0.98,1061.95,18.31,0,42,2
03/18/2010 10:54:09,42.366154,-71.10498,0.78,1043.92,18.31,0,44,2
03/18/2010 10:54:10,42.366154,-71.104965,0.66,1043.11,18.31,0,46,2
03/18/2010 10:54:11,42.366154,-71.10495,0.74,1039.05,18.31,1,47,2
03/18/2010 10:54:12,42.36613,-71.104935,1.17,1030.81,18.31,0,48,2
03/18/2010 10:54:13,42.36613,-71.1049,1.09,1023.23,18.31,0,51,2
03/18/2010 10:54:14,42.36613,-71.10488,0.78,1032.47,18.31,0,52,2
03/18/2010 10:54:15,42.36613,-71.104866,1.13,1031.64,18.31,0,53,1
03/18/2010 10:54:16,42.36613,-71.104866,0.78,1033.30,18.31,0,53,2
03/18/2010 10:54:18,42.36613,-71.10485,0.94,1029.14,18.31,0,53,2
03/18/2010 10:54:19,42.36613,-71.10485,0.66,1036.60,18.31,0,54,2
03/18/2010 10:54:20,42.36613,-71.104836,0.62,1034.95,18.31,0,54,2
03/18/2010 10:54:21,42.36613,-71.104836,1.13,1033.30,18.31,0,54,2
03/18/2010 10:54:22,42.36613,-71.10482,0.86,1028.30,18.31,0,55,2
03/18/2010 10:54:23,42.36613,-71.10482,1.09,1033.30,18.31,0,55,2
03/18/2010 10:54:24,42.366154,-71.10482,1.17,1035.78,18.31,0,53,2
03/18/2010 10:54:25,42.366154,-71.10482,0.82,1032.47,18.31,0,52,1
03/18/2010 10:54:26,42.366154,-71.104805,0.74,1051.87,18.31,0,51,2
03/18/2010 10:54:27,42.366154,-71.10478,0.62,1057.34,18.31,0,52,2
03/18/2010 10:54:28,42.366154,-71.10478,0.59,1057.34,18.31,0,51,2
03/18/2010 10:54:29,42.366154,-71.10477,0.62,1057.34,18.31,0,51,2
03/18/2010 10:54:30,42.366154,-71.10477,0.82,1061.95,18.31,0,52,2
03/18/2010 10:54:31,42.366154,-71.10474,0.66,1064.99,18.31,0,53,2
03/18/2010 10:54:32,42.36613,-71.10472,1.02,1061.95,18.31,0,53,2
03/18/2010 10:54:33,42.36611,-71.104706,1.21,1058.88,18.63,0,53,2
03/18/2010 10:54:34,42.366096,-71.10468,1.13,1010.28,18.31,0,53,2
03/18/2010 10:54:36,42.366096,-71.10466,0.86,990.56,18.63,0,52,2
03/18/2010 10:54:37,42.36608,-71.104645,0.94,985.95,18.63,0,52,2
03/18/2010 10:54:38,42.366066,-71.10463,1.13,983.17,18.31,0,51,2
03/18/2010 10:54:39,42.366066,-71.104614,0.74,942.49,18.31,0,50,1
03/18/2010 10:54:40,42.366047,-71.1046,0.94,977.55,18.31,0,50,2
03/18/2010 10:54:41,42.36603,-71.10458,0.70,1019.82,18.63,0,49,2
03/18/2010 10:54:42,42.366016,-71.10457,0.62,1021.53,18.31,0,49,2
03/18/2010 10:54:43,42.366016,-71.10457,0.51,1022.38,18.31,0,48,2
03/18/2010 10:54:44,42.366,-71.104546,0.66,938.45,18.31,0,47,2
03/18/2010 10:54:45,42.365982,-71.10453,1.02,869.89,18.31,0,47,2
03/18/2010 10:54:46,42.365982,-71.10453,1.09,836.40,18.31,0,47,2
03/18/2010 10:54:47,42.365982,-71.104515,0.74,733.51,18.31,1,47,2
03/18/2010 10:54:48,42.365982,-71.1045,1.17,775.10,18.31,0,47,1
03/18/2010 10:54:49,42.365967,-71.104485,1.13,795.21,18.31,3,47,2
03/18/2010 10:54:50,42.365967,-71.104485,0.82,980.37,18.31,4,46,1
03/18/2010 10:54:51,42.365967,-71.10447,0.90,806.31,18.31,8,46,2
03/18/2010 10:54:52,42.365967,-71.10447,0.70,764.87,18.31,0,46,2
03/18/2010 10:54:54,42.36595,-71.104454,0.59,837.58,18.31,16,45,2
03/18/2010 10:54:55,42.36595,-71.104454,0.43,1017.24,18.31,21,45,2
03/18/2010 10:54:56,42.36595,-71.10444,0.55,826.89,17.99,1,45,2
03/18/2010 10:54:57,42.36595,-71.10444,0.70,770.00,18.31,3,45,2
03/18/2010 10:54:58,42.365932,-71.104416,0.74,768.72,17.99,3,44,2
03/18/2010 10:54:59,42.365932,-71.104416,0.98,758.42,17.99,5,44,2
03/18/2010 10:55:00,42.365932,-71.1044,1.33,814.85,17.99,2,45,2
03/18/2010 10:55:01,42.365917,-71.1044,0.74,919.91,17.99,25,45,2
03/18/2010 10:55:02,42.365917,-71.104385,1.02,992.39,17.99,12,44,2
03/18/2010 10:55:03,42.365917,-71.10437,1.05,1034.13,17.67,13,44,2
03/18/2010 10:55:04,42.365902,-71.10433,1.02,1060.42,17.67,11,44,2
03/18/2010 10:55:05,42.365902,-71.10433,1.05,1061.95,17.67,3,45,2
03/18/2010 10:55:06,42.365902,-71.10432,1.25,1065.74,17.67,2,45,1
03/18/2010 10:55:07,42.365887,-71.10426,0.90,1058.11,17.67,10,46,2
03/18/2010 10:55:08,42.365868,-71.10425,1.13,1061.95,17.67,2,45,2
03/18/2010 10:55:09,42.365868,-71.10423,0.86,1061.95,17.67,2,46,1
03/18/2010 10:55:10,42.365852,-71.10423,0.74,1061.95,17.67,0,48,2
03/18/2010 10:55:12,42.365837,-71.10422,0.70,1062.71,17.67,0,50,2
03/18/2010 10:55:13,42.36582,-71.10422,0.82,1060.42,17.67,0,51,2
03/18/2010 10:55:14,42.36582,-71.1042,0.82,1062.71,17.67,1,52,2
03/18/2010 10:55:15,42.365803,-71.10418,0.90,1068.75,17.67,0,53,2
03/18/2010 10:55:16,42.365803,-71.104164,0.66,1070.98,17.67,0,53,2
03/18/2010 10:55:17,42.36578,-71.10415,0.78,1074.67,17.99,4,54,2
03/18/2010 10:55:18,42.365765,-71.10415,1.05,1075.40,17.99,3,57,1
03/18/2010 10:55:19,42.36573,-71.10415,1.33,1060.42,17.99,0,60,3
03/18/2010 10:55:20,42.36568,-71.10415,1.29,1076.86,17.99,2,62,1
03/18/2010 10:55:21,42.365635,-71.10418,1.09,1068.75,17.99,2,64,2
03/18/2010 10:55:22,42.365585,-71.1042,1.09,1076.86,18.31,10,65,1
03/18/2010 10:55:23,42.36555,-71.10422,0.78,1074.67,18.31,2,64,1
03/18/2010 10:55:24,42.365536,-71.10422,0.66,1076.86,18.31,0,62,2
03/18/2010 10:55:25,42.365536,-71.1042,0.62,1070.24,18.31,7,59,2
03/18/2010 10:55:26,42.36555,-71.10418,0.70,1069.49,18.31,2,57,2
03/18/2010 10:55:27,42.36555,-71.104164,0.43,1068.75,17.99,7,56,2
03/18/2010 10:55:28,42.365566,-71.104164,0.51,1060.42,17.99,4,54,2
03/18/2010 10:55:30,42.365585,-71.10415,0.66,1078.31,18.31,2,52,2
03/18/2010 10:55:31,42.3656,-71.10413,0.74,1078.31,18.31,2,51,2
03/18/2010 10:55:32,42.365616,-71.10412,0.78,1076.86,18.31,1,49,2
03/18/2010 10:55:33,42.365616,-71.1041,0.82,1076.13,18.63,0,48,2
03/18/2010 10:55:34,42.365635,-71.10409,0.78,1058.88,18.63,0,48,1
03/18/2010 10:55:35,42.365635,-71.10409,0.70,1075.40,18.31,1,47,1
03/18/2010 10:55:36,42.365635,-71.10407,0.90,1073.93,18.63,3,47,0
03/18/2010 10:55:37,42.36565,-71.10407,1.05,1073.20,18.63,3,46,2
03/18/2010 10:55:38,42.36565,-71.10405,0.82,1072.46,18.63,5,45,1
03/18/2010 10:55:39,42.36565,-71.104034,0.98,1069.49,18.63,5,45,0
03/18/2010 10:55:40,42.36565,-71.104034,0.78,1069.49,18.31,6,44,1
03/18/2010 10:55:41,42.36565,-71.10402,0.94,1068.00,18.63,5,44,0
03/18/2010 10:55:42,42.36565,-71.104004,0.98,1065.74,18.31,6,43,0
03/18/2010 10:55:43,42.36565,-71.104004,0.90,1061.95,18.31,5,41,0
03/18/2010 10:55:44,42.36565,-71.10398,0.86,1062.71,18.31,4,39,0
03/18/2010 10:55:45,42.36565,-71.103966,0.86,1063.47,18.31,4,37,0
03/18/2010 10:55:47,42.36565,-71.10395,0.90,1063.47,18.63,5,35,0
03/18/2010 10:55:48,42.36565,-71.10395,0.90,1063.47,18.31,4,34,0
03/18/2010 10:55:49,42.36565,-71.10393,0.90,1063.47,18.31,3,32,0
03/18/2010 10:55:50,42.36565,-71.10393,0.90,1064.99,18.31,1,30,0
03/18/2010 10:55:51,42.36565,-71.10391,0.90,1064.99,18.31,1,27,0
03/18/2010 10:55:52,42.36565,-71.1039,0.86,1064.99,18.31,0,23,0
03/18/2010 10:55:53,42.36565,-71.10388,0.90,1064.23,18.31,1,21,0
03/18/2010 10:55:54,42.36565,-71.10387,0.86,1064.99,18.31,3,17,0
03/18/2010 10:55:55,42.36565,-71.10385,0.86,1064.23,18.31,2,15,0
03/18/2010 10:55:56,42.36565,-71.10385,0.86,1061.95,18.31,0,13,0
03/18/2010 10:55:57,42.36565,-71.10387,0.86,1061.95,18.31,2,14,0
03/18/2010 10:55:58,42.36565,-71.10387,0.86,1063.47,18.31,4,16,0
03/18/2010 10:55:59,42.36565,-71.10387,0.86,1062.71,18.31,14,18,0
03/18/2010 10:56:00,42.36565,-71.10388,0.86,1061.95,18.31,12,18,0
03/18/2010 10:56:01,42.36565,-71.10388,0.86,1064.23,18.31,3,19,0
03/18/2010 10:56:02,42.36565,-71.10388,1.21,1062.71,18.31,3,19,2
03/18/2010 10:56:04,42.36565,-71.10388,1.05,1061.95,18.31,2,19,2
03/18/2010 10:56:05,42.36565,-71.10388,0.86,1061.95,18.31,1,21,2
03/18/2010 10:56:06,42.36565,-71.10387,0.98,1061.95,18.31,0,20,1
03/18/2010 10:56:07,42.36565,-71.10387,0.98,1061.95,18.31,0,19,1
03/18/2010 10:56:08,42.365635,-71.10385,0.74,1064.23,18.31,0,19,1
03/18/2010 10:56:09,42.365635,-71.10385,0.78,1063.47,18.63,2,18,2
03/18/2010 10:56:10,42.365635,-71.103836,0.74,1060.42,18.31,1,18,1
03/18/2010 10:56:11,42.365635,-71.103836,0.78,1058.11,18.31,1,18,1
03/18/2010 10:56:12,42.365635,-71.103836,1.09,1059.65,18.31,0,19,2
03/18/2010 10:56:13,42.365616,-71.103836,1.02,1064.99,18.31,3,20,0
03/18/2010 10:56:14,42.365616,-71.103836,0.70,1061.19,18.31,1,19,2
03/18/2010 10:56:15,42.365616,-71.103836,0.66,1061.95,18.31,3,19,2
03/18/2010 10:56:16,42.3656,-71.103836,0.59,1061.95,18.31,4,20,2
03/18/2010 10:56:17,42.3656,-71.103836,0.70,1061.95,18.31,4,20,1
03/18/2010 10:56:18,42.365585,-71.10385,0.74,1064.23,18.31,3,21,2
03/18/2010 10:56:19,42.365566,-71.10385,0.78,1069.49,18.31,4,22,2
03/18/2010 10:56:21,42.365566,-71.10385,1.09,1068.75,18.31,1,22,2
03/18/2010 10:56:22,42.365566,-71.10387,1.05,1068.75,18.31,3,22,2
03/18/2010 10:56:23,42.36555,-71.10387,0.78,1069.49,18.31,3,22,1
03/18/2010 10:56:24,42.36555,-71.10387,0.98,1068.75,18.31,1,23,2
03/18/2010 10:56:25,42.365536,-71.10387,0.82,1065.74,18.31,6,23,1
03/18/2010 10:56:26,42.365536,-71.10387,0.98,1067.25,18.31,3,24,2
03/18/2010 10:56:27,42.36552,-71.10387,0.78,1071.72,18.31,1,24,0
03/18/2010 10:56:28,42.36552,-71.10387,0.82,1068.00,18.31,0,24,0
03/18/2010 10:56:29,42.3655,-71.10388,0.90,1060.42,18.31,1,25,0
03/18/2010 10:56:30,42.3655,-71.10388,0.90,1061.95,18.31,13,26,0
03/18/2010 10:56:31,42.3655,-71.1039,0.90,1061.95,18.31,39,27,0
03/18/2010 10:56:32,42.365486,-71.1039,0.86,1061.95,18.31,12,28,0
