time,latitude,longitude,acceleration,light,temperature,sound,altitude,pedometer
03/18/2010 10:38:56,42.365414,-71.10377,0.98,1055.01,15.73,20,59,0
03/18/2010 10:38:57,42.36512,-71.10402,0.94,1055.79,16.05,24,59,0
03/18/2010 10:38:58,42.365334,-71.10377,0.98,1055.79,15.73,30,59,0
03/18/2010 10:38:59,42.3654,-71.10374,0.94,1055.01,15.73,16,59,0
03/18/2010 10:39:00,42.3654,-71.10374,0.98,1055.01,15.73,45,59,1
03/18/2010 10:39:02,42.365616,-71.10378,1.09,1046.32,15.73,22,59,1
03/18/2010 10:39:03,,,1.02,1039.05,15.73,13, ,1
03/18/2010 10:39:04,42.36568,-71.10363,1.05,1039.05,15.73,10,59,2
03/18/2010 10:39:05,42.365635,-71.1038,1.21,1042.30,15.73,15,59,3
03/18/2010 10:39:06,42.365665,-71.10378,1.13,1044.72,15.73,8,59,2
03/18/2010 10:39:07,42.365635,-71.10388,1.41,1043.92,15.73,14,59,2
03/18/2010 10:39:08,42.365665,-71.10385,1.13,1046.32,15.73,10,59,2
03/18/2010 10:39:09,42.365746,-71.10372,1.25,1047.12,15.73,15,59,2
03/18/2010 10:39:10,42.365837,-71.103615,1.13,1047.12,15.73,24,59,2
03/18/2010 10:39:11,42.36568,-71.10391,1.21,1047.92,15.73,20,59,1
03/18/2010 10:39:12,42.365746,-71.10375,0.94,1049.51,15.73,14,59,2
03/18/2010 10:39:14,42.365837,-71.10371,0.90,1048.71,15.73,30,59,1
03/18/2010 10:39:15,,,1.21,1048.71,15.73,14, ,1
03/18/2010 10:39:16,42.36603,-71.10337,1.05,1049.51,15.73,16,59,0
03/18/2010 10:39:17,42.366,-71.103516,0.94,1047.92,15.73,11,59,0
03/18/2010 10:39:18,42.365868,-71.10412,0.94,1048.71,15.73,18,59,0
03/18/2010 10:39:19,42.365982,-71.10385,0.94,1050.30,15.73,16,59,0
03/18/2010 10:39:20,42.36578,-71.10398,0.98,1049.51,15.73,24,59,0
03/18/2010 10:39:21,42.365932,-71.10325,0.94,1049.51,15.73,20,65532,0
03/18/2010 10:39:22,42.366,-71.10315,0.94,1049.51,15.73,29,65527,0
03/18/2010 10:39:24,42.366096,-71.102974,0.94,1048.71,15.73,26,65522,0
03/18/2010 10:39:25,42.36608,-71.103065,0.94,1048.71,15.73,29,65525,0
03/18/2010 10:39:26,42.366066,-71.10315,0.98,1048.71,15.73,19,65528,0
03/18/2010 10:39:27,42.366047,-71.10318,0.94,1048.71,15.73,13,65529,0
03/18/2010 10:39:28,42.366066,-71.103195,0.94,1048.71,15.73,18,65529,0
03/18/2010 10:39:29,42.36608,-71.10315,0.98,1048.71,15.73,32,65527,0
03/18/2010 10:39:30,42.36608,-71.10312,0.94,1048.71,15.73,37,65527,1
03/18/2010 10:39:31,42.366096,-71.103065,0.94,1049.51,15.73,31,65525,0
03/18/2010 10:39:32,42.36611,-71.10305,0.98,1049.51,15.73,20,65525,0
03/18/2010 10:39:33,42.36613,-71.103035,0.94,1048.71,15.73,12,65524,0
03/18/2010 10:39:34,42.36617,-71.10299,0.98,1050.30,15.73,15,65523,0
03/18/2010 10:39:36,42.366203,-71.10291,0.94,1050.30,15.73,26,65521,0
03/18/2010 10:39:37,42.366203,-71.10287,0.98,1048.71,15.73,16,65519,0
03/18/2010 10:39:38,42.366234,-71.10277,0.90,1048.71,15.73,24,65516,0
03/18/2010 10:39:39,42.36627,-71.102684,0.90,1049.51,15.73,27,65513,1
03/18/2010 10:39:40,42.366283,-71.102684,1.13,1049.51,15.73,23,65513,2
03/18/2010 10:39:41,42.3663,-71.10264,1.02,1049.51,15.73,16,65511,1
03/18/2010 10:39:42,42.366318,-71.10258,0.74,1050.30,15.73,16,65508,2
03/18/2010 10:39:43,42.36635,-71.102516,0.78,1051.09,15.73,29,65506,2
03/18/2010 10:39:44,42.366383,-71.10243,0.55,1050.30,15.73,18,65502,2
03/18/2010 10:39:45,42.366432,-71.10235,1.25,1049.51,15.73,34,65498,3
03/18/2010 10:39:46,42.366463,-71.10229,1.37,1049.51,15.73,14,65496,2
03/18/2010 10:39:48,42.366505,-71.10221,0.62,1049.51,15.73,8,65493,2
03/18/2010 10:39:49,42.36652,-71.102196,0.47,1045.52,15.73,6,65492,2
03/18/2010 10:39:50,42.36652,-71.102165,1.09,1043.11,15.73,11,65491,3
03/18/2010 10:39:51,42.366535,-71.102165,1.41,1040.68,15.73,33,65491,2
03/18/2010 10:39:52,42.366535,-71.102196,1.33,1041.49,15.73,9,65491,2
03/18/2010 10:39:53,42.36652,-71.10221,1.05,1042.30,15.73,7,65492,2
03/18/2010 10:39:54,42.366535,-71.10223,0.74,1043.11,15.73,7,65491,2
03/18/2010 10:39:55,42.366505,-71.10232,0.55,1034.13,15.73,14,65493,2
03/18/2010 10:39:56,42.366505,-71.10233,1.13,998.73,15.73,14,65493,3
03/18/2010 10:39:57,42.366505,-71.10235,1.33,999.63,15.73,11,65494,2
03/18/2010 10:39:59,42.366505,-71.10237,1.17,979.43,15.73,8,65494,2
03/18/2010 10:40:00,42.366478,-71.1024,0.78,1018.10,15.73,8,65494,2
03/18/2010 10:40:01,42.366478,-71.10242,0.51,1034.13,15.73,7,65494,2
03/18/2010 10:40:02,42.366478,-71.10243,0.62,971.87,15.73,11,65494,2
03/18/2010 10:40:03,42.366478,-71.10246,1.02,1028.30,15.73,7,65496,3
03/18/2010 10:40:04,42.366447,-71.10253,1.45,1030.81,15.73,11,65498,2
03/18/2010 10:40:05,42.366432,-71.10262,1.05,1039.87,15.73,8,65500,2
03/18/2010 10:40:06,42.366398,-71.102684,0.98,1044.72,15.73,17,65502,2
03/18/2010 10:40:07,42.366367,-71.10287,0.51,1042.30,15.73,24,65506,2
03/18/2010 10:40:08,42.366333,-71.10294,0.74,1039.05,15.73,25,65509,2
03/18/2010 10:40:09,42.366318,-71.103035,1.02,1034.95,15.73,23,65512,3
03/18/2010 10:40:11,42.366283,-71.103134,1.48,1042.30,15.73,20,65514,2
03/18/2010 10:40:12,42.36627,-71.10322,1.13,1035.78,15.73,20,65516,2
03/18/2010 10:40:13,42.36627,-71.1033,0.70,1032.47,15.73,12,65518,2
03/18/2010 10:40:14,42.36627,-71.10332,0.55,1042.30,15.73,13,65519,2
03/18/2010 10:40:15,42.366283,-71.103355,0.90,1015.51,15.73,10,65519,3
03/18/2010 10:40:16,42.366283,-71.103386,1.29,992.39,15.73,10,65520,2
03/18/2010 10:40:17,42.366283,-71.1034,1.25,1032.47,15.73,7,65521,2
03/18/2010 10:40:18,42.3663,-71.10342,0.82,1034.95,15.73,4,65522,2
03/18/2010 10:40:19,42.3663,-71.10345,0.70,1029.97,15.73,6,65523,2
03/18/2010 10:40:20,42.3663,-71.10345,0.51,1026.62,15.73,3,65523,2
03/18/2010 10:40:21,42.3663,-71.10347,1.02,1030.81,15.73,6,65525,3
03/18/2010 10:40:23,42.366318,-71.103485,1.17,1021.53,15.73,2,65525,2
03/18/2010 10:40:24,42.366333,-71.1035,1.05,1028.30,15.73,4,65525,2
03/18/2010 10:40:25,42.36635,-71.1035,0.82,1034.95,15.73,12,65524,2
03/18/2010 10:40:26,42.366367,-71.1035,0.62,1036.60,15.73,7,65524,2
03/18/2010 10:40:27,42.366367,-71.103516,0.55,1036.60,15.73,5,65525,2
03/18/2010 10:40:28,42.366383,-71.103516,0.62,1012.91,15.73,7,65525,2
03/18/2010 10:40:29,42.366383,-71.103516,0.94,1031.64,15.73,4,65525,3
03/18/2010 10:40:30,42.366413,-71.10356,1.48,1036.60,15.73,11,65526,2
03/18/2010 10:40:31,42.366432,-71.103615,0.90,1039.87,15.73,6,65527,2
03/18/2010 10:40:32,42.366432,-71.10363,1.21,1041.49,15.73,4,65527,2
03/18/2010 10:40:34,42.366447,-71.10367,0.78,1038.24,15.73,2,65528,2
03/18/2010 10:40:35,42.366463,-71.10367,0.47,1028.30,15.73,7,65527,2
03/18/2010 10:40:36,42.366478,-71.10367,0.62,1024.93,15.73,3,65527,2
03/18/2010 10:40:37,42.366505,-71.10365,1.13,1025.77,15.73,5,65526,3
03/18/2010 10:40:38,42.36652,-71.10367,1.45,999.63,15.73,23,65526,2
03/18/2010 10:40:39,42.36652,-71.10368,1.21,1012.91,15.73,16,65527,2
03/18/2010 10:40:40,42.36652,-71.10371,0.70,1024.93,15.73,19,65528,2
03/18/2010 10:40:41,42.36652,-71.10371,0.55,1019.82,15.73,3,65527,2
03/18/2010 10:40:42,42.366505,-71.10378,0.55,901.87,15.73,4,65530,2
03/18/2010 10:40:43,42.366505,-71.10378,0.82,1008.53,15.73,3,65530,3
03/18/2010 10:40:44,42.366505,-71.1038,1.21,1044.72,15.73,5,65530,2
03/18/2010 10:40:46,42.366505,-71.103836,0.98,1038.24,15.73,14,65531,2
03/18/2010 10:40:47,42.366505,-71.1039,1.13,913.60,15.73,6,65533,2
03/18/2010 10:40:48,42.366478,-71.103966,0.70,920.96,15.73,6,65534,2
03/18/2010 10:40:49,42.366478,-71.10402,0.51,1006.76,15.73,5,65535,2
03/18/2010 10:40:50,42.366478,-71.10407,0.78,1032.47,15.73,5,0,2
03/18/2010 10:40:51,42.366463,-71.10413,1.13,1029.97,15.73,3,0,3
03/18/2010 10:40:52,42.366447,-71.10418,1.21,1031.64,15.73,36,2,2
03/18/2010 10:40:53,42.366463,-71.10426,1.21,1030.81,15.73,33,3,2
03/18/2010 10:40:54,42.366478,-71.10428,0.62,1029.14,15.73,24,3,2
03/18/2010 10:40:55,42.366478,-71.10432,0.59,1034.13,15.73,19,4,2
03/18/2010 10:40:57,42.366463,-71.104416,0.86,1012.91,15.41,37,6,3
03/18/2010 10:40:58,42.366463,-71.104454,1.29,1024.93,15.41,32,8,2
03/18/2010 10:40:59,42.366447,-71.104485,1.05,1031.64,15.41,18,9,2
03/18/2010 10:41:00,42.366447,-71.104515,1.09,1034.13,15.41,7,10,2
03/18/2010 10:41:01,42.366463,-71.10453,0.78,1030.81,15.41,11,10,2
03/18/2010 10:41:02,42.366463,-71.10458,0.51,1037.42,15.73,6,11,2
03/18/2010 10:41:03,42.366463,-71.1046,0.66,1035.78,15.41,6,12,2
03/18/2010 10:41:04,42.366463,-71.104614,1.02,1029.14,15.41,3,14,3
03/18/2010 10:41:05,42.366447,-71.10468,1.33,1029.97,15.41,4,16,2
03/18/2010 10:41:06,42.366447,-71.104706,1.13,1020.68,15.41,3,17,2
03/18/2010 10:41:07,42.366447,-71.10472,1.05,965.16,15.41,5,17,2
03/18/2010 10:41:09,42.366447,-71.10475,0.74,904.02,15.73,6,19,2
03/18/2010 10:41:10,42.366447,-71.10478,0.59,867.63,15.41,9,21,2
03/18/2010 10:41:11,42.366432,-71.104836,0.66,931.31,15.73,7,24,2
03/18/2010 10:41:12,42.366432,-71.10485,0.82,911.49,15.41,5,25,3
03/18/2010 10:41:13,42.366432,-71.104866,1.13,813.64,15.41,6,26,2
03/18/2010 10:41:14,42.366447,-71.104866,1.37,899.71,15.73,5,26,2
03/18/2010 10:41:15,42.366447,-71.1049,1.37,1013.78,15.73,6,28,2
03/18/2010 10:41:16,42.366463,-71.10488,1.25,968.05,15.41,5,28,2
03/18/2010 10:41:17,42.366478,-71.10488,0.82,1012.91,15.73,8,27,2
03/18/2010 10:41:18,42.36652,-71.104866,0.66,1031.64,15.73,4,27,2
03/18/2010 10:41:20,42.366535,-71.104836,0.55,1000.53,15.73,5,26,2
03/18/2010 10:41:21,42.366554,-71.10482,0.66,960.31,15.73,3,26,2
03/18/2010 10:41:22,42.366585,-71.10478,0.82,976.61,15.73,8,25,2
03/18/2010 10:41:23,42.3666,-71.10475,0.98,1014.65,15.73,4,25,3
03/18/2010 10:41:24,42.3666,-71.10475,1.29,952.46,15.73,12,27,2
03/18/2010 10:41:25,42.36662,-71.10475,1.45,778.90,15.73,17,29,2
03/18/2010 10:41:26,42.36662,-71.10477,1.41,660.56,15.73,18,30,2
03/18/2010 10:41:27,42.36662,-71.104805,1.17,670.49,15.73,15,31,2
03/18/2010 10:41:28,42.36662,-71.104866,1.37,673.31,15.73,24,33,2
03/18/2010 10:41:29,42.366634,-71.1049,0.70,869.89,15.73,21,33,2
03/18/2010 10:41:30,42.366634,-71.10491,0.55,728.18,15.73,33,31,2
03/18/2010 10:41:32,42.36665,-71.10488,0.62,596.16,15.73,8,28,2
03/18/2010 10:41:33,42.366665,-71.1049,0.70,554.92,15.73,11,26,2
03/18/2010 10:41:34,42.368336,-71.10491,0.66,631.72,15.73,6,27,2
03/18/2010 10:41:35,42.368336,-71.10491,0.70,800.16,15.73,5,29,2
03/18/2010 10:41:36,42.368336,-71.104935,0.66,741.45,15.73,9,32,2
03/18/2010 10:41:37,42.370003,-71.104935,0.70,846.96,15.73,7,34,2
03/18/2010 10:41:38,42.371662,-71.10491,0.82,886.62,15.73,4,33,2
03/18/2010 10:41:39,42.373333,-71.104866,0.70,858.51,15.73,8,32,2
03/18/2010 10:41:40,42.378338,-71.10478,1.17,901.87,15.73,13,32,3
03/18/2010 10:41:41,42.379997,-71.10475,1.48,992.39,15.73,28,32,2
03/18/2010 10:41:42,42.368336,-71.10474,1.52,933.36,15.41,23,31,2
03/18/2010 10:41:44,42.368668,-71.104706,0.98,957.38,15.73,3,31,2
03/18/2010 10:41:45,42.369003,-71.10466,1.09,969.96,15.73,5,31,2
03/18/2010 10:41:46,42.369164,-71.10468,0.82,1042.30,15.73,23,31,2
03/18/2010 10:41:47,42.369335,-71.10466,0.59,1029.97,15.41,15,30,2
03/18/2010 10:41:48,42.3695,-71.104645,0.62,1037.42,15.73,9,29,2
03/18/2010 10:41:49,42.36983,-71.104614,0.74,1041.49,15.41,18,28,2
03/18/2010 10:41:50,42.370003,-71.104614,1.09,1039.05,15.41,31,26,3
03/18/2010 10:41:51,42.37034,-71.10453,1.25,1039.05,15.41,27,24,2
03/18/2010 10:41:52,42.370834,-71.104454,1.56,1040.68,15.41,14,28,2
03/18/2010 10:41:53,42.37067,-71.104485,1.21,1037.42,15.41,8,31,2
03/18/2010 10:41:54,42.3705,-71.10453,1.41,1038.24,15.73,22,34,2
03/18/2010 10:41:56,42.3705,-71.10458,0.78,1036.60,15.41,9,37,2
03/18/2010 10:41:57,42.37034,-71.10466,0.70,1034.95,15.41,18,43,2
03/18/2010 10:41:58,42.37034,-71.10472,0.59,1036.60,15.41,34,43,2
03/18/2010 10:41:59,42.37034,-71.10474,0.47,1033.30,15.41,21,44,2
03/18/2010 10:42:00,42.3705,-71.10475,0.70,1036.60,15.41,13,44,2
03/18/2010 10:42:01,42.37067,-71.10472,0.82,988.72,15.41,24,44,2
03/18/2010 10:42:02,42.370834,-71.10472,0.70,969.01,15.41,30,43,2
03/18/2010 10:42:03,42.370834,-71.10475,0.86,1003.21,15.41,25,44,2
03/18/2010 10:42:04,42.370834,-71.104836,1.33,1025.77,15.41,30,45,3
03/18/2010 10:42:05,42.370834,-71.10488,1.48,1035.78,15.41,38,46,2
03/18/2010 10:42:07,42.37067,-71.104935,1.09,1039.87,15.41,29,47,2
03/18/2010 10:42:08,42.37067,-71.10495,1.09,1039.87,15.41,36,47,2
03/18/2010 10:42:09,42.37067,-71.10498,0.78,1038.24,15.41,33,47,2
03/18/2010 10:42:10,42.370834,-71.10503,0.78,1036.60,15.41,45,48,2
03/18/2010 10:42:11,42.37067,-71.10509,0.66,1002.32,15.41,27,48,2
03/18/2010 10:42:12,42.37067,-71.10515,0.66,1039.87,15.41,38,48,2
03/18/2010 10:42:13,42.37067,-71.10519,0.74,1040.68,15.41,31,50,2
03/18/2010 10:42:14,42.37067,-71.10522,0.98,1038.24,15.41,43,50,3
03/18/2010 10:42:15,42.370834,-71.10523,1.48,1036.60,15.41,29,54,2
03/18/2010 10:42:16,42.370995,-71.10519,1.17,1037.42,15.41,42,51,2
03/18/2010 10:42:17,42.371502,-71.10513,1.25,1039.05,15.41,16,47,2
03/18/2010 10:42:19,42.371662,-71.10512,1.02,1039.05,15.41,19,43,2
03/18/2010 10:42:20,42.371998,-71.10512,0.66,1038.24,15.41,18,40,2
03/18/2010 10:42:21,42.37233,-71.1051,0.51,1034.95,15.41,20,38,2
03/18/2010 10:42:22,42.37233,-71.1051,0.62,1043.92,15.09,43,38,2
03/18/2010 10:42:23,42.3725,-71.10509,0.62,1018.96,15.41,20,36,2
03/18/2010 10:42:24,42.372665,-71.1051,0.78,1029.14,15.41,23,37,3
03/18/2010 10:42:25,42.372665,-71.10512,1.37,1034.95,15.41,37,37,2
03/18/2010 10:42:26,42.372665,-71.10515,1.09,1037.42,15.09,8,36,2
03/18/2010 10:42:27,42.372997,-71.1052,1.29,1034.95,15.09,20,35,2
03/18/2010 10:42:28,42.37317,-71.10519,1.02,1035.78,15.09,21,33,2
03/18/2010 10:42:29,42.373333,-71.10515,0.74,1035.78,15.41,8,31,2
03/18/2010 10:42:31,42.373665,-71.1051,0.66,1038.24,15.09,8,30,2
03/18/2010 10:42:32,42.373837,-71.10509,0.62,1019.82,15.09,26,29,2
03/18/2010 10:42:33,42.3735,-71.10519,0.62,1018.96,15.09,21,32,2
03/18/2010 10:42:34,42.373333,-71.10526,0.70,1013.78,15.09,37,34,2
03/18/2010 10:42:35,42.37317,-71.10533,0.62,991.47,15.41,29,34,2
03/18/2010 10:42:36,42.37317,-71.1054,1.02,1021.53,15.09,28,33,2
03/18/2010 10:42:37,42.37317,-71.10542,0.98,985.03,15.09,16,33,3
03/18/2010 10:42:38,42.373333,-71.10544,1.21,1032.47,15.09,14,33,1
03/18/2010 10:42:39,42.3725,-71.10571,1.33,1030.81,15.41,6,39,3
03/18/2010 10:42:40,42.37217,-71.105865,1.05,1027.46,15.09,16,42,2
03/18/2010 10:42:41,42.371998,-71.10598,0.90,1028.30,15.09,19,44,2
03/18/2010 10:42:43,42.371834,-71.106064,1.02,1023.23,15.41,8,46,2
03/18/2010 10:42:44,42.371662,-71.10613,0.90,1037.42,15.41,28,47,2
03/18/2010 10:42:45,42.371662,-71.1062,0.82,1027.46,15.09,35,48,2
03/18/2010 10:42:46,42.371502,-71.10625,0.66,1018.10,15.09,17,50,2
03/18/2010 10:42:47,42.371502,-71.1063,0.66,1021.53,15.09,23,52,2
03/18/2010 10:42:48,42.371662,-71.10633,0.66,1018.96,15.09,35,52,1
03/18/2010 10:42:49,42.371834,-71.10636,0.66,1027.46,15.09,13,49,2
03/18/2010 10:42:50,42.371998,-71.1064,0.66,1008.53,15.09,42,49,2
03/18/2010 10:42:51,42.37217,-71.10645,0.66,1004.10,15.09,23,46,1
03/18/2010 10:42:52,42.3725,-71.10647,0.78,1022.38,15.09,26,46,2
03/18/2010 10:42:53,42.37233,-71.1065,0.94,1016.38,15.09,24,46,2
03/18/2010 10:42:55,42.37233,-71.10654,1.02,1002.32,15.09,21,48,3
03/18/2010 10:42:56,42.37217,-71.10655,1.21,1030.81,15.09,30,48,1
03/18/2010 10:42:57,42.37233,-71.10657,1.17,1030.81,15.09,31,46,3
03/18/2010 10:42:58,42.37233,-71.10658,1.05,1030.81,15.09,38,45,2
03/18/2010 10:42:59,42.37233,-71.1066,0.98,1041.49,15.09,27,45,2
03/18/2010 10:43:00,42.37233,-71.10661,1.21,1039.05,15.09,33,44,2
03/18/2010 10:43:01,42.37233,-71.10661,0.98,1029.14,15.09,37,43,2
03/18/2010 10:43:02,42.37233,-71.10665,0.70,1032.47,15.09,34,44,2
03/18/2010 10:43:03,42.372665,-71.10667,0.70,1024.93,15.09,27,43,2
03/18/2010 10:43:04,42.372837,-71.10668,0.74,1034.13,15.09,20,43,2
03/18/2010 10:43:05,42.372837,-71.10671,0.66,1033.30,15.09,6,44,2
03/18/2010 10:43:07,42.372837,-71.10673,0.66,1027.46,15.09,5,45,2
03/18/2010 10:43:08,42.372837,-71.10674,0.78,1004.99,15.09,8,46,2
03/18/2010 10:43:09,42.372997,-71.106766,0.82,975.67,15.09,3,45,2
03/18/2010 10:43:10,42.37317,-71.10679,0.94,1038.24,15.09,5,46,2
03/18/2010 10:43:11,42.37317,-71.106804,1.21,973.77,15.09,2,46,3
03/18/2010 10:43:12,42.37317,-71.106804,1.29,887.72,15.41,15,46,2
03/18/2010 10:43:13,42.373333,-71.10682,1.02,894.29,15.09,18,45,2
03/18/2010 10:43:14,42.373333,-71.106834,0.98,904.02,15.09,11,44,2
03/18/2010 10:43:15,42.3735,-71.10685,0.98,960.31,15.09,7,43,2
03/18/2010 10:43:16,42.3735,-71.106865,1.05,990.56,15.09,3,43,2
03/18/2010 10:43:17,42.3735,-71.10689,1.05,916.77,15.09,25,42,2
03/18/2010 10:43:19,42.3735,-71.1069,0.90,986.88,15.09,8,43,2
03/18/2010 10:43:20,42.373333,-71.10692,0.82,984.10,15.09,4,44,2
03/18/2010 10:43:21,42.3735,-71.10693,0.74,1004.10,15.09,2,45,2
03/18/2010 10:43:22,42.3735,-71.10695,0.74,989.64,15.09,1,45,2
03/18/2010 10:43:23,42.3735,-71.106964,0.74,980.37,15.09,3,46,2
03/18/2010 10:43:24,42.373665,-71.10698,0.70,966.12,15.09,2,45,2
03/18/2010 10:43:25,42.373837,-71.10698,0.62,1017.24,15.09,3,44,2
03/18/2010 10:43:26,42.373665,-71.10702,0.51,1026.62,15.09,3,44,2
03/18/2010 10:43:27,42.373665,-71.10702,0.55,1042.30,15.09,1,43,2
03/18/2010 10:43:28,42.373837,-71.10703,0.51,1040.68,15.09,0,43,2
03/18/2010 10:43:30,42.373837,-71.10705,0.86,1039.87,15.09,1,43,2
03/18/2010 10:43:31,42.374,-71.10705,0.94,1035.78,15.09,5,43,2
03/18/2010 10:43:32,42.37417,-71.10705,0.78,1039.87,15.09,5,42,2
03/18/2010 10:43:33,42.374332,-71.10706,0.94,1040.68,15.09,8,41,2
03/18/2010 10:43:34,42.374332,-71.10706,1.02,1040.68,15.09,2,41,2
03/18/2010 10:43:35,42.374504,-71.10706,0.86,1035.78,15.09,26,40,2
03/18/2010 10:43:36,42.37467,-71.10708,0.86,1006.76,15.09,13,39,2
03/18/2010 10:43:37,42.374836,-71.10708,0.78,1012.91,15.09,11,39,2
03/18/2010 10:43:38,42.375,-71.10709,0.94,995.12,15.09,9,39,2
03/18/2010 10:43:39,42.375164,-71.10711,0.86,931.31,15.09,11,39,2
03/18/2010 10:43:40,42.375164,-71.10714,0.90,952.46,15.09,6,38,2
03/18/2010 10:43:42,42.375164,-71.10714,0.90,886.62,15.09,6,38,2
03/18/2010 10:43:43,42.37533,-71.107155,0.74,992.39,15.09,7,37,2
03/18/2010 10:43:44,42.37533,-71.10717,0.86,995.12,15.09,8,37,2
03/18/2010 10:43:45,42.37533,-71.107185,1.09,1001.43,15.09,12,37,2
03/18/2010 10:43:46,42.375496,-71.107185,1.17,996.93,15.09,8,37,2
03/18/2010 10:43:47,42.375496,-71.1072,1.29,1034.95,15.09,7,37,3
03/18/2010 10:43:48,42.375668,-71.1072,1.25,993.30,15.09,16,36,2
03/18/2010 10:43:49,42.37583,-71.10723,1.02,896.46,15.09,17,36,2
03/18/2010 10:43:50,42.37583,-71.10723,1.05,924.08,15.09,22,35,2
03/18/2010 10:43:51,42.376,-71.107254,1.09,852.76,15.09,37,35,2
03/18/2010 10:43:53,42.376,-71.10727,1.13,680.32,15.09,40,35,2
03/18/2010 10:43:54,42.376,-71.107285,0.90,716.08,15.09,29,35,2
03/18/2010 10:43:55,42.376163,-71.1073,0.70,802.63,15.09,16,35,2
03/18/2010 10:43:56,42.376163,-71.107315,0.62,895.38,15.09,12,35,2
03/18/2010 10:43:57,42.376163,-71.107315,0.78,912.55,15.09,18,35,2
03/18/2010 10:43:58,42.376335,-71.10733,0.70,907.23,15.09,16,35,2
03/18/2010 10:43:59,42.376335,-71.107346,0.66,848.12,15.09,35,35,2
03/18/2010 10:44:00,42.3765,-71.10737,0.74,845.79,15.09,25,35,2
03/18/2010 10:44:01,42.376667,-71.10738,0.86,766.16,15.09,36,34,3
03/18/2010 10:44:02,42.37683,-71.1074,1.21,738.81,15.09,40,34,2
03/18/2010 10:44:03,42.37683,-71.1074,1.09,707.94,15.09,41,34,1
03/18/2010 10:44:05,42.377003,-71.1074,1.09,867.63,15.09,41,34,3
03/18/2010 10:44:06,42.377003,-71.107414,1.21,876.63,15.09,29,33,2
03/18/2010 10:44:07,42.377163,-71.10743,1.13,951.47,15.09,33,33,2
03/18/2010 10:44:08,42.377163,-71.107445,0.94,987.80,15.09,22,33,2
03/18/2010 10:44:09,42.377163,-71.10747,1.05,980.37,15.09,30,33,2
03/18/2010 10:44:10,42.377335,-71.10749,1.05,923.04,14.77,39,34,2
03/18/2010 10:44:11,42.377335,-71.107506,0.98,959.34,14.77,36,34,2
03/18/2010 10:44:12,42.377335,-71.10752,0.78,886.62,14.77,17,34,2
03/18/2010 10:44:13,42.3775,-71.10755,0.82,823.30,14.77,34,35,2
03/18/2010 10:44:14,42.3775,-71.10758,0.70,753.23,14.77,43,36,2
03/18/2010 10:44:15,42.3775,-71.1076,0.74,829.28,14.77,38,36,2
03/18/2010 10:44:17,42.3775,-71.107635,0.70,805.09,14.77,24,37,2
03/18/2010 10:44:18,42.37767,-71.107635,0.66,971.87,14.77,18,37,2
03/18/2010 10:44:19,42.37767,-71.107666,0.62,928.22,14.77,11,37,2
03/18/2010 10:44:20,42.37783,-71.107666,0.62,1035.78,14.77,18,37,2
03/18/2010 10:44:21,42.37783,-71.10768,0.70,975.67,14.77,23,37,2
03/18/2010 10:44:22,42.37783,-71.10768,0.70,834.03,14.77,38,37,2
03/18/2010 10:44:23,42.378002,-71.10768,0.70,864.23,14.77,39,37,2
03/18/2010 10:44:24,42.378002,-71.1077,0.66,809.98,14.77,29,37,2
03/18/2010 10:44:25,42.378498,-71.10771,0.62,817.27,14.77,39,38,2
03/18/2010 10:44:26,42.378834,-71.10771,0.66,861.95,14.77,20,38,2
03/18/2010 10:44:27,42.379005,-71.107735,0.70,876.63,14.77,26,39,2
03/18/2010 10:44:29,42.379166,-71.10775,0.70,937.43,14.77,21,39,2
03/18/2010 10:44:30,42.3795,-71.107765,0.78,1014.65,14.77,21,40,2
03/18/2010 10:44:31,42.379833,-71.107765,0.90,1054.23,15.09,15,41,1
03/18/2010 10:44:32,42.379997,-71.10778,0.78,1051.87,14.77,38,41,1
03/18/2010 10:44:33,42.38017,-71.107796,0.82,1055.01,15.09,8,42,2
03/18/2010 10:44:34,42.38017,-71.10782,0.86,1017.24,15.09,6,42,1
03/18/2010 10:44:35,42.38017,-71.10782,0.86,817.27,15.09,35,42,2
03/18/2010 10:44:36,42.379997,-71.107834,0.94,755.83,15.09,30,41,2
03/18/2010 10:44:37,42.38017,-71.10786,0.90,687.29,15.09,13,40,1
03/18/2010 10:44:38,42.38017,-71.10787,0.90,822.10,15.09,23,40,3
03/18/2010 10:44:39,42.38017,-71.10789,1.05,807.54,14.77,27,40,2
03/18/2010 10:44:41,42.38017,-71.10789,1.09,822.10,15.09,24,39,2
03/18/2010 10:44:42,42.379997,-71.1079,1.33,842.28,14.77,17,39,2
03/18/2010 10:44:43,42.379997,-71.10793,1.29,800.16,14.77,27,38,2
03/18/2010 10:44:44,42.379997,-71.10793,1.29,839.93,14.77,26,38,2
03/18/2010 10:44:45,42.379997,-71.10795,1.17,877.75,14.77,10,38,2
03/18/2010 10:44:46,42.379997,-71.10796,1.17,838.76,14.77,33,37,2
03/18/2010 10:44:47,42.379997,-71.10799,1.17,899.71,14.77,37,37,2
03/18/2010 10:44:48,42.379997,-71.108,1.09,1026.62,14.77,19,37,2
03/18/2010 10:44:49,42.379997,-71.10805,1.17,1045.52,14.77,22,37,2
03/18/2010 10:44:50,42.379997,-71.10805,1.29,1027.46,14.77,20,37,2
03/18/2010 10:44:51,42.379997,-71.10808,0.86,852.76,14.77,2,38,2
03/18/2010 10:44:53,42.38017,-71.1081,0.66,782.69,14.77,4,38,2
03/18/2010 10:44:54,42.38017,-71.108116,0.66,805.09,14.77,7,38,2
03/18/2010 10:44:55,42.38033,-71.108116,0.66,809.98,14.77,6,38,2
03/18/2010 10:44:56,42.3805,-71.108116,0.70,720.13,14.77,4,37,2
03/18/2010 10:44:57,42.380665,-71.10813,0.82,1020.68,14.77,7,37,1
03/18/2010 10:44:58,42.380836,-71.10813,0.78,1030.81,14.77,4,37,2
03/18/2010 10:44:59,42.380997,-71.10813,0.70,839.93,14.77,3,37,2
03/18/2010 10:45:00,42.38117,-71.10813,0.74,778.90,15.09,6,36,2
03/18/2010 10:45:01,42.381504,-71.10815,0.78,729.51,14.77,7,36,2
03/18/2010 10:45:02,42.381504,-71.10815,0.74,806.31,14.77,7,36,2
03/18/2010 10:45:04,42.381504,-71.10817,0.74,811.20,14.77,7,35,2
03/18/2010 10:45:05,42.381504,-71.108185,0.82,782.69,14.77,8,35,2
03/18/2010 10:45:06,42.381664,-71.108185,0.86,701.10,14.77,6,35,2
03/18/2010 10:45:07,42.381836,-71.1082,0.86,773.83,15.09,7,35,2
03/18/2010 10:45:08,42.382,-71.10822,0.90,809.98,15.09,14,35,3
03/18/2010 10:45:09,42.382,-71.10822,1.09,960.31,15.09,28,35,2
03/18/2010 10:45:10,42.382168,-71.10824,1.09,966.12,15.09,9,35,2
03/18/2010 10:45:11,42.382168,-71.10825,1.52,919.91,15.09,6,35,2
03/18/2010 10:45:12,42.382168,-71.10827,1.37,1018.10,15.09,8,35,2
03/18/2010 10:45:13,42.382168,-71.108284,1.05,946.50,15.09,3,34,2
03/18/2010 10:45:14,42.382168,-71.1083,0.98,939.46,15.09,4,34,2
03/18/2010 10:45:16,42.382168,-71.108315,0.90,889.92,15.09,1,34,2
03/18/2010 10:45:17,42.38233,-71.108315,0.90,995.12,15.09,3,33,2
03/18/2010 10:45:18,42.38233,-71.10833,0.98,986.88,15.09,1,33,2
03/18/2010 10:45:19,42.38233,-71.10833,1.02,871.02,15.09,5,33,2
03/18/2010 10:45:20,42.382504,-71.10835,1.09,842.28,15.09,2,33,2
03/18/2010 10:45:21,42.382504,-71.10835,1.13,958.36,15.09,3,32,1
03/18/2010 10:45:22,42.382504,-71.10837,1.09,970.92,15.09,3,32,2
03/18/2010 10:45:23,42.382668,-71.10838,1.09,1003.21,15.09,3,32,2
03/18/2010 10:45:24,42.382668,-71.1084,1.13,1023.23,15.09,7,32,2
03/18/2010 10:45:25,42.382668,-71.10841,1.13,966.12,15.09,2,32,2
03/18/2010 10:45:26,42.382835,-71.10841,0.98,995.12,15.09,5,32,2
03/18/2010 10:45:28,42.382835,-71.10843,0.86,1022.38,15.09,10,32,2
03/18/2010 10:45:29,42.382835,-71.108444,0.86,895.38,15.09,11,32,1
03/18/2010 10:45:30,42.383,-71.108444,0.86,936.42,15.09,11,32,2
03/18/2010 10:45:31,42.383,-71.10847,0.78,958.36,15.09,23,32,2
03/18/2010 10:45:32,42.383,-71.10848,0.78,881.09,15.09,36,32,2
03/18/2010 10:45:33,42.38317,-71.10848,0.74,884.41,15.09,37,32,2
03/18/2010 10:45:34,42.38317,-71.1085,0.82,888.82,15.09,21,32,2
03/18/2010 10:45:35,42.38317,-71.1085,1.02,958.36,15.09,21,32,2
03/18/2010 10:45:36,42.368336,-71.108536,0.86,919.91,15.09,15,32,2
03/18/2010 10:45:37,42.368336,-71.10855,0.82,896.46,15.09,11,32,2
03/18/2010 10:45:38,42.368336,-71.10855,0.78,864.23,15.09,8,31,2
03/18/2010 10:45:40,42.368336,-71.10857,0.90,1039.87,15.41,5,32,2
03/18/2010 10:45:41,42.36835,-71.10859,0.94,1005.88,15.09,13,32,2
03/18/2010 10:45:42,42.36835,-71.10859,1.02,793.96,15.41,18,32,2
03/18/2010 10:45:43,42.36835,-71.108604,0.90,1001.43,15.41,15,33,2
03/18/2010 10:45:44,42.368366,-71.10862,0.94,1015.51,15.41,20,33,3
03/18/2010 10:45:45,42.368366,-71.108635,0.90,946.50,15.41,17,33,1
03/18/2010 10:45:46,42.368366,-71.10865,0.78,999.63,15.41,10,34,2
03/18/2010 10:45:47,42.368366,-71.108665,0.74,971.87,15.41,16,34,2
03/18/2010 10:45:48,42.368385,-71.108696,0.78,995.12,15.41,16,34,2
03/18/2010 10:45:49,42.368385,-71.108696,0.74,1039.87,15.41,32,34,2
03/18/2010 10:45:50,42.3684,-71.10872,0.82,1024.08,15.41,42,34,2
03/18/2010 10:45:52,42.3684,-71.108734,0.90,1003.21,15.41,31,34,2
03/18/2010 10:45:53,42.3684,-71.10875,0.78,1003.21,15.41,26,35,2
03/18/2010 10:45:54,42.368416,-71.108765,0.78,946.50,15.41,29,35,2
03/18/2010 10:45:55,42.368416,-71.10878,0.94,1025.77,15.41,7,35,2
03/18/2010 10:45:56,42.36843,-71.108795,0.90,1034.13,15.41,11,35,2
03/18/2010 10:45:57,42.36843,-71.10881,0.86,981.30,15.41,7,35,2
03/18/2010 10:45:58,42.36843,-71.10881,0.90,1040.68,15.41,9,35,2
03/18/2010 10:45:59,42.36843,-71.10883,1.02,1046.32,15.41,7,35,1
03/18/2010 10:46:00,42.36843,-71.10889,0.98,882.20,15.41,7,36,3
03/18/2010 10:46:01,42.36845,-71.1089,1.02,767.44,15.41,9,36,1
03/18/2010 10:46:03,42.36845,-71.1089,1.17,750.63,15.41,3,36,3
03/18/2010 10:46:04,42.368465,-71.10892,1.29,780.17,15.41,10,36,2
03/18/2010 10:46:05,42.368465,-71.10893,1.25,758.42,15.41,2,36,2
03/18/2010 10:46:06,42.36848,-71.108955,1.29,801.39,15.41,4,36,2
03/18/2010 10:46:07,42.36848,-71.108955,1.21,796.45,15.41,16,36,2
03/18/2010 10:46:08,42.368496,-71.10897,1.25,839.93,15.41,8,36,2
03/18/2010 10:46:09,42.368515,-71.108986,1.09,931.31,15.41,8,36,2
03/18/2010 10:46:10,42.368515,-71.108986,1.05,913.60,15.41,4,36,2
03/18/2010 10:46:11,42.36853,-71.10902,1.05,946.50,15.41,10,36,2
03/18/2010 10:46:12,42.36853,-71.10903,0.90,972.82,15.41,14,36,2
03/18/2010 10:46:13,42.368546,-71.10905,0.74,873.27,15.41,38,36,2
03/18/2010 10:46:15,42.368565,-71.10906,0.59,905.09,15.41,38,36,2
03/18/2010 10:46:16,42.368565,-71.109085,0.66,942.49,15.41,26,36,2
03/18/2010 10:46:17,42.368587,-71.1091,0.59,978.49,15.41,13,36,2
03/18/2010 10:46:18,42.368603,-71.109116,0.55,947.50,15.41,15,36,2
03/18/2010 10:46:19,42.368603,-71.10913,0.70,969.01,15.41,23,36,2
03/18/2010 10:46:20,42.368603,-71.10913,0.62,951.47,15.41,38,36,2
03/18/2010 10:46:21,42.368618,-71.109146,0.66,1001.43,15.41,18,36,2
03/18/2010 10:46:22,42.368618,-71.10916,0.66,1027.46,15.09,29,36,3
03/18/2010 10:46:23,42.368618,-71.10918,0.74,1039.87,15.41,16,35,2
03/18/2010 10:46:24,42.368637,-71.10918,0.70,957.38,15.09,7,34,2
03/18/2010 10:46:25,42.368637,-71.1092,0.66,901.87,15.41,7,34,2
03/18/2010 10:46:27,42.368618,-71.10925,0.70,869.89,15.41,12,38,2
03/18/2010 10:46:28,42.368618,-71.10927,0.62,793.96,15.41,10,37,2
03/18/2010 10:46:29,42.368618,-71.10928,0.70,793.96,15.09,11,39,2
03/18/2010 10:46:30,42.368637,-71.1093,0.66,787.72,15.09,12,39,2
03/18/2010 10:46:31,42.368637,-71.10932,0.78,866.50,15.09,10,40,2
03/18/2010 10:46:32,42.368637,-71.10935,0.86,834.03,15.09,26,42,1
03/18/2010 10:46:33,42.368637,-71.10938,0.86,786.47,15.09,11,43,2
03/18/2010 10:46:34,42.368637,-71.10938,0.90,737.48,15.09,6,43,2
03/18/2010 10:46:35,42.368652,-71.10941,1.25,737.48,15.09,18,44,2
03/18/2010 10:46:36,42.368652,-71.10943,1.17,740.13,15.09,9,44,2
03/18/2010 10:46:37,42.368652,-71.10947,1.09,724.16,15.09,36,45,2
03/18/2010 10:46:39,42.368652,-71.10948,0.98,732.18,15.09,40,46,1
03/18/2010 10:46:40,42.368652,-71.10951,0.94,644.79,15.09,35,47,2
03/18/2010 10:46:41,42.368652,-71.10955,1.02,547.14,15.09,31,49,2
03/18/2010 10:46:42,42.368668,-71.10955,1.17,684.51,15.09,20,48,2
03/18/2010 10:46:43,42.368668,-71.10955,0.74,702.47,15.09,38,45,2
03/18/2010 10:46:44,42.368687,-71.10957,1.17,670.49,15.09,39,45,2
03/18/2010 10:46:45,42.368668,-71.10959,1.21,680.32,15.09,37,44,2
03/18/2010 10:46:46,42.368668,-71.10965,1.17,732.18,15.09,32,44,2
03/18/2010 10:46:47,42.368668,-71.109665,0.98,698.35,15.09,30,44,1
03/18/2010 10:46:48,42.368668,-71.1097,0.86,740.13,15.09,40,44,2
03/18/2010 10:46:50,42.368668,-71.10972,0.78,791.47,14.77,40,45,2
03/18/2010 10:46:51,42.368668,-71.10973,0.86,884.41,15.09,32,45,2
03/18/2010 10:46:52,42.368652,-71.10978,0.78,801.39,15.09,26,47,2
03/18/2010 10:46:53,42.368652,-71.109795,0.82,985.95,15.09,41,48,1
03/18/2010 10:46:54,42.368668,-71.10982,1.02,786.47,14.77,31,47,3
03/18/2010 10:46:55,42.368687,-71.10982,1.17,879.98,14.77,28,47,2
03/18/2010 10:46:56,42.368687,-71.10983,1.21,955.42,14.77,20,47,2
03/18/2010 10:46:57,42.368687,-71.10985,1.09,1039.05,14.77,15,48,2
03/18/2010 10:46:58,42.368687,-71.10986,1.13,1040.68,14.77,18,48,2
03/18/2010 10:46:59,42.368702,-71.10986,0.98,1043.11,14.77,6,46,2
03/18/2010 10:47:00,42.368732,-71.10985,0.90,1047.12,14.77,6,44,2
03/18/2010 10:47:02,42.368732,-71.10985,1.25,1039.05,14.77,7,42,2
03/18/2010 10:47:03,42.36875,-71.10983,1.21,1047.12,14.77,15,41,2
03/18/2010 10:47:04,42.368782,-71.10982,1.17,1048.71,14.77,6,39,2
03/18/2010 10:47:05,42.368797,-71.109795,1.21,1050.30,14.77,6,37,2
03/18/2010 10:47:06,42.368797,-71.10982,1.29,1047.92,14.77,2,37,2
03/18/2010 10:47:07,42.368816,-71.109795,1.37,1051.09,14.77,29,36,2
03/18/2010 10:47:08,42.368816,-71.10982,1.09,1058.88,14.77,41,35,2
03/18/2010 10:47:09,42.36883,-71.10982,1.21,1058.88,14.77,43,34,1
03/18/2010 10:47:10,42.368862,-71.10983,0.94,1053.44,14.77,29,33,1
03/18/2010 10:47:11,42.368862,-71.10983,0.86,1047.92,14.77,24,33,2
03/18/2010 10:47:12,42.36888,-71.10985,0.74,1056.56,14.77,36,33,2
03/18/2010 10:47:14,42.368896,-71.10985,0.74,1057.34,14.77,32,33,2
03/18/2010 10:47:15,42.36888,-71.10986,0.86,1063.47,14.77,24,35,0
03/18/2010 10:47:16,42.36888,-71.10988,0.94,1068.75,14.77,19,37,1
03/18/2010 10:47:17,42.368896,-71.10992,0.82,1067.25,15.09,25,39,1
03/18/2010 10:47:18,42.368896,-71.10994,0.82,1058.88,15.09,37,40,1
03/18/2010 10:47:19,42.368896,-71.109955,0.94,1058.88,15.09,19,41,1
03/18/2010 10:47:20,42.368896,-71.10997,0.90,1057.34,15.09,12,42,0
03/18/2010 10:47:21,42.36891,-71.11,0.90,1056.56,14.77,41,45,0
03/18/2010 10:47:22,42.36891,-71.11,0.90,1059.65,15.09,34,46,0
03/18/2010 10:47:23,42.36894,-71.110016,0.86,1064.23,15.09,33,46,0
03/18/2010 10:47:25,42.36894,-71.110016,0.78,1068.75,15.41,32,47,1
03/18/2010 10:47:26,42.36894,-71.11003,0.94,1061.19,15.41,40,48,2
03/18/2010 10:47:27,42.36894,-71.110054,1.17,1061.19,15.09,16,49,3
03/18/2010 10:47:28,42.36894,-71.11007,1.13,1059.65,15.09,42,50,2
03/18/2010 10:47:29,42.36894,-71.110085,0.70,1058.88,15.09,36,51,2
03/18/2010 10:47:30,42.368954,-71.1101,0.70,1043.92,15.09,22,51,2
03/18/2010 10:47:31,42.368954,-71.1101,0.70,966.12,15.09,6,51,2
03/18/2010 10:47:32,42.36897,-71.1101,0.70,946.50,15.09,8,51,2
03/18/2010 10:47:33,42.36897,-71.110085,0.66,1019.82,15.09,6,51,2
03/18/2010 10:47:34,42.36897,-71.11007,0.70,924.08,15.09,5,51,2
03/18/2010 10:47:35,42.36897,-71.110054,0.74,802.63,15.09,6,51,3
03/18/2010 10:47:37,42.368984,-71.110054,0.78,657.71,15.09,5,52,1
03/18/2010 10:47:38,42.368984,-71.11003,0.90,1021.53,15.09,4,52,2
03/18/2010 10:47:39,42.368984,-71.110054,0.86,907.23,15.09,5,53,2
03/18/2010 10:47:40,42.36897,-71.11003,1.29,883.31,15.09,3,53,3
03/18/2010 10:47:41,42.368984,-71.110016,1.52,904.02,15.09,1,53,2
03/18/2010 10:47:42,42.368984,-71.11,0.94,872.15,15.09,1,53,2
03/18/2010 10:47:43,42.368984,-71.109985,1.25,863.09,15.09,2,53,2
03/18/2010 10:47:44,42.368984,-71.10997,0.98,896.46,15.09,4,53,2
03/18/2010 10:47:45,42.36897,-71.109955,1.29,1013.78,15.09,3,53,2
03/18/2010 10:47:46,42.368954,-71.10994,1.09,1055.01,15.09,2,54,2
03/18/2010 10:47:47,42.368954,-71.1099,0.70,1057.34,15.09,3,54,2
03/18/2010 10:47:49,42.368954,-71.10986,0.70,1055.79,15.09,2,53,2
03/18/2010 10:47:50,42.36894,-71.10985,0.62,1056.56,15.09,3,53,2
03/18/2010 10:47:51,42.36894,-71.10983,0.74,1051.87,15.09,4,54,2
03/18/2010 10:47:52,42.36891,-71.10982,0.55,1040.68,15.09,9,54,2
03/18/2010 10:47:53,42.36888,-71.109795,0.62,1043.11,15.41,6,55,2
03/18/2010 10:47:54,42.368862,-71.10978,0.94,1045.52,15.41,5,57,2
03/18/2010 10:47:55,42.36883,-71.109764,1.13,1045.52,15.09,7,59,3
03/18/2010 10:47:56,42.368816,-71.10973,1.33,1046.32,15.41,3,60,2
03/18/2010 10:47:57,42.368782,-71.10969,1.33,1043.11,15.41,1,61,2
03/18/2010 10:47:58,42.368767,-71.109665,1.13,1019.82,15.41,1,61,2
03/18/2010 10:47:59,42.368767,-71.109665,1.33,1029.97,15.41,1,62,2
03/18/2010 10:48:01,42.368767,-71.10965,0.66,1044.72,15.41,1,62,2
03/18/2010 10:48:02,42.368782,-71.10965,0.70,1039.87,15.41,3,62,2
03/18/2010 10:48:03,42.368782,-71.109634,0.78,1047.12,15.41,5,62,2
03/18/2010 10:48:04,42.368782,-71.10962,0.70,1045.52,15.41,8,62,2
03/18/2010 10:48:05,42.368767,-71.109604,0.66,1038.24,15.41,28,61,2
03/18/2010 10:48:06,42.368767,-71.10959,0.86,1025.77,15.41,26,61,2
03/18/2010 10:48:07,42.368767,-71.10959,0.82,1030.81,15.41,9,61,2
03/18/2010 10:48:08,42.36875,-71.10955,1.02,1033.30,15.41,22,60,2
03/18/2010 10:48:09,42.368732,-71.10951,1.25,1034.95,15.41,3,58,3
03/18/2010 10:48:10,42.368732,-71.1095,1.52,1043.11,15.41,2,58,2
03/18/2010 10:48:11,42.368732,-71.10948,1.09,1050.30,15.41,4,57,2
03/18/2010 10:48:13,42.368732,-71.10947,1.02,1047.92,15.41,4,56,2
03/18/2010 10:48:14,42.368732,-71.10945,1.37,1052.66,15.41,2,56,2
03/18/2010 10:48:15,42.368732,-71.10945,0.82,1053.44,15.41,3,56,2
03/18/2010 10:48:16,42.368732,-71.10943,0.82,1057.34,15.41,4,55,2
03/18/2010 10:48:17,42.36875,-71.10943,0.74,1057.34,15.41,13,54,2
03/18/2010 10:48:18,42.36875,-71.10941,0.62,1056.56,15.41,10,53,2
03/18/2010 10:48:19,42.368767,-71.1094,0.62,1056.56,15.41,10,54,2
03/18/2010 10:48:20,42.36875,-71.10937,0.59,1058.11,15.41,11,52,2
03/18/2010 10:48:21,42.368732,-71.10935,0.70,1055.01,15.41,10,51,2
03/18/2010 10:48:22,42.368717,-71.10934,0.78,1056.56,15.41,5,54,2
03/18/2010 10:48:24,42.368702,-71.10932,0.94,1051.87,15.41,6,56,2
03/18/2010 10:48:25,42.368687,-71.1093,0.94,1027.46,15.41,5,58,2
03/18/2010 10:48:26,42.368652,-71.10927,1.13,1038.24,15.41,5,60,3
03/18/2010 10:48:27,42.368652,-71.10925,1.17,1037.42,15.41,9,60,2
03/18/2010 10:48:28,42.368637,-71.10924,1.45,1036.60,15.41,14,61,2
03/18/2010 10:48:29,42.368637,-71.10922,1.33,1034.95,15.41,9,63,2
03/18/2010 10:48:30,42.368637,-71.10922,1.29,1026.62,15.41,15,63,2
03/18/2010 10:48:31,42.368637,-71.1092,1.05,943.49,15.41,10,62,2
03/18/2010 10:48:32,42.368652,-71.10916,1.13,1024.93,15.41,9,61,2
03/18/2010 10:48:33,42.368652,-71.109146,1.29,1022.38,15.41,6,61,2
03/18/2010 10:48:34,42.368637,-71.10913,0.62,965.16,15.41,11,61,2
03/18/2010 10:48:36,42.368637,-71.109116,0.59,1022.38,15.41,9,61,2
03/18/2010 10:48:37,42.368637,-71.109085,0.62,1037.42,15.41,10,60,2
03/18/2010 10:48:38,42.368618,-71.10906,0.66,1040.68,15.41,24,59,2
03/18/2010 10:48:39,42.368618,-71.10905,0.82,1043.92,15.41,26,59,2
03/18/2010 10:48:40,42.368603,-71.10903,0.74,1055.79,15.41,25,59,2
03/18/2010 10:48:41,42.368603,-71.10902,0.86,1058.11,15.41,13,59,2
03/18/2010 10:48:42,42.368603,-71.109,0.94,1060.42,15.41,22,58,2
03/18/2010 10:48:43,42.368587,-71.108986,0.98,1057.34,15.73,8,58,3
03/18/2010 10:48:44,42.368565,-71.10893,1.37,1057.34,15.73,12,56,2
03/18/2010 10:48:45,42.368546,-71.10892,1.33,1058.11,15.73,11,55,2
03/18/2010 10:48:47,42.36853,-71.10892,1.05,1059.65,15.73,5,52,2
03/18/2010 10:48:48,42.368515,-71.1089,1.02,1059.65,15.73,3,49,2
03/18/2010 10:48:49,42.36848,-71.1089,1.09,1058.88,15.73,6,48,2
03/18/2010 10:48:50,42.368465,-71.10887,1.17,1051.87,15.73,7,47,2
03/18/2010 10:48:51,42.36845,-71.10885,1.02,1051.09,15.73,4,46,2
03/18/2010 10:48:52,42.36843,-71.10883,0.98,1049.51,15.73,5,47,2
03/18/2010 10:48:53,42.368416,-71.10883,1.17,1046.32,15.73,4,45,2
03/18/2010 10:48:54,42.368416,-71.10881,1.02,1046.32,15.73,1,43,2
03/18/2010 10:48:55,42.368385,-71.108795,1.13,1038.24,15.73,4,40,2
03/18/2010 10:48:56,42.368385,-71.10878,0.98,1034.13,15.73,2,40,2
03/18/2010 10:48:57,42.368366,-71.10878,1.02,1056.56,15.73,5,40,2
03/18/2010 10:48:59,42.36835,-71.108765,1.13,1057.34,15.73,6,40,2
03/18/2010 10:49:00,42.36835,-71.10875,1.17,1053.44,15.73,20,42,2
03/18/2010 10:49:01,42.368336,-71.108734,1.05,1059.65,15.73,33,41,2
03/18/2010 10:49:02,42.383,-71.10872,0.59,1058.11,15.73,41,41,2
03/18/2010 10:49:03,42.383,-71.108696,0.66,1059.65,15.73,28,40,2
03/18/2010 10:49:04,42.382835,-71.10868,0.47,1057.34,15.73,11,40,2
03/18/2010 10:49:05,42.382668,-71.108665,0.59,1057.34,15.73,13,40,2
03/18/2010 10:49:06,42.382668,-71.108635,0.55,1057.34,15.73,6,41,2
03/18/2010 10:49:07,42.382504,-71.10862,0.62,1058.11,15.73,5,44,2
03/18/2010 10:49:08,42.382504,-71.108604,0.98,1061.19,16.05,5,44,2
03/18/2010 10:49:10,42.38233,-71.10859,0.94,1058.11,16.05,7,47,3
03/18/2010 10:49:11,42.38233,-71.10857,1.13,1058.11,16.05,4,48,2
03/18/2010 10:49:12,42.38233,-71.10855,1.21,1061.19,15.73,4,49,2
03/18/2010 10:49:13,42.38233,-71.108536,1.41,1061.95,16.05,5,51,2
03/18/2010 10:49:14,42.382168,-71.108536,1.48,1058.88,16.05,3,51,2
03/18/2010 10:49:15,42.382168,-71.108536,1.29,1056.56,16.05,2,53,2
03/18/2010 10:49:16,42.382,-71.10852,1.33,1059.65,16.05,4,53,2
03/18/2010 10:49:17,42.382,-71.1085,1.33,1062.71,16.05,5,54,2
03/18/2010 10:49:18,42.381836,-71.10847,1.05,1061.95,16.38,21,52,2
03/18/2010 10:49:19,42.381664,-71.10847,0.47,1059.65,16.38,5,51,2
03/18/2010 10:49:20,42.381504,-71.108444,0.55,1060.42,16.38,2,51,2
03/18/2010 10:49:22,42.381332,-71.10843,0.66,1059.65,16.38,1,50,2
03/18/2010 10:49:23,42.381332,-71.1084,0.62,1060.42,16.38,6,49,2
03/18/2010 10:49:24,42.381332,-71.10838,0.82,1061.19,16.38,2,48,2
03/18/2010 10:49:25,42.38117,-71.10838,0.90,1060.42,16.38,3,47,2
03/18/2010 10:49:26,42.380997,-71.10837,0.90,1060.42,16.38,4,46,2
03/18/2010 10:49:27,42.380836,-71.10837,1.25,1048.71,16.38,4,44,2
03/18/2010 10:49:28,42.380665,-71.10835,1.33,1047.12,16.38,4,44,3
03/18/2010 10:49:29,42.380665,-71.10835,1.41,1043.11,16.38,7,43,2
03/18/2010 10:49:30,42.3805,-71.108315,0.98,1049.51,16.38,16,44,2
03/18/2010 10:49:31,42.3805,-71.1083,1.09,1059.65,16.38,31,45,2
03/18/2010 10:49:33,42.3805,-71.1083,0.90,1059.65,16.38,39,45,2
03/18/2010 10:49:34,42.38033,-71.108284,0.70,1060.42,16.38,8,44,2
03/18/2010 10:49:35,42.38033,-71.10827,0.74,1057.34,16.38,24,43,2
03/18/2010 10:49:36,42.38033,-71.10827,0.70,1040.68,16.38,40,43,2
03/18/2010 10:49:37,42.38033,-71.10825,0.74,1055.01,16.38,40,44,1
03/18/2010 10:49:38,42.38017,-71.10822,0.62,1055.79,16.38,42,47,2
03/18/2010 10:49:39,42.38017,-71.1082,0.78,1055.79,16.38,34,49,2
03/18/2010 10:49:40,42.38017,-71.10817,1.09,1058.11,16.05,23,50,3
03/18/2010 10:49:41,42.38017,-71.10813,1.33,1056.56,16.05,45,51,2
03/18/2010 10:49:42,42.38017,-71.108116,1.17,1057.34,16.05,32,51,2
03/18/2010 10:49:43,42.38017,-71.1081,0.66,1055.79,16.05,24,53,2
03/18/2010 10:49:45,42.38017,-71.10808,0.59,1055.01,16.05,15,54,2
03/18/2010 10:49:46,42.38017,-71.10806,0.70,1053.44,16.05,29,54,2
03/18/2010 10:49:47,42.38017,-71.10805,0.86,1052.66,16.05,14,55,2
03/18/2010 10:49:48,42.38017,-71.10805,0.82,1053.44,16.05,6,56,2
03/18/2010 10:49:49,42.38017,-71.10803,0.98,1055.79,16.05,2,56,3
03/18/2010 10:49:50,42.38017,-71.10802,1.25,1055.01,16.05,7,57,2
03/18/2010 10:49:51,42.38017,-71.108,1.48,1055.01,16.05,11,57,2
03/18/2010 10:49:52,42.38017,-71.108,1.02,1055.01,16.05,14,57,2
03/18/2010 10:49:53,42.379997,-71.10796,1.25,1004.99,16.05,24,57,2
03/18/2010 10:49:54,42.379997,-71.10793,1.09,853.91,16.05,21,54,1
03/18/2010 10:49:55,42.379997,-71.10793,0.78,986.88,16.05,18,55,1
03/18/2010 10:49:57,42.379833,-71.10792,0.90,1044.72,16.05,11,56,2
03/18/2010 10:49:58,42.379833,-71.10792,0.51,1041.49,16.05,10,56,2
03/18/2010 10:49:59,42.3795,-71.10792,0.51,1048.71,16.05,10,54,2
03/18/2010 10:50:00,42.37933,-71.10792,0.51,1035.78,16.05,15,52,2
03/18/2010 10:50:01,42.379005,-71.1079,0.70,1039.05,16.05,11,51,2
03/18/2010 10:50:02,42.379005,-71.10789,0.78,1040.68,16.05,13,51,2
03/18/2010 10:50:03,42.379005,-71.10787,1.21,1040.68,16.05,16,51,3
03/18/2010 10:50:04,42.379005,-71.10786,1.21,1043.11,16.05,10,50,2
03/18/2010 10:50:05,42.378834,-71.107834,1.68,1045.52,16.05,11,49,2
03/18/2010 10:50:06,42.378834,-71.10782,1.41,1047.12,16.05,12,49,2
03/18/2010 10:50:07,42.378834,-71.107796,1.33,1047.92,16.05,9,48,2
03/18/2010 10:50:09,42.37867,-71.10778,1.25,1045.52,16.05,10,48,2
03/18/2010 10:50:10,42.378498,-71.107765,1.21,1043.92,16.05,9,48,2
03/18/2010 10:50:11,42.378498,-71.10775,0.70,1042.30,16.05,6,48,2
03/18/2010 10:50:12,42.378498,-71.107735,0.59,1041.49,16.05,7,48,2
03/18/2010 10:50:13,42.378498,-71.10771,0.59,1041.49,16.05,9,48,2
03/18/2010 10:50:14,42.378498,-71.10771,0.59,1040.68,16.05,7,48,2
03/18/2010 10:50:15,42.37867,-71.1077,0.86,1040.68,16.05,5,49,2
03/18/2010 10:50:16,42.37867,-71.1077,0.62,1041.49,16.05,3,49,2
03/18/2010 10:50:17,42.378834,-71.107666,0.74,1052.66,16.05,43,50,2
03/18/2010 10:50:18,42.378834,-71.107666,0.78,1057.34,16.05,44,50,1
03/18/2010 10:50:20,42.37867,-71.10765,0.82,1060.42,16.05,40,49,2
03/18/2010 10:50:21,42.378498,-71.107635,0.90,1059.65,16.05,22,49,2
03/18/2010 10:50:22,42.378498,-71.107635,0.94,1059.65,16.05,44,49,3
03/18/2010 10:50:23,42.378338,-71.10762,0.82,1058.88,16.05,24,49,1
03/18/2010 10:50:24,42.378338,-71.1076,0.86,1057.34,16.05,20,50,2
03/18/2010 10:50:25,42.378338,-71.10758,1.02,1058.11,16.05,43,49,2
03/18/2010 10:50:26,42.378338,-71.10757,0.98,1059.65,16.05,20,49,2
03/18/2010 10:50:27,42.378166,-71.10754,1.29,1055.79,16.05,24,49,2
03/18/2010 10:50:28,42.378002,-71.10752,1.17,1055.79,16.05,6,49,2
03/18/2010 10:50:29,42.37783,-71.10752,0.90,1054.23,16.05,26,49,2
03/18/2010 10:50:30,42.37767,-71.10752,1.02,1055.01,16.05,22,47,2
03/18/2010 10:50:32,42.3775,-71.107506,1.02,1051.09,16.05,17,46,2
03/18/2010 10:50:33,42.377335,-71.10749,1.29,1054.23,16.05,24,46,2
03/18/2010 10:50:34,42.377003,-71.10747,1.41,1052.66,16.05,11,45,2
03/18/2010 10:50:35,42.37683,-71.10747,1.09,1047.12,16.05,3,46,2
03/18/2010 10:50:36,42.376667,-71.107445,0.78,1044.72,16.05,1,46,2
03/18/2010 10:50:37,42.3765,-71.10743,0.90,1047.12,16.05,1,47,2
03/18/2010 10:50:38,42.376335,-71.107414,1.02,1048.71,16.05,1,49,2
03/18/2010 10:50:39,42.376335,-71.1074,0.78,1048.71,16.05,1,49,2
03/18/2010 10:50:40,42.376335,-71.10737,0.82,1048.71,16.05,2,50,2
03/18/2010 10:50:41,42.376335,-71.107346,0.70,1039.05,16.05,2,51,2
03/18/2010 10:50:43,42.376335,-71.10733,0.62,1039.05,16.05,5,52,2
03/18/2010 10:50:44,42.376335,-71.107315,0.51,1043.11,16.05,6,53,2
03/18/2010 10:50:45,42.376335,-71.107285,0.62,1050.30,16.05,9,54,2
03/18/2010 10:50:46,42.376335,-71.107285,0.51,1040.68,16.05,11,55,2
03/18/2010 10:50:47,42.376335,-71.10727,0.70,1042.30,16.05,10,55,2
03/18/2010 10:50:48,42.376335,-71.10723,0.70,1056.56,16.05,17,56,2
03/18/2010 10:50:49,42.376335,-71.10723,0.82,1057.34,16.05,17,57,2
03/18/2010 10:50:50,42.376335,-71.107216,0.82,1058.88,16.05,18,57,2
03/18/2010 10:50:51,42.376163,-71.107185,0.82,1060.42,16.05,8,58,2
03/18/2010 10:50:52,42.376163,-71.10717,0.94,1046.32,16.05,15,58,2
03/18/2010 10:50:53,42.376163,-71.107155,0.94,1046.32,16.05,11,60,2
03/18/2010 10:50:55,42.376163,-71.107155,1.13,1051.87,16.05,12,60,3
03/18/2010 10:50:56,42.376,-71.107155,1.45,1060.42,16.05,30,60,2
03/18/2010 10:50:57,42.37583,-71.107155,1.29,1060.42,16.05,39,58,2
03/18/2010 10:50:58,42.375668,-71.10714,1.33,1060.42,16.05,9,58,2
03/18/2010 10:50:59,42.375496,-71.10714,1.37,1060.42,16.05,7,57,2
03/18/2010 10:51:00,42.37533,-71.10714,1.21,1060.42,16.05,26,55,2
03/18/2010 10:51:01,42.37533,-71.10714,1.02,1060.42,16.05,21,55,2
03/18/2010 10:51:02,42.375164,-71.10711,0.59,1059.65,16.05,17,53,2
03/18/2010 10:51:03,42.375,-71.10709,0.74,1059.65,16.05,8,53,2
03/18/2010 10:51:04,42.374836,-71.10708,0.55,1053.44,16.05,4,53,2
03/18/2010 10:51:05,42.374836,-71.10706,0.86,1053.44,16.05,3,53,2
03/18/2010 10:51:07,42.374836,-71.10705,0.86,1046.32,16.05,4,53,2
03/18/2010 10:51:08,42.37467,-71.10703,0.82,1042.30,16.05,3,53,2
03/18/2010 10:51:09,42.37467,-71.10702,0.82,1058.11,16.05,4,54,2
03/18/2010 10:51:10,42.374504,-71.10698,0.82,1058.11,16.05,3,55,2
03/18/2010 10:51:11,42.374504,-71.106964,1.02,1043.92,16.05,4,55,2
03/18/2010 10:51:12,42.374504,-71.10693,1.37,1047.92,16.05,5,56,3
03/18/2010 10:51:13,42.374332,-71.10692,1.05,1037.42,16.05,4,57,2
03/18/2010 10:51:14,42.37417,-71.10689,1.29,1039.05,16.05,4,60,2
03/18/2010 10:51:15,42.37417,-71.106865,1.02,1048.71,16.05,8,61,2
03/18/2010 10:51:16,42.37417,-71.10685,0.94,1056.56,16.38,10,61,2
03/18/2010 10:51:18,42.374,-71.10685,1.05,1058.11,16.05,9,62,2
03/18/2010 10:51:19,42.374,-71.10685,1.09,1058.11,16.38,6,61,2
03/18/2010 10:51:20,42.374,-71.10685,0.82,1057.34,16.38,9,62,2
03/18/2010 10:51:21,42.374,-71.106834,0.82,1055.01,16.05,9,63,2
03/18/2010 10:51:22,42.373837,-71.10682,0.70,1057.34,16.38,7,63,2
03/18/2010 10:51:23,42.373837,-71.106804,0.51,1056.56,16.38,6,63,2
03/18/2010 10:51:24,42.373665,-71.10679,0.82,1055.79,16.05,8,62,2
03/18/2010 10:51:25,42.373665,-71.10679,1.05,1058.88,16.38,13,62,2
03/18/2010 10:51:26,42.373665,-71.106766,1.29,1059.65,16.38,11,63,3
03/18/2010 10:51:27,42.373665,-71.10674,1.37,1058.88,16.38,11,63,2
03/18/2010 10:51:28,42.373665,-71.10673,1.33,1059.65,16.38,13,61,2
03/18/2010 10:51:30,42.373665,-71.1067,1.25,1055.01,16.38,5,60,2
03/18/2010 10:51:31,42.3735,-71.10668,1.25,1055.79,16.38,25,59,2
03/18/2010 10:51:32,42.37317,-71.10667,0.70,1055.01,16.38,46,57,2
03/18/2010 10:51:33,42.372997,-71.10665,0.70,1057.34,16.38,44,55,2
03/18/2010 10:51:34,42.372837,-71.10665,0.55,1058.11,16.05,40,53,2
03/18/2010 10:51:35,42.372665,-71.10665,0.98,1056.56,16.05,44,52,2
03/18/2010 10:51:36,42.3725,-71.10665,1.29,1056.56,16.05,42,51,3
03/18/2010 10:51:37,42.37217,-71.106636,1.33,1055.79,16.05,37,47,2
03/18/2010 10:51:38,42.37217,-71.106636,1.25,1047.12,15.73,42,45,2
03/18/2010 10:51:39,42.371998,-71.106636,1.05,1047.92,15.73,44,44,2
03/18/2010 10:51:41,42.371998,-71.10661,0.74,1047.12,15.73,32,43,2
03/18/2010 10:51:42,42.371998,-71.1066,0.86,1044.72,15.73,29,43,2
03/18/2010 10:51:43,42.371834,-71.1066,0.70,1043.11,15.73,6,42,2
03/18/2010 10:51:44,42.371834,-71.10658,0.59,1023.23,15.73,4,42,2
03/18/2010 10:51:45,42.371834,-71.10657,0.62,993.30,15.73,3,42,2
03/18/2010 10:51:46,42.371834,-71.10657,0.86,937.43,15.73,14,42,2
03/18/2010 10:51:47,42.371662,-71.10657,1.29,972.82,15.73,23,41,3
03/18/2010 10:51:48,42.371502,-71.10655,1.45,956.40,15.73,5,40,2
03/18/2010 10:51:49,42.37133,-71.10654,1.09,933.36,15.73,8,41,2
03/18/2010 10:51:50,42.37133,-71.10654,1.02,798.92,15.73,19,41,2
03/18/2010 10:51:51,42.371166,-71.10652,0.78,906.16,15.73,16,40,2
03/18/2010 10:51:53,42.371166,-71.1065,0.51,911.49,15.73,25,40,2
03/18/2010 10:51:54,42.370995,-71.10647,0.59,956.40,15.73,9,40,2
03/18/2010 10:51:55,42.370834,-71.10644,0.62,974.72,15.73,32,41,2
03/18/2010 10:51:56,42.370834,-71.106415,0.86,1017.24,15.73,9,43,2
03/18/2010 10:51:57,42.37067,-71.10638,0.82,1027.46,15.73,14,44,2
03/18/2010 10:51:58,42.3705,-71.10636,0.74,1029.14,15.73,13,45,2
03/18/2010 10:51:59,42.3705,-71.106346,0.78,1053.44,15.73,14,49,2
03/18/2010 10:52:00,42.3705,-71.1063,0.70,1055.01,15.73,9,53,2
03/18/2010 10:52:01,42.3705,-71.106285,0.82,1055.01,15.73,13,57,2
03/18/2010 10:52:02,42.37034,-71.10627,1.02,1055.01,15.73,10,60,2
03/18/2010 10:52:04,42.37034,-71.10625,1.02,1055.01,15.73,12,62,2
03/18/2010 10:52:05,42.37034,-71.10622,1.17,1055.01,15.73,14,64,1
03/18/2010 10:52:06,42.370167,-71.1062,1.13,1054.23,15.73,20,65,3
03/18/2010 10:52:07,42.370167,-71.10617,1.13,1052.66,15.73,20,70,2
03/18/2010 10:52:08,42.370167,-71.10613,1.09,1052.66,15.73,13,75,1
03/18/2010 10:52:09,42.370167,-71.1061,1.13,1053.44,15.73,11,78,3
03/18/2010 10:52:10,42.370167,-71.10609,1.17,1055.01,16.05,9,81,2
03/18/2010 10:52:11,42.37034,-71.106064,1.25,1055.01,15.73,9,81,2
03/18/2010 10:52:12,42.370167,-71.10603,1.25,1055.01,15.73,12,84,2
03/18/2010 10:52:13,42.370167,-71.105995,1.09,1055.79,16.05,9,85,2
03/18/2010 10:52:14,42.370167,-71.105995,1.02,1055.79,15.73,39,85,2
03/18/2010 10:52:16,42.370003,-71.105965,0.70,1055.79,15.73,17,86,2
03/18/2010 10:52:17,42.370003,-71.10595,0.59,1055.79,15.73,12,88,2
03/18/2010 10:52:18,42.370003,-71.10592,0.78,1055.79,15.73,13,90,2
03/18/2010 10:52:19,42.36983,-71.1059,0.74,1055.79,15.73,20,92,1
03/18/2010 10:52:20,42.36983,-71.10588,0.70,1055.79,16.05,21,94,2
03/18/2010 10:52:21,42.36983,-71.105865,0.86,1055.79,15.73,9,96,2
03/18/2010 10:52:22,42.36967,-71.105865,0.82,1055.79,16.05,10,97,2
03/18/2010 10:52:23,42.36967,-71.105865,0.74,1055.79,16.05,11,95,2
03/18/2010 10:52:24,42.36967,-71.10585,0.90,1053.44,16.05,9,91,2
03/18/2010 10:52:25,42.3695,-71.105835,0.70,1049.51,16.05,13,91,2
03/18/2010 10:52:26,42.369335,-71.105835,0.90,886.62,16.05,11,90,2
03/18/2010 10:52:28,42.369335,-71.105835,0.82,587.11,15.73,8,92,1
03/18/2010 10:52:29,42.369335,-71.105835,0.82,643.34,16.05,17,92,2
03/18/2010 10:52:30,42.369335,-71.10582,0.78,899.71,15.73,24,92,2
03/18/2010 10:52:31,42.369164,-71.10579,0.90,1051.09,15.73,22,96,1
03/18/2010 10:52:32,42.369164,-71.10577,0.86,1055.79,16.05,15,96,2
03/18/2010 10:52:33,42.369003,-71.10575,0.94,1055.79,16.05,26,95,2
03/18/2010 10:52:34,42.369003,-71.10575,1.13,1057.34,16.05,32,94,2
03/18/2010 10:52:35,42.36883,-71.105736,1.09,1056.56,16.05,22,92,2
03/18/2010 10:52:36,42.368668,-71.10571,1.02,1056.56,16.05,27,90,2
03/18/2010 10:52:37,42.368496,-71.10571,0.90,1056.56,16.05,16,92,2
03/18/2010 10:52:39,42.368496,-71.1057,0.86,1057.34,16.05,16,92,2
03/18/2010 10:52:40,42.368336,-71.1057,0.82,1056.56,16.05,21,92,2
03/18/2010 10:52:41,42.381664,-71.10568,0.74,1056.56,16.05,17,91,2
03/18/2010 10:52:42,42.379997,-71.10568,0.86,1055.79,16.05,26,89,2
03/18/2010 10:52:43,42.379997,-71.10568,0.78,1055.01,16.05,14,87,2
03/18/2010 10:52:44,42.378338,-71.10568,0.74,1055.79,16.05,13,87,2
03/18/2010 10:52:45,42.376667,-71.10568,0.94,1057.34,16.05,20,87,2
03/18/2010 10:52:46,42.375,-71.10567,0.74,1059.65,16.05,17,86,2
03/18/2010 10:52:47,42.373333,-71.10568,1.05,1058.11,16.05,11,83,2
03/18/2010 10:52:48,42.373333,-71.10568,1.02,1058.88,16.38,9,81,2
03/18/2010 10:52:49,42.371662,-71.10567,1.25,1056.56,16.38,9,80,2
03/18/2010 10:52:51,42.371662,-71.105644,0.98,1056.56,16.38,8,79,2
03/18/2010 10:52:52,42.371662,-71.10567,1.05,1056.56,16.38,7,77,2
03/18/2010 10:52:53,42.370003,-71.105644,0.94,1056.56,16.38,6,75,2
03/18/2010 10:52:54,42.370003,-71.105644,0.98,1056.56,16.38,7,72,2
03/18/2010 10:52:55,42.368336,-71.10567,1.09,1056.56,16.38,8,69,2
03/18/2010 10:52:56,42.368336,-71.10567,1.29,1055.79,16.38,2,66,3
03/18/2010 10:52:57,42.366665,-71.10567,1.09,1055.79,16.38,3,64,1
03/18/2010 10:52:58,42.36665,-71.10568,1.02,1055.79,16.38,3,61,3
03/18/2010 10:52:59,42.366634,-71.10567,1.05,1055.79,16.38,8,57,2
03/18/2010 10:53:00,42.366634,-71.10567,1.02,1056.56,16.38,10,55,2
03/18/2010 10:53:01,42.36662,-71.10567,1.05,1060.42,16.38,2,54,2
03/18/2010 10:53:03,42.36662,-71.105644,1.21,1060.42,16.38,3,52,2
03/18/2010 10:53:04,42.3666,-71.10561,1.05,1059.65,16.38,1,51,2
03/18/2010 10:53:05,42.3666,-71.10561,1.05,1056.56,16.38,4,49,2
03/18/2010 10:53:06,42.366585,-71.10561,0.98,1055.79,16.38,3,46,2
03/18/2010 10:53:07,42.366585,-71.10561,0.98,1056.56,16.70,2,44,2
03/18/2010 10:53:08,42.366585,-71.10561,1.02,1056.56,16.38,1,43,2
03/18/2010 10:53:09,42.366585,-71.1056,0.98,1056.56,16.70,4,41,2
03/18/2010 10:53:10,42.366554,-71.1056,0.90,1056.56,16.38,3,36,2
03/18/2010 10:53:11,42.366535,-71.1056,0.94,1057.34,16.70,4,33,2
03/18/2010 10:53:12,42.36652,-71.10558,1.09,1056.56,16.70,6,30,2
03/18/2010 10:53:14,42.366505,-71.10558,1.13,1056.56,16.70,18,28,2
03/18/2010 10:53:15,42.366505,-71.10557,1.25,1058.11,16.70,18,25,1
03/18/2010 10:53:16,42.366478,-71.10555,1.09,1056.56,16.70,12,23,2
03/18/2010 10:53:17,42.366463,-71.10555,0.74,1056.56,16.70,17,21,1
03/18/2010 10:53:18,42.366463,-71.10554,0.90,1056.56,16.70,21,19,2
03/18/2010 10:53:19,42.366447,-71.105515,0.82,1056.56,16.70,7,18,2
03/18/2010 10:53:20,42.366447,-71.105515,0.78,1057.34,16.70,5,16,2
03/18/2010 10:53:21,42.366432,-71.1055,1.05,1068.00,16.70,5,15,1
03/18/2010 10:53:22,42.366413,-71.1055,1.02,1056.56,16.70,10,13,0
03/18/2010 10:53:23,42.366398,-71.105484,0.98,1045.52,16.70,13,13,0
03/18/2010 10:53:24,42.366398,-71.105484,1.02,1056.56,16.70,14,12,2
03/18/2010 10:53:26,42.366383,-71.10547,1.68,1058.11,16.70,7,12,2
03/18/2010 10:53:27,42.366383,-71.10545,0.62,1057.34,16.70,5,11,2
03/18/2010 10:53:28,42.366367,-71.10545,1.13,1056.56,16.70,6,10,2
03/18/2010 10:53:29,42.36635,-71.10544,1.37,1055.79,16.70,12,10,3
03/18/2010 10:53:30,42.36635,-71.10542,1.09,1050.30,16.70,8,9,2
03/18/2010 10:53:31,42.366333,-71.10542,1.02,1055.01,16.70,20,9,2
03/18/2010 10:53:32,42.366333,-71.1054,1.25,1054.23,16.70,5,9,2
03/18/2010 10:53:33,42.366318,-71.1054,0.98,1055.79,16.70,2,9,2
03/18/2010 10:53:34,42.3663,-71.1054,1.17,1056.56,16.70,1,10,2
03/18/2010 10:53:35,42.3663,-71.105385,1.13,1056.56,16.70,4,11,2
03/18/2010 10:53:36,42.3663,-71.10536,1.13,1055.79,16.70,7,12,2
03/18/2010 10:53:38,42.366283,-71.10535,1.13,1058.11,16.70,9,12,2
03/18/2010 10:53:39,42.366283,-71.10535,0.90,1060.42,16.70,5,12,2
03/18/2010 10:53:40,42.366283,-71.10533,0.90,1058.11,16.70,3,12,2
03/18/2010 10:53:41,42.366283,-71.10533,1.09,1055.01,16.70,6,13,2
03/18/2010 10:53:42,42.366283,-71.105316,1.02,1057.34,16.70,4,14,2
03/18/2010 10:53:43,42.366283,-71.105316,1.05,1066.50,17.02,4,14,2
03/18/2010 10:53:44,42.36627,-71.1053,1.13,1058.11,16.70,6,15,2
03/18/2010 10:53:45,42.36627,-71.10528,1.09,1065.74,17.02,7,15,2
03/18/2010 10:53:46,42.36627,-71.10526,1.09,1060.42,17.02,7,16,2
03/18/2010 10:53:47,42.36627,-71.10525,1.09,1046.32,17.02,4,17,2
03/18/2010 10:53:48,42.36627,-71.10523,1.21,910.43,16.70,4,18,2
03/18/2010 10:53:50,42.36627,-71.10522,0.94,965.16,17.02,9,18,1
03/18/2010 10:53:51,42.366253,-71.1052,0.78,983.17,17.02,7,19,2
03/18/2010 10:53:52,42.36627,-71.10519,0.90,1010.28,17.02,7,21,2
03/18/2010 10:53:53,42.366253,-71.10517,0.74,919.91,17.02,5,22,2
03/18/2010 10:53:54,42.366253,-71.10515,0.78,982.24,17.02,3,23,2
03/18/2010 10:53:55,42.36627,-71.10515,0.78,1055.79,17.02,4,24,2
03/18/2010 10:53:56,42.366253,-71.10513,0.78,1056.56,17.02,5,25,2
03/18/2010 10:53:57,42.366253,-71.10512,0.86,1055.79,17.02,6,27,2
03/18/2010 10:53:58,42.366234,-71.1051,0.78,1055.79,17.02,4,27,2
03/18/2010 10:53:59,42.366234,-71.1051,0.78,1055.79,17.02,10,27,2
03/18/2010 10:54:01,42.36622,-71.10509,0.86,1056.56,17.02,3,30,2
03/18/2010 10:54:02,42.366203,-71.10507,0.86,1056.56,17.02,4,31,2
03/18/2010 10:54:03,42.366203,-71.10507,0.86,1057.34,17.02,5,31,2
03/18/2010 10:54:04,42.366188,-71.10506,0.78,1056.56,17.02,6,32,2
03/18/2010 10:54:05,42.366188,-71.10503,0.66,1067.25,17.02,12,32,2
03/18/2010 10:54:06,42.366188,-71.10503,0.62,1056.56,17.02,5,31,2
03/18/2010 10:54:07,42.366188,-71.10501,0.86,1056.56,17.02,4,31,2
03/18/2010 10:54:08,42.36617,-71.104996,1.13,1055.79,17.02,3,31,2
03/18/2010 10:54:09,42.36617,-71.10498,1.17,831.66,17.02,8,32,2
03/18/2010 10:54:10,42.36617,-71.10498,1.25,805.09,17.02,5,32,2
03/18/2010 10:54:11,42.366154,-71.10498,1.02,806.31,17.02,4,34,2
03/18/2010 10:54:13,42.366154,-71.104965,1.13,811.20,17.02,6,34,1
03/18/2010 10:54:14,42.36613,-71.10495,1.13,646.23,17.02,6,36,2
03/18/2010 10:54:15,42.36613,-71.104935,0.94,696.98,17.02,5,36,2
03/18/2010 10:54:16,42.36611,-71.104935,0.70,751.93,17.02,8,37,2
03/18/2010 10:54:17,42.366096,-71.10491,0.70,673.31,17.02,4,38,2
03/18/2010 10:54:18,42.366096,-71.10491,0.66,677.52,17.02,2,39,2
03/18/2010 10:54:19,42.366096,-71.10491,0.74,661.99,17.02,4,40,2
03/18/2010 10:54:20,42.36608,-71.1049,0.90,641.90,17.02,5,41,2
03/18/2010 10:54:21,42.366066,-71.10488,1.02,659.14,17.02,6,43,2
03/18/2010 10:54:22,42.366066,-71.104866,1.09,634.64,17.02,6,44,2
03/18/2010 10:54:23,42.366066,-71.104866,1.13,670.49,17.02,3,44,2
03/18/2010 10:54:25,42.366047,-71.10485,0.98,653.42,17.02,6,43,2
03/18/2010 10:54:26,42.366047,-71.10485,0.90,926.16,17.02,6,43,2
03/18/2010 10:54:27,42.36603,-71.104836,0.90,1055.79,17.02,6,42,2
03/18/2010 10:54:28,42.36603,-71.10482,1.09,1059.65,17.34,6,41,2
03/18/2010 10:54:29,42.36603,-71.10482,1.05,1056.56,17.02,6,40,2
03/18/2010 10:54:30,42.366016,-71.104805,0.86,1056.56,17.02,5,40,2
03/18/2010 10:54:31,42.366,-71.10478,1.05,1055.79,17.34,8,39,2
03/18/2010 10:54:32,42.365982,-71.10477,0.90,1055.79,17.34,7,39,2
03/18/2010 10:54:33,42.365967,-71.10475,0.90,1053.44,17.34,7,39,2
03/18/2010 10:54:34,42.365967,-71.10474,0.98,627.33,17.34,5,38,2
03/18/2010 10:54:36,42.36595,-71.10472,1.09,564.20,17.02,5,38,2
03/18/2010 10:54:37,42.36595,-71.104706,1.05,605.15,17.02,4,37,2
03/18/2010 10:54:38,42.36595,-71.10466,1.05,594.66,17.34,10,37,1
03/18/2010 10:54:39,42.365932,-71.104645,1.09,579.52,17.02,14,35,2
03/18/2010 10:54:40,42.365932,-71.104645,0.74,639.00,17.34,15,33,2
03/18/2010 10:54:41,42.365917,-71.10463,0.86,605.15,17.02,8,32,2
03/18/2010 10:54:42,42.365902,-71.104614,0.78,567.28,17.02,5,30,2
03/18/2010 10:54:43,42.365902,-71.1046,0.78,542.45,17.02,14,30,2
03/18/2010 10:54:44,42.365917,-71.10457,0.74,489.78,17.02,5,31,2
03/18/2010 10:54:45,42.365917,-71.104546,0.86,637.55,17.02,13,31,2
03/18/2010 10:54:46,42.365917,-71.10453,0.70,478.36,17.02,7,32,2
03/18/2010 10:54:48,42.365917,-71.104515,0.74,357.51,17.02,5,32,2
03/18/2010 10:54:49,42.365917,-71.1045,0.82,446.91,17.02,8,33,2
03/18/2010 10:54:50,42.365917,-71.1045,0.78,450.25,17.02,42,34,2
03/18/2010 10:54:51,42.365917,-71.104485,0.74,520.35,17.02,37,34,2
03/18/2010 10:54:52,42.365902,-71.104485,0.78,425.02,17.02,3,34,2
03/18/2010 10:54:53,42.365902,-71.10447,0.82,401.10,17.02,39,36,2
03/18/2010 10:54:54,42.365902,-71.104454,0.74,548.70,17.02,30,39,2
03/18/2010 10:54:55,42.365868,-71.10444,0.82,517.16,17.02,30,41,2
03/18/2010 10:54:56,42.365852,-71.10444,0.86,463.54,16.70,12,43,2
03/18/2010 10:54:57,42.365837,-71.104416,0.78,512.37,16.70,26,43,2
03/18/2010 10:54:59,42.36582,-71.104416,0.74,497.89,16.70,22,44,2
03/18/2010 10:55:00,42.365803,-71.104416,0.74,520.35,16.70,30,44,2
03/18/2010 10:55:01,42.365765,-71.104416,0.90,507.56,16.70,42,45,2
03/18/2010 10:55:02,42.365746,-71.1044,0.74,582.56,16.70,44,46,2
03/18/2010 10:55:03,42.365746,-71.1044,0.74,702.47,16.38,13,46,2
03/18/2010 10:55:04,42.36578,-71.10437,0.82,1051.87,16.70,28,47,2
03/18/2010 10:55:05,42.36578,-71.104355,0.86,1058.88,16.38,26,47,2
03/18/2010 10:55:06,42.365803,-71.10433,1.13,1056.56,16.38,37,48,2
03/18/2010 10:55:07,42.36582,-71.10428,0.94,1055.01,16.38,16,48,2
03/18/2010 10:55:08,42.36582,-71.10426,1.21,1055.79,16.38,6,49,2
03/18/2010 10:55:09,42.36582,-71.10425,1.09,1058.11,16.38,5,50,2
03/18/2010 10:55:11,42.365803,-71.10423,1.17,1055.79,16.38,7,51,2
03/18/2010 10:55:12,42.36578,-71.10422,1.13,1055.79,16.38,7,51,2
03/18/2010 10:55:13,42.365765,-71.10422,1.02,1058.88,16.38,11,53,1
03/18/2010 10:55:14,42.365746,-71.10422,0.94,1054.23,16.38,21,55,2
03/18/2010 10:55:15,42.36573,-71.1042,0.74,1060.42,16.38,7,56,2
03/18/2010 10:55:16,42.365715,-71.10418,0.78,1064.99,16.38,7,57,2
03/18/2010 10:55:17,42.3657,-71.104164,1.09,1063.47,16.38,8,58,1
03/18/2010 10:55:18,42.365665,-71.10415,0.78,1058.11,16.70,14,60,2
03/18/2010 10:55:19,42.365616,-71.10413,0.82,1054.23,16.38,6,65,2
03/18/2010 10:55:20,42.3656,-71.10413,0.86,1055.01,16.38,16,70,2
03/18/2010 10:55:21,42.365566,-71.10413,0.78,1055.01,16.38,29,75,2
03/18/2010 10:55:23,42.36555,-71.10415,1.02,1062.71,16.38,11,77,1
03/18/2010 10:55:24,42.36552,-71.104164,0.78,1057.34,16.70,15,77,2
03/18/2010 10:55:25,42.365486,-71.104164,0.70,1052.66,16.38,8,77,2
03/18/2010 10:55:26,42.365486,-71.104164,0.74,1050.30,16.38,20,75,2
03/18/2010 10:55:27,42.365486,-71.10415,0.62,1049.51,16.38,17,73,2
03/18/2010 10:55:28,42.3655,-71.10415,0.74,1052.66,16.38,14,70,2
03/18/2010 10:55:29,42.36552,-71.10415,1.02,1049.51,16.38,18,66,3
03/18/2010 10:55:30,42.36555,-71.10413,1.21,1053.44,16.38,12,63,1
03/18/2010 10:55:31,42.3656,-71.1041,1.17,1057.34,16.38,9,55,2
03/18/2010 10:55:32,42.3656,-71.1041,1.29,1054.23,16.38,9,54,3
03/18/2010 10:55:33,42.365616,-71.10409,1.09,1056.56,16.38,5,53,1
03/18/2010 10:55:35,42.365635,-71.10407,0.90,1055.01,16.38,19,50,1
03/18/2010 10:55:36,42.365635,-71.10407,0.74,1061.95,16.38,15,48,0
03/18/2010 10:55:37,42.36565,-71.10405,1.05,1069.49,16.70,15,47,2
03/18/2010 10:55:38,42.36565,-71.10405,1.02,1060.42,16.70,17,45,1
03/18/2010 10:55:39,42.36565,-71.104034,1.09,1058.11,16.70,23,43,1
03/18/2010 10:55:40,42.36565,-71.104034,0.86,1057.34,16.38,13,42,1
03/18/2010 10:55:41,42.36565,-71.10402,0.90,1055.79,16.38,33,40,0
03/18/2010 10:55:42,42.36565,-71.104004,0.94,1055.01,16.38,23,39,0
03/18/2010 10:55:43,42.36565,-71.10398,0.90,1055.79,16.70,18,33,0
03/18/2010 10:55:44,42.36565,-71.103966,0.90,1060.42,16.70,14,29,0
03/18/2010 10:55:45,42.36565,-71.10395,0.90,1058.11,16.70,18,28,0
03/18/2010 10:55:47,42.36565,-71.10393,0.90,1059.65,16.70,20,26,0
03/18/2010 10:55:48,42.365635,-71.10391,0.90,1057.34,16.70,12,24,0
03/18/2010 10:55:49,42.365635,-71.1039,0.90,1057.34,16.38,11,23,0
03/18/2010 10:55:50,42.365635,-71.10388,0.90,1058.11,16.70,13,20,0
03/18/2010 10:55:51,42.365635,-71.10385,0.90,1059.65,16.70,9,17,0
03/18/2010 10:55:52,42.365616,-71.10381,0.90,1063.47,16.70,10,14,0
03/18/2010 10:55:53,42.365616,-71.1038,0.90,1062.71,16.70,12,11,0
03/18/2010 10:55:54,42.365616,-71.1038,0.90,1063.47,16.70,22,10,0
03/18/2010 10:55:55,42.365635,-71.10381,0.90,1064.23,16.70,11,8,0
03/18/2010 10:55:56,42.365635,-71.1038,0.90,1063.47,16.70,13,6,0
03/18/2010 10:55:58,42.365635,-71.1038,0.94,1064.23,16.70,12,6,0
03/18/2010 10:55:59,42.365635,-71.1038,0.90,1064.23,16.70,24,5,0
03/18/2010 10:56:00,42.365635,-71.10378,0.90,1064.23,16.70,34,3,0
03/18/2010 10:56:01,42.365616,-71.10378,0.86,1055.79,16.70,23,2,0
03/18/2010 10:56:02,42.365616,-71.10377,0.70,1059.65,16.70,17,3,0
03/18/2010 10:56:03,42.365616,-71.10375,0.98,1059.65,16.70,14,2,2
03/18/2010 10:56:04,42.365616,-71.10378,1.09,1057.34,16.70,12,5,2
03/18/2010 10:56:05,42.365616,-71.10378,1.13,1057.34,16.70,10,6,2
03/18/2010 10:56:06,42.365616,-71.1038,1.02,1057.34,16.70,6,5,2
03/18/2010 10:56:07,42.365616,-71.10381,1.13,1056.56,16.70,8,6,2
03/18/2010 10:56:08,42.365616,-71.10381,1.25,1055.79,16.70,7,8,2
03/18/2010 10:56:10,42.365616,-71.10381,0.98,1055.79,16.70,14,10,2
03/18/2010 10:56:11,42.365616,-71.10381,1.02,1022.38,16.70,8,11,2
03/18/2010 10:56:12,42.3656,-71.10381,1.05,1038.24,16.70,14,11,1
03/18/2010 10:56:13,42.3656,-71.1038,0.90,1056.56,16.70,12,12,1
03/18/2010 10:56:14,42.3656,-71.1038,1.17,1056.56,16.70,8,12,2
03/18/2010 10:56:15,42.3656,-71.1038,0.94,1056.56,16.70,9,13,2
03/18/2010 10:56:16,42.365585,-71.1038,1.13,1061.19,16.70,12,14,2
03/18/2010 10:56:17,42.365585,-71.1038,1.02,1062.71,16.70,6,15,2
03/18/2010 10:56:18,42.365566,-71.1038,1.17,1056.56,16.70,9,15,2
03/18/2010 10:56:19,42.365566,-71.1038,1.25,1060.42,16.70,19,16,2
03/18/2010 10:56:20,42.365566,-71.1038,1.13,1057.34,16.70,10,16,2
03/18/2010 10:56:22,42.36555,-71.1038,0.90,1055.79,16.70,20,17,2
03/18/2010 10:56:23,42.36555,-71.10378,0.90,1056.56,16.70,11,18,2
03/18/2010 10:56:24,42.365536,-71.10378,0.90,1057.34,16.70,10,20,2
03/18/2010 10:56:25,42.36552,-71.1038,1.02,1056.56,16.70,14,22,1
03/18/2010 10:56:26,42.36552,-71.1038,0.74,1056.56,17.02,7,22,2
03/18/2010 10:56:27,42.3655,-71.10381,0.94,1059.65,16.70,6,24,0
03/18/2010 10:56:28,42.365486,-71.10381,0.86,1054.23,17.02,20,25,1
03/18/2010 10:56:29,42.36547,-71.103836,0.86,1053.44,17.02,21,27,0
03/18/2010 10:56:30,42.36547,-71.10385,0.90,1056.56,16.70,35,27,0
