time,latitude,longitude,acceleration,light,temperature,sound,altitude
04/12/2010 12:40:29,42.129265,-71.04262,1.02,1075.40,28.95,2,77
04/12/2010 12:40:31,42.129265,-71.04262,1.02,1065.74,28.62,1,77
04/12/2010 12:40:32,42.129265,-71.04262,1.02,1082.62,28.95,0,77
04/12/2010 12:40:33,42.12925,-71.04262,0.98,1081.91,28.95,0,77
04/12/2010 12:40:34,42.129265,-71.0426,0.98,1081.19,28.62,0,77
04/12/2010 12:40:35,42.129265,-71.0426,1.02,1082.62,28.95,0,77
04/12/2010 12:40:37,42.129265,-71.0426,1.02,1082.62,28.62,15,77
04/12/2010 12:40:38,42.129265,-71.0426,1.02,1082.62,28.62,0,77
04/12/2010 12:40:39,42.129265,-71.0426,0.98,1082.62,28.95,0,76
04/12/2010 12:40:40,42.12928,-71.0426,0.98,1082.62,28.95,0,75
04/12/2010 12:40:41,42.12928,-71.0426,0.98,1082.62,28.95,0,75
04/12/2010 12:40:43,42.12928,-71.0426,0.98,1082.62,29.27,0,75
04/12/2010 12:40:44,42.12928,-71.0426,0.98,1082.62,29.27,0,75
04/12/2010 12:40:45,42.129295,-71.0426,0.98,1082.62,29.27,0,75
04/12/2010 12:40:46,42.129295,-71.0426,0.98,1082.62,29.27,0,75
04/12/2010 12:40:47,42.129295,-71.0426,0.98,1082.62,29.27,0,75
04/12/2010 12:40:49,42.129295,-71.0426,0.98,1082.62,29.27,0,74
04/12/2010 12:40:50,42.129295,-71.0426,0.98,1082.62,29.59,0,73
04/12/2010 12:40:51,42.129295,-71.0426,0.94,1082.62,29.27,0,72
04/12/2010 12:40:52,42.12928,-71.0426,0.98,1082.62,29.59,0,71
04/12/2010 12:40:53,42.12928,-71.0426,0.98,1082.62,29.59,0,70
04/12/2010 12:40:54,42.12928,-71.0426,0.98,1082.62,29.59,0,70
04/12/2010 12:40:56,42.12928,-71.0426,0.98,1082.62,29.59,2,70
04/12/2010 12:40:57,42.129295,-71.0426,1.02,1082.62,29.91,0,71
04/12/2010 12:40:58,42.12933,-71.0426,0.98,1082.62,29.91,0,73
04/12/2010 12:40:59,42.12933,-71.04262,0.98,1082.62,29.91,0,74
04/12/2010 12:41:01,42.12933,-71.04262,0.98,1082.62,29.91,0,75
04/12/2010 12:41:02,42.12933,-71.04262,0.98,1083.33,29.91,0,75
04/12/2010 12:41:03,42.129353,-71.04262,0.94,1082.62,29.91,0,76
04/12/2010 12:41:04,42.12933,-71.04262,1.02,1078.31,30.23,0,76
04/12/2010 12:41:05,42.12933,-71.04262,1.02,1078.31,30.23,0,76
04/12/2010 12:41:07,42.12933,-71.04263,1.02,1078.31,30.23,0,77
04/12/2010 12:41:08,42.12933,-71.04263,1.02,1078.31,30.23,0,77
04/12/2010 12:41:09,42.12933,-71.04263,1.02,1083.33,30.23,0,77
04/12/2010 12:41:10,42.12933,-71.04263,1.02,1084.04,30.23,0,78
04/12/2010 12:41:11,42.12933,-71.04263,1.02,1084.04,30.23,0,78
04/12/2010 12:41:13,42.12933,-71.04262,1.02,1084.04,30.23,0,78
04/12/2010 12:41:14,42.12933,-71.04262,1.05,1084.04,30.23,0,78
04/12/2010 12:41:15,42.12933,-71.04262,1.02,1084.04,30.23,0,77
04/12/2010 12:41:16,42.12933,-71.0426,1.05,1084.04,30.56,0,75
04/12/2010 12:41:17,42.129314,-71.04259,1.02,1084.04,30.56,0,72
04/12/2010 12:41:19,42.129314,-71.04259,1.02,1084.04,30.56,0,72
04/12/2010 12:41:20,42.129314,-71.04259,1.02,1084.04,30.23,0,71
04/12/2010 12:41:21,42.129314,-71.04259,1.05,1084.04,30.56,0,71
04/12/2010 12:41:22,42.129314,-71.0426,1.05,1084.04,30.56,0,71
04/12/2010 12:41:23,42.12933,-71.0426,1.05,1084.04,30.56,0,72
04/12/2010 12:41:25,42.12933,-71.0426,1.02,1084.04,30.88,0,71
04/12/2010 12:41:26,42.12933,-71.0426,1.05,1084.04,30.88,0,71
04/12/2010 12:41:27,42.12933,-71.0426,1.02,1084.75,30.88,0,71
04/12/2010 12:41:28,42.12933,-71.04262,1.02,1084.75,30.88,1,71
04/12/2010 12:41:29,42.12933,-71.04262,1.05,1084.75,31.20,0,71
04/12/2010 12:41:31,42.12933,-71.04262,1.05,1084.75,31.20,0,71
04/12/2010 12:41:32,42.12933,-71.04262,1.02,1084.75,31.20,0,71
04/12/2010 12:41:33,42.12933,-71.04262,1.05,1084.75,31.20,0,71
04/12/2010 12:41:34,42.12933,-71.04262,1.02,1084.75,31.52,0,71
04/12/2010 12:41:35,42.12933,-71.04262,1.02,1084.75,31.52,0,72
04/12/2010 12:41:37,42.12933,-71.04262,1.05,1084.75,31.52,0,72
04/12/2010 12:41:38,42.12933,-71.04262,1.05,1084.75,31.52,0,72
04/12/2010 12:41:39,42.12933,-71.04262,1.05,1084.75,31.85,0,73
04/12/2010 12:41:40,42.12933,-71.04262,1.05,1084.75,31.85,0,73
04/12/2010 12:41:41,42.12933,-71.04262,1.05,1084.75,31.85,0,73
04/12/2010 12:41:43,42.12933,-71.04262,1.02,1084.75,31.85,0,73
04/12/2010 12:41:44,42.12933,-71.04262,1.05,1084.75,32.17,0,73
04/12/2010 12:41:45,42.12933,-71.04262,1.02,1084.75,31.85,0,73
04/12/2010 12:41:46,42.12933,-71.04262,1.05,1084.75,32.17,0,73
04/12/2010 12:41:47,42.12933,-71.04262,1.05,1084.75,32.17,0,72
04/12/2010 12:41:49,42.12933,-71.04262,1.05,1084.75,32.17,0,72
04/12/2010 12:41:50,42.12933,-71.04262,1.05,1084.75,32.17,0,72
04/12/2010 12:41:51,42.12933,-71.04262,1.05,1084.75,32.49,0,72
04/12/2010 12:41:52,42.12933,-71.04262,1.05,1084.75,32.49,0,71
04/12/2010 12:41:53,42.129314,-71.04262,1.02,1085.46,32.49,0,71
04/12/2010 12:41:55,42.129314,-71.04262,1.05,1085.46,32.49,0,71
04/12/2010 12:41:56,42.129314,-71.04262,1.05,1085.46,32.81,0,70
04/12/2010 12:41:57,42.129314,-71.04262,1.02,1085.46,32.81,0,70
04/12/2010 12:41:58,42.129314,-71.04262,1.05,1085.46,32.81,0,70
04/12/2010 12:41:59,42.129314,-71.04262,1.02,1085.46,32.81,0,69
04/12/2010 12:42:00,42.129314,-71.04262,1.05,1085.46,33.13,0,69
04/12/2010 12:42:02,42.129314,-71.04262,1.05,1085.46,33.13,0,69
04/12/2010 12:42:03,42.129314,-71.04262,1.05,1085.46,33.13,0,69
04/12/2010 12:42:04,42.129314,-71.04262,1.05,1085.46,33.13,0,69
04/12/2010 12:42:05,42.129295,-71.04262,1.05,1085.46,33.13,0,70
04/12/2010 12:42:06,42.129295,-71.04262,1.05,1085.46,33.13,0,69
04/12/2010 12:42:08,42.129295,-71.04262,1.05,1085.46,33.13,0,69
04/12/2010 12:42:09,42.129295,-71.04262,1.05,1085.46,33.13,0,69
04/12/2010 12:42:10,42.129295,-71.04262,1.05,1085.46,33.46,0,69
04/12/2010 12:42:11,42.129295,-71.04262,1.05,1085.46,33.46,0,69
04/12/2010 12:42:12,42.129295,-71.04262,1.05,1085.46,33.46,0,69
04/12/2010 12:42:14,42.129295,-71.04262,1.05,1085.46,33.46,0,69
04/12/2010 12:42:15,42.129295,-71.04262,1.05,1085.46,33.46,0,69
04/12/2010 12:42:16,42.129295,-71.04262,1.05,1085.46,33.78,0,69
04/12/2010 12:42:17,42.129295,-71.04262,1.05,1085.46,33.78,0,69
04/12/2010 12:42:18,42.129295,-71.04262,1.05,1085.46,33.78,0,69
04/12/2010 12:42:20,42.129295,-71.04262,1.05,1085.46,33.78,0,69
04/12/2010 12:42:21,42.129295,-71.04262,1.05,1085.46,33.78,0,69
04/12/2010 12:42:22,42.129295,-71.04262,1.02,1085.46,33.78,0,69
04/12/2010 12:42:23,42.129295,-71.04262,1.05,1085.46,34.10,0,69
04/12/2010 12:42:25,42.129295,-71.04262,1.05,1085.46,34.10,0,69
04/12/2010 12:42:26,42.129295,-71.04262,1.05,1085.46,34.10,0,69
04/12/2010 12:42:27,42.129295,-71.04262,1.05,1085.46,34.10,0,68
04/12/2010 12:42:28,42.129295,-71.04262,1.05,1085.46,34.10,0,68
04/12/2010 12:42:29,42.129295,-71.04262,1.05,1085.46,34.42,0,68
04/12/2010 12:42:31,42.129295,-71.04262,1.05,1085.46,34.42,0,68
04/12/2010 12:42:32,42.129295,-71.04262,1.05,1086.16,34.42,0,68
04/12/2010 12:42:33,42.129295,-71.04262,1.05,1085.46,34.42,0,68
04/12/2010 12:42:34,42.129295,-71.04262,1.05,1086.16,34.42,0,69
04/12/2010 12:42:35,42.129295,-71.04262,1.05,1086.16,34.42,0,69
04/12/2010 12:42:37,42.129295,-71.04262,1.05,1086.16,34.42,0,69
04/12/2010 12:42:38,42.129295,-71.04262,1.05,1086.16,34.75,0,69
04/12/2010 12:42:39,42.129295,-71.04262,1.05,1086.16,34.75,0,69
04/12/2010 12:42:40,42.129295,-71.04262,1.05,1086.16,34.75,0,69
04/12/2010 12:42:41,42.129295,-71.04262,1.02,1086.16,34.75,0,69
04/12/2010 12:42:43,42.129295,-71.04262,1.05,1086.16,34.75,0,69
04/12/2010 12:42:44,42.129295,-71.04262,1.05,1086.16,34.75,0,69
04/12/2010 12:42:45,42.129295,-71.04262,1.05,1086.16,34.75,0,69
04/12/2010 12:42:46,42.129295,-71.04262,1.05,1086.16,34.75,0,68
04/12/2010 12:42:47,42.129295,-71.04262,1.02,1085.46,34.75,0,68
04/12/2010 12:42:49,42.129295,-71.04262,1.05,1085.46,34.75,0,67
04/12/2010 12:42:50,42.129295,-71.04263,1.05,1086.16,34.75,0,68
04/12/2010 12:42:51,42.12928,-71.04263,1.02,1086.16,34.75,0,69
04/12/2010 12:42:52,42.12928,-71.04263,1.02,1086.16,34.75,0,69
04/12/2010 12:42:53,42.12928,-71.04263,1.05,1086.16,34.75,0,69
04/12/2010 12:42:55,42.12928,-71.04263,1.05,1086.16,34.75,0,70
04/12/2010 12:42:56,42.12928,-71.04263,1.05,1086.16,35.07,0,71
04/12/2010 12:42:57,42.12928,-71.04263,1.05,1086.16,35.07,0,72
04/12/2010 12:42:58,42.12928,-71.04262,1.05,1086.16,35.07,0,74
04/12/2010 12:42:59,42.12928,-71.04262,1.05,1086.16,35.39,0,76
04/12/2010 12:43:01,42.12928,-71.04262,1.05,1086.16,35.39,0,77
04/12/2010 12:43:02,42.12928,-71.04262,1.05,1086.16,35.39,0,78
04/12/2010 12:43:03,42.12928,-71.04262,1.05,1086.16,35.39,0,79
04/12/2010 12:43:04,42.12928,-71.04262,1.05,1086.16,35.39,0,79
04/12/2010 12:43:05,42.12928,-71.04262,1.05,1086.16,35.39,0,81
04/12/2010 12:43:07,42.12928,-71.0426,1.05,1086.16,35.39,0,82
04/12/2010 12:43:08,42.12928,-71.0426,1.05,1086.16,35.39,0,83
04/12/2010 12:43:09,42.12928,-71.0426,1.02,1086.16,35.39,0,83
04/12/2010 12:43:10,42.12928,-71.0426,1.05,1086.16,35.39,0,83
04/12/2010 12:43:11,42.12928,-71.04262,1.02,1086.16,35.71,0,84
04/12/2010 12:43:12,42.129265,-71.04262,1.05,1086.16,35.39,0,85
04/12/2010 12:43:14,42.129265,-71.04262,1.05,1086.16,35.71,0,86
04/12/2010 12:43:15,42.129265,-71.04262,1.02,1086.16,35.71,0,87
04/12/2010 12:43:16,42.12925,-71.04262,1.05,1086.16,35.39,0,89
04/12/2010 12:43:17,42.12925,-71.04262,1.05,1086.16,35.71,0,90
04/12/2010 12:43:18,42.12925,-71.04263,1.05,1086.16,35.71,0,91
04/12/2010 12:43:20,42.12925,-71.04263,1.02,1086.16,35.71,0,91
04/12/2010 12:43:21,42.12925,-71.04263,1.05,1086.16,35.71,0,93
04/12/2010 12:43:22,42.12925,-71.04263,1.05,1086.16,35.71,0,95
04/12/2010 12:43:23,42.12925,-71.04263,1.05,1086.16,35.71,0,95
04/12/2010 12:43:25,42.12925,-71.04263,1.05,1086.16,35.71,0,97
04/12/2010 12:43:26,42.12925,-71.04262,1.05,1086.16,35.71,0,97
04/12/2010 12:43:27,42.12925,-71.04262,1.05,1086.16,36.04,0,98
04/12/2010 12:43:28,42.12925,-71.04262,1.05,1086.16,36.04,0,99
04/12/2010 12:43:29,42.12925,-71.04262,1.05,1086.16,36.04,0,98
04/12/2010 12:43:31,42.12925,-71.04263,1.05,1086.16,36.04,0,97
04/12/2010 12:43:32,42.129265,-71.04263,1.05,1086.16,36.04,0,96
04/12/2010 12:43:33,42.129265,-71.04263,1.05,1086.16,36.04,0,94
04/12/2010 12:43:34,42.129265,-71.04263,1.02,1086.16,36.04,0,93
04/12/2010 12:43:35,42.129265,-71.04263,1.02,1086.16,36.04,0,93
04/12/2010 12:43:36,42.129265,-71.04263,1.05,1086.16,36.04,0,93
04/12/2010 12:43:38,42.129265,-71.04263,1.05,1086.16,36.04,0,92
04/12/2010 12:43:39,42.129265,-71.04263,1.05,1086.16,36.36,0,92
04/12/2010 12:43:40,42.12928,-71.04262,1.02,1086.16,36.36,0,91
04/12/2010 12:43:41,42.12928,-71.04262,1.05,1086.87,36.36,0,90
04/12/2010 12:43:43,42.12928,-71.04262,1.05,1086.87,36.36,0,90
04/12/2010 12:43:44,42.12928,-71.04262,1.02,1086.87,36.36,0,90
04/12/2010 12:43:45,42.12928,-71.04262,1.05,1086.87,36.36,0,91
04/12/2010 12:43:46,42.12928,-71.04262,1.05,1086.87,36.68,0,90
04/12/2010 12:43:47,42.12928,-71.04262,1.05,1086.87,36.68,0,90
04/12/2010 12:43:49,42.12928,-71.04262,1.05,1086.87,36.68,0,90
04/12/2010 12:43:50,42.12928,-71.04262,1.05,1086.87,36.68,0,90
04/12/2010 12:43:51,42.12928,-71.04262,1.05,1086.87,36.68,0,90
04/12/2010 12:43:52,42.12928,-71.04262,1.05,1086.87,36.68,0,90
04/12/2010 12:43:53,42.12928,-71.04262,1.05,1086.87,36.68,0,90
04/12/2010 12:43:55,42.12928,-71.04262,1.05,1086.87,36.68,0,91
04/12/2010 12:43:56,42.12928,-71.04262,1.05,1086.87,36.68,0,92
04/12/2010 12:43:57,42.12928,-71.0426,1.05,1086.87,37.00,0,92
04/12/2010 12:43:58,42.12928,-71.0426,1.05,1086.87,37.00,0,92
04/12/2010 12:43:59,42.12928,-71.0426,1.02,1086.87,37.00,0,93
04/12/2010 12:44:01,42.12928,-71.0426,1.05,1086.16,37.00,0,94
04/12/2010 12:44:02,42.12928,-71.0426,1.02,1086.16,37.00,0,95
04/12/2010 12:44:03,42.12928,-71.0426,1.02,1086.87,37.00,0,95
04/12/2010 12:44:04,42.12928,-71.0426,1.05,1086.16,37.00,0,94
04/12/2010 12:44:05,42.12928,-71.0426,1.05,1086.87,37.00,0,95
04/12/2010 12:44:07,42.129265,-71.0426,1.05,1086.87,37.00,0,96
04/12/2010 12:44:08,42.129265,-71.0426,1.05,1086.87,37.00,0,97
04/12/2010 12:44:09,42.129265,-71.0426,1.02,1086.87,37.00,0,98
04/12/2010 12:44:10,42.129265,-71.0426,1.05,1086.87,37.00,0,100
04/12/2010 12:44:11,42.12928,-71.0426,1.05,1086.87,37.00,0,98
04/12/2010 12:44:12,42.12928,-71.0426,1.05,1086.87,37.32,0,98
04/12/2010 12:44:14,42.129265,-71.04262,1.05,1086.87,37.32,0,100
04/12/2010 12:44:15,42.129265,-71.04262,1.05,1086.87,37.32,0,102
04/12/2010 12:44:16,42.12925,-71.04263,1.05,1086.87,37.32,0,105
04/12/2010 12:44:17,42.12925,-71.04263,1.05,1086.87,37.32,0,107
04/12/2010 12:44:18,42.12925,-71.04263,1.05,1086.87,37.32,0,108
04/12/2010 12:44:20,42.12923,-71.04263,1.05,1086.87,37.65,0,110
04/12/2010 12:44:21,42.12923,-71.04263,1.05,1086.87,37.65,0,111
04/12/2010 12:44:22,42.12923,-71.04263,1.05,1086.87,37.65,0,112
04/12/2010 12:44:23,42.12925,-71.04263,1.02,1086.87,37.65,0,112
04/12/2010 12:44:25,42.12925,-71.04263,1.02,1086.87,37.65,0,112
04/12/2010 12:44:26,42.12925,-71.04263,1.05,1086.87,37.65,0,111
04/12/2010 12:44:27,42.12925,-71.04263,1.05,1086.87,37.65,0,110
04/12/2010 12:44:28,42.12925,-71.04265,1.02,1086.87,37.65,0,108
04/12/2010 12:44:29,42.12925,-71.04265,1.05,1086.87,37.65,0,106
04/12/2010 12:44:31,42.129265,-71.04265,1.05,1086.87,37.65,0,104
04/12/2010 12:44:32,42.129265,-71.04265,1.05,1086.87,37.97,0,103
04/12/2010 12:44:33,42.129265,-71.04265,1.05,1086.87,37.97,0,101
04/12/2010 12:44:34,42.129265,-71.04265,1.02,1086.87,37.97,0,100
04/12/2010 12:44:35,42.12928,-71.04265,1.05,1086.87,37.97,0,98
04/12/2010 12:44:37,42.12928,-71.04267,1.05,1086.87,37.97,0,96
04/12/2010 12:44:38,42.129295,-71.04267,1.05,1086.87,37.97,0,95
04/12/2010 12:44:39,42.129295,-71.04267,1.05,1086.87,37.97,0,94
04/12/2010 12:44:40,42.129295,-71.04265,1.05,1086.87,37.97,0,92
04/12/2010 12:44:41,42.129295,-71.04265,1.05,1086.87,37.97,0,91
04/12/2010 12:44:43,42.129295,-71.04265,1.05,1086.87,37.97,0,89
04/12/2010 12:44:44,42.129295,-71.04265,1.05,1086.87,37.97,0,88
04/12/2010 12:44:45,42.129295,-71.04267,1.05,1086.87,37.97,0,89
04/12/2010 12:44:46,42.129295,-71.04267,1.05,1086.87,37.97,0,88
04/12/2010 12:44:47,42.129295,-71.04267,1.05,1086.87,37.97,0,89
04/12/2010 12:44:49,42.12928,-71.04267,1.05,1087.57,37.97,0,90
04/12/2010 12:44:50,42.12928,-71.04267,1.05,1086.87,38.29,0,90
04/12/2010 12:44:51,42.12928,-71.04267,1.05,1086.87,38.29,0,91
04/12/2010 12:44:52,42.12928,-71.04267,1.05,1086.87,38.29,0,89
04/12/2010 12:44:53,42.129295,-71.04267,1.05,1086.87,38.29,0,87
04/12/2010 12:44:55,42.129295,-71.04269,1.05,1087.57,38.29,0,86
04/12/2010 12:44:56,42.129295,-71.04269,1.05,1087.57,38.29,0,85
04/12/2010 12:44:57,42.129295,-71.04269,1.05,1086.87,38.29,0,84
04/12/2010 12:44:58,42.129295,-71.04267,1.05,1086.87,38.29,0,84
04/12/2010 12:44:59,42.129295,-71.04267,1.05,1087.57,38.61,0,83
04/12/2010 12:45:01,42.129314,-71.04267,1.05,1086.87,38.29,0,83
04/12/2010 12:45:02,42.129314,-71.04267,1.02,1086.87,38.29,0,83
04/12/2010 12:45:03,42.129314,-71.04267,1.05,1086.87,38.29,0,84
04/12/2010 12:45:04,42.129314,-71.04267,1.05,1086.87,38.29,0,81
04/12/2010 12:45:05,42.129314,-71.04267,1.05,1087.57,38.29,0,79
04/12/2010 12:45:07,42.129314,-71.04267,1.05,1086.87,38.29,0,78
04/12/2010 12:45:08,42.129314,-71.04267,1.02,1087.57,38.29,0,77
04/12/2010 12:45:09,42.129314,-71.04267,1.05,1087.57,38.29,0,77
04/12/2010 12:45:10,42.12933,-71.04267,1.05,1087.57,38.29,0,74
04/12/2010 12:45:11,42.12933,-71.04267,1.05,1087.57,38.29,1,73
04/12/2010 12:45:13,42.12933,-71.04267,1.05,1087.57,38.61,0,72
04/12/2010 12:45:14,42.12933,-71.04267,1.05,1086.87,38.29,0,71
04/12/2010 12:45:15,42.12933,-71.04267,1.05,1086.87,38.29,0,70
04/12/2010 12:45:16,42.12933,-71.04267,1.05,1086.87,38.29,0,69
04/12/2010 12:45:17,42.12933,-71.04267,1.05,1086.87,38.29,0,68
04/12/2010 12:45:19,42.12933,-71.04267,1.05,1087.57,38.29,0,68
04/12/2010 12:45:20,42.12933,-71.04269,1.05,1086.87,38.29,0,67
04/12/2010 12:45:21,42.12933,-71.04267,1.05,1087.57,38.61,0,66
04/12/2010 12:45:22,42.129353,-71.04267,1.05,1087.57,38.61,0,65
04/12/2010 12:45:23,42.129353,-71.04267,1.05,1087.57,38.61,0,64
04/12/2010 12:45:25,42.129353,-71.04267,1.05,1087.57,38.61,0,64
04/12/2010 12:45:26,42.129353,-71.04267,1.05,1087.57,38.61,0,63
04/12/2010 12:45:27,42.129353,-71.04267,1.05,1087.57,38.61,0,62
04/12/2010 12:45:28,42.129353,-71.04267,1.05,1087.57,38.61,0,61
04/12/2010 12:45:29,42.129353,-71.04267,1.05,1087.57,38.61,0,61
04/12/2010 12:45:31,42.129353,-71.04267,1.05,1087.57,38.61,0,61
04/12/2010 12:45:32,42.12933,-71.04267,1.05,1087.57,38.61,0,60
04/12/2010 12:45:33,42.12933,-71.04267,1.05,1087.57,38.61,0,60
04/12/2010 12:45:34,42.12933,-71.04267,1.05,1087.57,38.61,0,61
04/12/2010 12:45:35,42.12933,-71.04267,1.05,1087.57,38.94,0,61
04/12/2010 12:45:37,42.12933,-71.04267,1.05,1087.57,38.61,0,62
04/12/2010 12:45:38,42.12933,-71.04267,1.05,1087.57,38.61,0,62
04/12/2010 12:45:39,42.12933,-71.04267,1.05,1087.57,38.61,0,62
04/12/2010 12:45:40,42.12933,-71.04265,1.05,1087.57,38.61,0,62
04/12/2010 12:45:41,42.12933,-71.04265,1.05,1087.57,38.61,0,62
04/12/2010 12:45:43,42.129314,-71.04265,1.05,1087.57,38.94,0,63
04/12/2010 12:45:44,42.129314,-71.04265,1.05,1087.57,38.61,0,63
04/12/2010 12:45:45,42.129314,-71.04265,1.05,1087.57,38.94,0,63
04/12/2010 12:45:46,42.129314,-71.04265,1.05,1087.57,38.94,0,64
04/12/2010 12:45:48,42.129314,-71.04265,1.05,1087.57,38.94,0,64
04/12/2010 12:45:49,42.129314,-71.04265,1.05,1087.57,38.94,0,64
04/12/2010 12:45:50,42.129314,-71.04265,1.05,1087.57,38.94,0,64
04/12/2010 12:45:51,42.129314,-71.04265,1.05,1087.57,38.94,0,64
04/12/2010 12:45:52,42.12933,-71.04265,1.05,1087.57,38.94,0,65
04/12/2010 12:45:54,42.12933,-71.04265,1.05,1087.57,38.94,0,66
04/12/2010 12:45:55,42.12933,-71.04265,1.05,1087.57,38.94,0,66
04/12/2010 12:45:56,42.12933,-71.04265,1.05,1087.57,38.94,0,67
04/12/2010 12:45:57,42.12933,-71.04263,1.02,1087.57,38.94,0,68
04/12/2010 12:45:58,42.12933,-71.04263,1.05,1087.57,38.94,0,69
04/12/2010 12:46:00,42.12933,-71.04263,1.05,1087.57,38.94,0,69
04/12/2010 12:46:01,42.12933,-71.04263,1.05,1087.57,39.26,0,69
04/12/2010 12:46:02,42.12933,-71.04263,1.05,1087.57,39.26,0,70
04/12/2010 12:46:03,42.12933,-71.04263,1.05,1087.57,38.94,0,70
04/12/2010 12:46:04,42.129353,-71.04263,1.05,1086.87,38.94,0,72
04/12/2010 12:46:05,42.129353,-71.04263,1.05,1087.57,38.94,0,72
04/12/2010 12:46:07,42.129353,-71.04263,1.05,1087.57,38.94,0,72
04/12/2010 12:46:08,42.129353,-71.04263,1.05,1087.57,39.26,0,73
04/12/2010 12:46:09,42.129353,-71.04263,1.05,1087.57,39.26,0,73
04/12/2010 12:46:10,42.129353,-71.04263,1.05,1087.57,39.26,0,74
04/12/2010 12:46:11,42.129353,-71.04263,1.05,1087.57,39.26,0,74
04/12/2010 12:46:13,42.129353,-71.04263,1.05,1087.57,39.26,0,74
04/12/2010 12:46:14,42.129353,-71.04263,1.05,1087.57,39.26,0,74
04/12/2010 12:46:15,42.129353,-71.04263,1.05,1087.57,39.26,0,74
04/12/2010 12:46:16,42.12933,-71.04263,1.05,1087.57,39.26,0,74
04/12/2010 12:46:17,42.12933,-71.04263,1.05,1087.57,39.26,0,74
04/12/2010 12:46:19,42.12933,-71.04263,1.05,1087.57,39.58,0,73
04/12/2010 12:46:20,42.12933,-71.04263,1.05,1087.57,39.58,0,73
04/12/2010 12:46:21,42.129314,-71.04263,1.05,1087.57,39.58,0,73
04/12/2010 12:46:22,42.129314,-71.04263,1.05,1087.57,39.58,0,73
04/12/2010 12:46:23,42.129314,-71.04263,1.05,1087.57,39.58,0,72
04/12/2010 12:46:25,42.129314,-71.04263,1.05,1087.57,39.58,1,72
04/12/2010 12:46:26,42.129314,-71.04263,1.05,1087.57,39.58,0,72
04/12/2010 12:46:27,42.129314,-71.04263,1.05,1087.57,39.58,0,72
04/12/2010 12:46:28,42.129314,-71.04263,1.02,1087.57,39.58,0,72
04/12/2010 12:46:30,42.129314,-71.04263,1.05,1087.57,39.58,0,71
04/12/2010 12:46:31,42.129314,-71.04263,1.05,1087.57,39.58,0,71
04/12/2010 12:46:32,42.129295,-71.04263,1.05,1087.57,39.90,0,71
04/12/2010 12:46:33,42.129295,-71.04263,1.05,1087.57,39.58,0,69
04/12/2010 12:46:34,42.12928,-71.04263,1.05,1087.57,39.90,0,69
04/12/2010 12:46:35,42.12928,-71.04263,1.05,1087.57,39.90,0,68
04/12/2010 12:46:37,42.12928,-71.04263,1.05,1087.57,39.90,0,68
04/12/2010 12:46:38,42.12928,-71.04263,1.02,1087.57,39.90,0,67
04/12/2010 12:46:39,42.129265,-71.04263,1.05,1087.57,39.90,0,67
04/12/2010 12:46:40,42.129265,-71.04263,1.05,1087.57,39.90,0,65
04/12/2010 12:46:41,42.12925,-71.04263,1.05,1087.57,39.90,0,65
04/12/2010 12:46:43,42.12925,-71.04263,1.05,1087.57,39.90,0,64
04/12/2010 12:46:44,42.12925,-71.04263,1.05,1087.57,39.90,0,63
04/12/2010 12:46:45,42.12925,-71.04263,1.05,1087.57,39.90,0,63
04/12/2010 12:46:46,42.12925,-71.04263,1.05,1087.57,39.90,0,63
04/12/2010 12:46:47,42.12925,-71.04263,1.05,1087.57,39.90,0,63
04/12/2010 12:46:49,42.12925,-71.04263,1.05,1087.57,39.90,0,62
04/12/2010 12:46:50,42.12925,-71.04263,1.05,1087.57,39.90,0,63
04/12/2010 12:46:51,42.12925,-71.04263,1.02,1087.57,39.90,0,62
04/12/2010 12:46:52,42.12925,-71.04263,1.02,1087.57,39.90,0,62
04/12/2010 12:46:53,42.12925,-71.04263,1.02,1087.57,39.90,0,62
04/12/2010 12:46:55,42.12925,-71.04263,1.05,1087.57,39.90,0,62
04/12/2010 12:46:56,42.12925,-71.04263,1.05,1087.57,39.90,0,63
04/12/2010 12:46:57,42.129265,-71.04263,1.05,1087.57,39.90,0,63
04/12/2010 12:46:58,42.129265,-71.04263,1.05,1087.57,39.90,0,63
04/12/2010 12:46:59,42.129265,-71.04263,1.05,1087.57,39.90,0,64
04/12/2010 12:47:01,42.129265,-71.04263,1.05,1087.57,39.90,0,64
04/12/2010 12:47:02,42.129265,-71.04263,1.02,1087.57,39.90,0,65
04/12/2010 12:47:03,42.129265,-71.04263,1.02,1087.57,40.22,0,65
04/12/2010 12:47:04,42.129265,-71.04263,1.05,1087.57,39.90,0,65
04/12/2010 12:47:05,42.129265,-71.04263,1.05,1087.57,40.22,0,65
04/12/2010 12:47:07,42.129265,-71.04263,1.05,1087.57,40.22,0,65
04/12/2010 12:47:08,42.129265,-71.04263,1.05,1087.57,40.22,0,65
04/12/2010 12:47:09,42.129265,-71.04263,1.05,1087.57,40.22,0,65
04/12/2010 12:47:10,42.12925,-71.04263,1.05,1087.57,40.22,0,65
04/12/2010 12:47:12,42.12925,-71.04263,1.05,1087.57,40.22,0,65
04/12/2010 12:47:13,42.12925,-71.04263,1.05,1087.57,40.22,0,65
04/12/2010 12:47:14,42.129265,-71.04263,1.05,1087.57,40.22,0,65
04/12/2010 12:47:15,42.129265,-71.04263,1.05,1087.57,40.22,0,65
04/12/2010 12:47:16,42.129265,-71.04263,1.05,1087.57,40.22,0,66
04/12/2010 12:47:17,42.129265,-71.04263,1.05,1087.57,40.22,0,66
04/12/2010 12:47:19,42.129265,-71.04263,1.05,1088.27,40.22,0,67
04/12/2010 12:47:20,42.129265,-71.04263,1.05,1088.27,40.22,0,68
04/12/2010 12:47:21,42.12928,-71.04263,1.05,1087.57,40.22,0,70
04/12/2010 12:47:22,42.12928,-71.04263,1.05,1087.57,40.22,0,71
04/12/2010 12:47:23,42.12928,-71.04262,1.05,1087.57,40.22,0,71
04/12/2010 12:47:25,42.12928,-71.04262,1.05,1087.57,40.55,0,72
04/12/2010 12:47:26,42.12928,-71.04262,1.05,1087.57,40.22,0,72
04/12/2010 12:47:27,42.129295,-71.04262,1.05,1087.57,40.55,0,73
04/12/2010 12:47:28,42.129295,-71.04262,1.05,1087.57,40.55,0,74
04/12/2010 12:47:29,42.129295,-71.04262,1.05,1087.57,40.55,0,75
04/12/2010 12:47:31,42.129295,-71.04262,1.05,1087.57,40.22,0,75
04/12/2010 12:47:32,42.129295,-71.04262,1.05,1087.57,40.22,0,75
04/12/2010 12:47:33,42.129295,-71.04262,1.02,1087.57,40.55,0,74
04/12/2010 12:47:34,42.129295,-71.04262,1.05,1087.57,40.55,0,74
04/12/2010 12:47:35,42.129295,-71.04262,1.05,1087.57,40.55,0,74
04/12/2010 12:47:37,42.129295,-71.04262,1.05,1087.57,40.55,0,73
04/12/2010 12:47:38,42.129295,-71.04262,1.05,1087.57,40.55,0,73
04/12/2010 12:47:39,42.129295,-71.04262,1.05,1087.57,40.22,0,73
04/12/2010 12:47:40,42.129295,-71.04262,1.05,1087.57,40.55,0,72
04/12/2010 12:47:42,42.129295,-71.04262,1.05,1087.57,40.55,0,72
04/12/2010 12:47:43,42.129295,-71.04263,1.05,1087.57,40.55,0,70
04/12/2010 12:47:44,42.129314,-71.04263,1.05,1087.57,40.55,0,70
04/12/2010 12:47:45,42.129314,-71.04263,1.05,1087.57,40.55,0,67
04/12/2010 12:47:46,42.129314,-71.04263,1.05,1087.57,40.55,0,66
04/12/2010 12:47:47,42.129314,-71.04263,1.05,1088.27,40.55,0,65
04/12/2010 12:47:49,42.12933,-71.04263,1.05,1087.57,40.55,0,65
04/12/2010 12:47:50,42.12933,-71.04263,1.05,1087.57,40.55,0,64
04/12/2010 12:47:51,42.12933,-71.04263,1.05,1088.27,40.55,0,64
04/12/2010 12:47:52,42.12933,-71.04263,1.05,1087.57,40.55,0,63
04/12/2010 12:47:54,42.12933,-71.04263,1.05,1087.57,40.87,0,63
04/12/2010 12:47:55,42.12933,-71.04263,1.02,1088.27,40.87,0,63
04/12/2010 12:47:56,42.12933,-71.04263,1.05,1087.57,40.87,0,63
04/12/2010 12:47:57,42.12933,-71.04263,1.05,1087.57,40.87,0,63
04/12/2010 12:47:58,42.12933,-71.04263,1.05,1088.27,40.87,0,63
04/12/2010 12:47:59,42.12933,-71.04263,1.05,1088.27,40.87,0,63
04/12/2010 12:48:01,42.129353,-71.04263,1.05,1088.27,40.87,0,63
04/12/2010 12:48:02,42.129353,-71.04263,1.05,1088.27,40.87,0,64
04/12/2010 12:48:03,42.129353,-71.04263,1.05,1088.27,40.87,0,64
04/12/2010 12:48:04,42.129353,-71.04263,1.05,1088.27,40.87,0,64
04/12/2010 12:48:06,42.129353,-71.04263,1.05,1088.27,40.87,0,64
04/12/2010 12:48:07,42.129353,-71.04263,1.05,1088.27,41.19,0,65
04/12/2010 12:48:08,42.129353,-71.04263,1.05,1088.27,41.19,0,66
04/12/2010 12:48:09,42.129353,-71.04263,1.05,1088.27,41.19,0,66
04/12/2010 12:48:10,42.129353,-71.04263,1.05,1088.27,41.19,0,66
04/12/2010 12:48:12,42.129353,-71.04263,1.02,1088.27,41.19,0,67
04/12/2010 12:48:13,42.129353,-71.04263,1.05,1088.27,41.19,0,67
04/12/2010 12:48:14,42.129353,-71.04263,1.05,1088.27,41.19,0,67
04/12/2010 12:48:15,42.129353,-71.04263,1.05,1088.27,41.19,0,67
04/12/2010 12:48:16,42.129353,-71.04263,1.05,1088.27,41.19,0,68
04/12/2010 12:48:18,42.129353,-71.04263,1.05,1088.27,41.19,0,68
04/12/2010 12:48:19,42.129353,-71.04263,1.05,1088.27,41.19,0,68
04/12/2010 12:48:20,42.129353,-71.04263,1.02,1088.27,41.51,0,68
04/12/2010 12:48:21,42.129353,-71.04263,1.05,1088.27,41.51,0,68
04/12/2010 12:48:22,42.129353,-71.04263,1.05,1088.27,41.51,0,68
04/12/2010 12:48:24,42.129353,-71.04263,1.02,1088.27,41.51,0,68
04/12/2010 12:48:25,42.12937,-71.04263,1.05,1088.27,41.51,0,68
04/12/2010 12:48:26,42.12937,-71.04263,1.05,1088.27,41.51,0,69
04/12/2010 12:48:27,42.12937,-71.04263,1.05,1088.27,41.51,0,69
04/12/2010 12:48:28,42.12937,-71.04263,1.05,1088.27,41.51,0,69
04/12/2010 12:48:29,42.12937,-71.04263,1.05,1088.27,41.84,0,69
04/12/2010 12:48:31,42.12937,-71.04263,1.05,1088.27,41.84,0,69
04/12/2010 12:48:32,42.12937,-71.04263,1.05,1088.27,41.84,0,69
04/12/2010 12:48:33,42.12937,-71.04263,1.05,1088.27,41.84,0,69
04/12/2010 12:48:34,42.12937,-71.04263,1.05,1088.27,41.84,0,69
04/12/2010 12:48:35,42.12937,-71.04263,1.05,1088.27,41.84,0,69
04/12/2010 12:48:37,42.12937,-71.04263,1.05,1088.27,41.84,0,69
04/12/2010 12:48:38,42.12937,-71.04263,1.05,1088.27,41.84,0,69
04/12/2010 12:48:39,42.12937,-71.04263,1.05,1088.27,42.16,0,69
04/12/2010 12:48:40,42.12937,-71.04263,1.05,1088.27,42.16,0,69
04/12/2010 12:48:42,42.12937,-71.04263,1.05,1088.27,42.16,0,69
04/12/2010 12:48:43,42.12937,-71.04263,1.05,1088.27,42.16,0,69
04/12/2010 12:48:44,42.12937,-71.04263,1.05,1088.27,42.16,0,69
04/12/2010 12:48:45,42.12937,-71.04263,1.05,1088.27,42.16,0,69
04/12/2010 12:48:46,42.12937,-71.04263,1.05,1088.27,42.16,0,70
04/12/2010 12:48:48,42.12937,-71.04263,1.05,1088.27,42.16,0,70
04/12/2010 12:48:49,42.12937,-71.04263,1.05,1088.27,42.16,0,70
04/12/2010 12:48:50,42.12937,-71.04263,1.05,1088.27,42.16,0,70
04/12/2010 12:48:51,42.12937,-71.04263,1.05,1088.27,42.16,0,70
04/12/2010 12:48:52,42.12937,-71.04263,1.05,1088.27,42.16,0,70
04/12/2010 12:48:54,42.12937,-71.04263,1.05,1088.27,42.48,0,70
04/12/2010 12:48:55,42.12937,-71.04263,1.05,1088.27,42.48,0,70
04/12/2010 12:48:56,42.12937,-71.04263,1.05,1088.27,42.16,0,71
04/12/2010 12:48:57,42.12937,-71.04263,1.05,1088.27,42.48,0,71
04/12/2010 12:48:58,42.12937,-71.04263,1.05,1088.96,42.48,0,71
04/12/2010 12:49:00,42.12937,-71.04263,1.05,1088.96,42.48,0,71
04/12/2010 12:49:01,42.12937,-71.04263,1.05,1088.96,42.48,0,71
04/12/2010 12:49:02,42.12937,-71.04263,1.05,1088.27,42.48,0,71
04/12/2010 12:49:03,42.12937,-71.04263,1.05,1088.96,42.48,0,71
04/12/2010 12:49:04,42.12937,-71.04263,1.05,1088.27,42.48,0,71
04/12/2010 12:49:06,42.12937,-71.04263,1.05,1088.96,42.48,0,71
04/12/2010 12:49:07,42.12937,-71.04263,1.02,1088.96,42.48,0,71
04/12/2010 12:49:08,42.12937,-71.04263,1.02,1088.96,42.48,0,71
04/12/2010 12:49:09,42.12937,-71.04263,1.05,1088.96,42.48,0,72
04/12/2010 12:49:10,42.12937,-71.04263,1.02,1088.27,42.48,0,72
04/12/2010 12:49:11,42.12937,-71.04263,1.05,1088.96,42.48,0,72
04/12/2010 12:49:13,42.12937,-71.04263,1.05,1088.27,42.48,0,72
04/12/2010 12:49:14,42.12937,-71.04263,1.05,1088.96,42.48,0,72
04/12/2010 12:49:15,42.12937,-71.04263,1.05,1088.96,42.80,0,72
04/12/2010 12:49:16,42.12937,-71.04263,1.05,1088.96,42.48,0,73
04/12/2010 12:49:17,42.12937,-71.04263,1.05,1088.96,42.80,0,72
04/12/2010 12:49:19,42.12937,-71.04263,1.05,1088.96,42.80,0,73
04/12/2010 12:49:20,42.12937,-71.04263,1.05,1088.27,42.80,0,73
04/12/2010 12:49:21,42.12937,-71.04263,1.05,1088.96,42.80,0,73
04/12/2010 12:49:22,42.12937,-71.04263,1.05,1088.27,42.80,0,73
04/12/2010 12:49:23,42.12937,-71.04263,1.02,1088.96,42.80,0,73
04/12/2010 12:49:25,42.12937,-71.04263,1.05,1088.96,42.80,0,73
04/12/2010 12:49:26,42.12937,-71.04262,1.05,1088.27,42.80,0,73
04/12/2010 12:49:27,42.12937,-71.04262,1.05,1088.27,42.80,0,73
04/12/2010 12:49:28,42.12937,-71.04262,1.05,1088.96,42.80,0,74
04/12/2010 12:49:29,42.12937,-71.04262,1.05,1088.96,42.80,0,74
04/12/2010 12:49:31,42.12937,-71.04262,1.05,1088.96,42.80,0,74
04/12/2010 12:49:32,42.12937,-71.04262,1.05,1088.96,42.80,0,74
04/12/2010 12:49:33,42.12937,-71.04262,1.05,1088.96,42.80,0,74
04/12/2010 12:49:34,42.12937,-71.04262,1.05,1088.96,42.80,0,74
04/12/2010 12:49:35,42.12937,-71.04262,1.02,1088.96,42.80,0,74
04/12/2010 12:49:37,42.129353,-71.04262,1.05,1088.27,42.80,0,74
04/12/2010 12:49:38,42.129353,-71.04262,1.05,1088.27,42.80,0,74
04/12/2010 12:49:39,42.129353,-71.04262,1.02,1088.27,42.80,0,74
04/12/2010 12:49:40,42.129353,-71.04262,1.05,1088.96,42.80,0,74
04/12/2010 12:49:41,42.129353,-71.04262,1.02,1088.27,42.80,0,74
04/12/2010 12:49:43,42.129353,-71.04262,1.05,1088.96,42.80,0,74
04/12/2010 12:49:44,42.129353,-71.04262,1.05,1088.96,42.80,0,74
04/12/2010 12:49:45,42.129353,-71.04262,1.02,1088.96,42.80,0,74
04/12/2010 12:49:46,42.129353,-71.04262,1.02,1088.96,42.80,0,75
04/12/2010 12:49:47,42.129353,-71.04262,1.05,1088.96,42.80,0,75
04/12/2010 12:49:49,42.129353,-71.04262,1.05,1088.96,42.80,0,76
04/12/2010 12:49:50,42.129353,-71.04262,1.05,1088.96,42.80,0,77
04/12/2010 12:49:51,42.129353,-71.04262,1.05,1088.27,42.80,0,77
04/12/2010 12:49:52,42.12933,-71.04262,1.05,1088.96,42.80,0,78
04/12/2010 12:49:54,42.12933,-71.04262,1.05,1088.27,42.80,0,79
04/12/2010 12:49:55,42.12933,-71.04262,1.05,1088.27,42.80,0,79
04/12/2010 12:49:56,42.12933,-71.04262,1.02,1088.96,42.80,2,79
04/12/2010 12:49:57,42.12933,-71.04262,1.02,1088.27,42.80,0,80
04/12/2010 12:49:58,42.12933,-71.04262,1.13,1078.31,42.48,0,80
04/12/2010 12:49:59,42.12933,-71.04262,1.05,1070.24,41.84,3,80
04/14/2010 09:38:07,,,1.02,220.00,20.89,0, 
04/14/2010 09:38:08,,,1.02,223.80,20.89,0, 
04/14/2010 09:38:09,,,1.02,220.00,20.89,0, 
04/14/2010 09:38:10,,,0.98,223.80,20.89,1, 
04/14/2010 09:38:12,,,1.02,223.80,20.89,0, 
04/14/2010 09:38:13,,,1.02,223.80,20.89,0, 
04/14/2010 09:38:14,,,1.02,223.80,20.89,0, 
04/14/2010 09:38:15,,,1.02,223.80,20.89,0, 
04/14/2010 09:38:16,,,1.02,220.00,20.89,0, 
04/14/2010 09:38:18,,,1.02,181.62,20.89,0, 
04/14/2010 09:38:19,,,1.09,156.29,20.89,0, 
04/14/2010 09:38:20,,,0.98,146.46,20.89,0, 
04/14/2010 09:38:21,,,0.98,116.72,20.89,0, 
04/14/2010 09:38:22,,,0.98,210.47,21.21,0, 
04/14/2010 09:38:24,,,1.02,206.65,20.89,0, 
04/14/2010 09:38:25,,,1.02,208.56,20.89,0, 
04/14/2010 09:38:26,,,0.98,210.47,20.89,0, 
04/14/2010 09:38:27,,,1.02,210.47,20.89,0, 
04/14/2010 09:38:28,,,1.02,214.29,21.21,0, 
04/14/2010 09:38:30,,,1.02,210.47,20.89,0, 
04/14/2010 09:38:31,,,0.98,216.19,21.21,0, 
04/14/2010 09:38:32,,,1.02,210.47,21.21,0, 
04/14/2010 09:38:33,,,1.02,214.29,21.21,0, 
04/14/2010 09:38:34,,,0.98,208.56,20.89,0, 
04/14/2010 09:38:35,,,0.98,214.29,21.21,0, 
04/14/2010 09:38:37,,,1.05,195.13,21.21,3, 
04/14/2010 09:38:38,,,1.02,175.80,21.21,0, 
04/14/2010 09:38:39,,,1.05,287.27,21.21,0, 
04/14/2010 09:38:40,,,1.37,156.29,21.21,0, 
04/14/2010 09:38:41,,,0.98,140.55,21.21,0, 
04/14/2010 09:38:43,,,1.33,175.80,21.21,0, 
04/14/2010 09:38:44,,,1.09,225.69,21.21,0, 
04/14/2010 09:38:45,,,1.02,171.91,21.21,0, 
04/14/2010 09:38:46,,,1.02,175.80,21.21,0, 
04/14/2010 09:38:47,,,0.98,39.56,21.21,0, 
04/14/2010 09:38:49,,,1.02,33.35,21.21,0, 
04/14/2010 09:38:50,,,1.02,35.42,21.21,0, 
04/14/2010 09:38:51,,,1.02,37.49,21.21,0, 
04/14/2010 09:38:52,,,0.90,394.20,21.21,0, 
04/14/2010 09:38:53,,,0.94,942.49,21.21,0, 
04/14/2010 09:38:55,,,1.02,1053.44,21.21,0, 
04/14/2010 09:38:56,,,1.05,1057.34,21.21,0, 
04/14/2010 09:38:57,,,0.94,1055.01,20.89,0, 
04/14/2010 09:38:58,,,1.41,1055.79,20.89,0, 
04/14/2010 09:38:59,,,0.90,1058.11,20.89,0, 
04/14/2010 09:39:01,,,1.09,1061.19,20.89,0, 
04/14/2010 09:39:02,,,1.09,1061.95,20.89,0, 
04/14/2010 09:39:03,,,1.02,1073.20,20.57,0, 
04/14/2010 09:39:04,,,0.78,1075.40,20.57,0, 
04/14/2010 09:39:05,,,0.70,1076.13,20.89,0, 
04/14/2010 09:39:07,,,1.05,1076.13,20.89,0, 
04/14/2010 09:39:08,,,1.21,1064.99,20.89,0, 
04/14/2010 09:39:09,,,1.25,1066.50,20.57,0, 
04/14/2010 09:39:10,,,1.25,1064.99,20.57,0, 
04/14/2010 09:39:11,,,1.13,1065.74,20.57,0, 
04/14/2010 09:39:13,,,1.05,1065.74,20.57,0, 
04/14/2010 09:39:14,,,1.05,1069.49,20.57,0, 
04/14/2010 09:39:15,,,0.98,1073.93,20.57,0, 
04/14/2010 09:39:16,,,0.94,1073.93,20.57,0, 
04/14/2010 09:39:17,,,0.94,1073.20,20.57,0, 
04/14/2010 09:39:19,,,0.94,1072.46,20.24,1, 
04/14/2010 09:39:20,,,0.98,1068.75,20.24,0, 
04/14/2010 09:39:21,,,0.94,1068.75,20.24,0, 
04/14/2010 09:39:22,,,0.94,1070.98,20.24,0, 
04/14/2010 09:39:23,42.12945,-71.04286,0.90,1070.24,19.92,0,49
04/14/2010 09:39:24,42.129436,-71.042816,0.98,1069.49,19.92,0,63
04/14/2010 09:39:26,42.129417,-71.04283,0.94,1070.24,19.92,0,56
04/14/2010 09:39:27,42.129417,-71.04283,0.98,1065.74,19.92,0,53
04/14/2010 09:39:28,42.129402,-71.042816,1.02,1074.67,20.24,0,57
04/14/2010 09:39:29,42.129387,-71.04285,1.02,1076.86,20.24,0,53
04/14/2010 09:39:30,42.12937,-71.04285,0.98,1076.13,20.24,0,55
04/14/2010 09:39:32,42.12937,-71.04283,0.98,1076.86,20.57,0,57
04/14/2010 09:39:33,42.129353,-71.042816,0.98,1076.86,20.57,0,59
04/14/2010 09:39:34,42.129353,-71.0428,0.90,1077.58,20.57,0,60
04/14/2010 09:39:35,42.129353,-71.04278,0.82,1078.31,20.57,0,61
04/14/2010 09:39:36,42.129353,-71.04276,1.60,1074.67,20.89,0,62
04/14/2010 09:39:38,42.129353,-71.04276,1.45,1064.99,20.57,12,61
04/14/2010 09:39:39,42.129353,-71.04276,0.90,1070.24,20.57,12,62
04/14/2010 09:39:40,42.129353,-71.04275,1.17,1073.20,20.57,9,62
04/14/2010 09:39:41,42.12937,-71.04273,0.86,1061.95,20.57,0,64
04/14/2010 09:39:42,42.129387,-71.04273,1.13,1058.88,20.24,0,65
04/14/2010 09:39:44,42.129387,-71.04272,1.05,1055.01,20.24,0,67
04/14/2010 09:39:45,42.129387,-71.04272,1.25,1053.44,19.92,0,70
04/14/2010 09:39:46,42.129387,-71.04272,0.90,1055.79,19.92,10,72
04/14/2010 09:39:47,42.12937,-71.0427,0.98,1055.79,19.92,0,73
04/14/2010 09:39:48,42.129353,-71.04269,1.05,924.08,19.92,10,74
04/14/2010 09:39:50,42.129353,-71.04269,1.05,221.90,19.92,0,74
04/14/2010 09:39:51,,,0.90,27.13,19.92,0, 
04/14/2010 09:39:52,42.129387,-71.04267,1.02,62.16,19.92,0,71
04/14/2010 09:39:53,,,1.09,158.25,19.92,0, 
04/14/2010 09:39:54,42.129417,-71.04259,1.05,142.52,19.92,0,75
04/14/2010 09:39:56,42.12945,-71.04259,0.82,150.40,19.92,0,76
04/14/2010 09:39:57,42.129436,-71.04256,0.98,162.16,19.60,0,77
04/14/2010 09:39:58,,,0.98,140.55,19.92,0, 
04/14/2010 09:39:59,,,1.02,116.72,19.60,0, 
04/14/2010 09:40:00,,,0.94,175.80,19.92,2, 
04/14/2010 09:40:02,42.129417,-71.04256,0.98,183.56,19.60,0,77
04/14/2010 09:40:03,42.129417,-71.04257,0.98,154.33,19.60,0,76
04/14/2010 09:40:04,,,1.02,179.68,19.92,0, 
04/14/2010 09:40:05,42.129402,-71.04257,0.98,177.74,19.60,0,75
