time,latitude,longitude,acceleration,light,temperature,sound,altitude
0,,,0.98,4.19,19.28,0, 
1,,,0.94,6.29,19.28,0, 
2,,,0.98,0.00,19.28,1, 
3,,,1.41,0.00,19.28,2, 
4,,,1.52,0.00,19.28,2, 
5,,,1.76,0.00,19.28,2, 
6,,,1.13,0.00,18.96,0, 
7,,,1.02,0.00,18.96,0, 
8,,,2.27,0.00,18.96,2, 
9,,,1.60,0.00,18.96,0, 
10,,,1.33,0.00,18.63,0, 
11,,,1.21,2.10,18.63,0, 
12,,,1.09,2.10,18.63,0, 
13,,,1.05,4.19,18.63,0, 
14,,,0.98,10.47,18.63,2, 
15,,,0.98,29.21,18.63,0, 
16,,,0.98,31.28,18.63,1, 
17,,,0.94,31.28,18.31,0, 
18,,,0.94,31.28,18.31,0, 
19,,,0.98,29.21,18.31,0, 
20,,,0.98,29.21,18.31,0, 
21,,,0.98,27.13,18.31,0, 
22,,,0.94,27.13,18.31,0, 
23,,,0.98,27.13,18.31,0, 
24,,,0.98,27.13,18.31,0, 
25,,,0.94,27.13,18.31,0, 
26,,,0.98,27.13,18.31,0, 
27,,,0.98,27.13,18.31,0, 
28,,,0.98,27.13,18.31,0, 
29,,,0.94,27.13,17.99,0, 
30,,,0.98,22.98,17.99,7, 
31,,,0.90,14.65,17.99,2, 
32,,,0.90,12.56,18.31,0, 
33,,,0.94,12.56,18.31,0, 
34,,,0.94,12.56,17.99,2, 
35,,,0.94,12.56,17.99,0, 
36,,,1.05,4.19,17.99,1, 
37,,,0.98,0.00,17.99,0, 
38,,,0.94,0.00,17.99,1, 
39,,,1.02,0.00,17.99,11, 
40,,,1.17,0.00,17.99,0, 
41,,,0.94,0.00,17.99,7, 
42,,,0.98,0.00,17.67,0, 
43,,,1.09,0.00,17.67,7, 
44,,,0.98,0.00,17.67,3, 
45,,,0.98,0.00,17.67,12, 
46,,,1.17,0.00,17.67,12, 
47,,,1.09,0.00,17.67,6, 
48,,,0.94,0.00,17.67,4, 
49,,,0.94,0.00,17.34,11, 
50,,,0.90,0.00,17.34,18, 
51,,,0.82,0.00,17.34,19, 
52,,,1.02,0.00,17.34,1, 
53,,,1.29,0.00,17.34,1, 
54,,,1.05,0.00,17.02,2, 
55,,,0.98,0.00,17.02,4, 
56,,,1.02,0.00,17.02,13, 
57,,,0.94,2.10,17.02,5, 
58,,,1.02,2.10,17.02,0, 
59,,,1.45,0.00,16.70,9, 
60,,,0.90,0.00,16.70,7, 
61,44.270866,-71.30363,0.90,0.00,16.38,13,1893
62,,,1.13,4.19,16.38,1, 
63,,,2.81,114.72,16.05,11, 
64,44.270866,-71.30347,1.21,150.40,15.73,29,1929
65,44.270866,-71.30344,1.25,136.59,15.41,23,1928
66,44.27085,-71.30344,1.05,179.68,14.77,32,1923
67,44.27085,-71.3034,1.05,181.62,14.44,23,1923
68,44.27085,-71.30342,1.02,177.74,14.12,31,1920
69,44.270817,-71.30344,1.05,177.74,13.80,28,1916
70,44.2708,-71.30344,1.05,177.74,13.48,1,1912
71,44.270817,-71.30342,0.86,210.47,13.15,35,1913
72,44.270817,-71.3034,1.29,208.56,12.83,15,1914
73,44.270817,-71.30338,1.09,214.29,12.83,4,1915
74,44.270817,-71.30338,1.05,181.62,12.51,0,1916
75,44.270817,-71.30338,0.98,216.19,12.51,7,1917
76,44.270832,-71.30338,1.45,255.79,12.19,12,1920
77,44.270832,-71.30338,1.13,343.33,11.22,39,1920
78,44.270832,-71.30338,1.02,411.39,10.90,35,1921
79,44.270832,-71.30338,1.02,481.63,10.58,41,1921
80,44.27085,-71.30337,0.94,512.37,9.61,40,1920
81,44.27085,-71.30338,0.86,501.12,8.32,42,1919
82,44.270866,-71.30338,1.21,499.51,7.03,41,1919
83,44.27085,-71.3034,1.21,605.15,6.39,42,1918
84,44.27085,-71.3034,1.09,737.48,5.74,42,1918
85,44.27085,-71.3034,1.05,614.07,5.10,42,1918
86,44.270866,-71.30342,1.25,706.57,4.45,40,1918
87,44.270866,-71.30342,1.02,694.22,3.81,41,1918
88,44.270866,-71.30342,1.21,676.12,3.16,41,1919
89,44.270866,-71.30344,1.09,540.88,2.20,39,1918
90,44.270866,-71.30345,1.05,640.45,1.55,39,1917
91,44.270866,-71.30347,1.17,706.57,0.91,41,1917
92,44.270866,-71.30347,1.21,904.02,0.26,42,1917
93,44.270866,-71.30348,1.05,681.72,-0.70,41,1918
94,44.270866,-71.30347,1.29,644.79,-1.35,40,1918
95,44.270866,-71.30348,1.21,316.42,-1.67,40,1918
96,44.270866,-71.30348,0.90,216.19,-1.99,40,1918
97,44.270866,-71.30348,1.02,208.56,-2.31,40,1918
98,44.270866,-71.30348,0.98,453.59,-2.64,40,1918
99,44.270866,-71.30348,0.98,481.63,-2.96,41,1918
100,44.270866,-71.30347,0.98,493.03,-3.28,39,1918
101,44.27088,-71.30347,0.94,497.89,-3.60,41,1918
102,44.27088,-71.30347,0.98,497.89,-3.93,40,1918
103,44.27088,-71.30347,0.98,497.89,-3.93,36,1919
104,44.27088,-71.30347,0.94,497.89,-4.25,39,1919
105,44.27088,-71.30347,0.94,497.89,-4.57,40,1919
106,44.270897,-71.30347,0.94,496.27,-4.89,40,1919
107,44.270897,-71.30347,0.98,493.03,-4.89,39,1920
108,44.270897,-71.30347,0.98,491.41,-5.21,38,1920
109,44.270897,-71.30347,0.98,489.78,-5.54,39,1920
110,44.270897,-71.30347,0.98,488.16,-5.54,39,1920
111,44.270897,-71.30347,0.98,486.53,-5.86,40,1920
112,44.270897,-71.30347,0.98,484.90,-5.86,40,1920
113,44.270897,-71.30347,0.94,483.27,-5.86,40,1920
114,44.270897,-71.30347,0.98,481.63,-6.18,41,1920
115,44.270897,-71.30347,0.98,480.00,-6.18,40,1920
116,44.270897,-71.30347,0.98,478.36,-6.18,40,1921
117,44.270897,-71.30347,0.94,476.72,-6.18,39,1921
118,44.270897,-71.30347,0.98,475.08,-6.50,39,1921
119,44.270897,-71.30347,0.94,473.44,-6.50,39,1921
120,44.270897,-71.30347,0.98,471.79,-6.50,38,1921
121,44.270897,-71.30347,0.98,471.79,-6.50,39,1921
122,44.270897,-71.30347,0.98,470.15,-6.83,38,1921
123,44.270897,-71.30347,0.98,468.50,-6.83,40,1921
124,44.270897,-71.30347,0.98,466.85,-6.83,39,1921
125,44.270897,-71.30347,0.98,465.20,-6.83,40,1922
126,44.270897,-71.30347,0.98,463.54,-7.15,38,1922
127,44.270897,-71.30347,0.98,463.54,-6.83,40,1922
128,44.270897,-71.30347,0.98,461.89,-7.15,40,1922
129,44.270897,-71.30347,0.98,460.23,-7.15,40,1922
130,44.270897,-71.30347,0.98,458.57,-7.15,40,1922
131,44.270897,-71.30347,0.98,456.91,-7.15,38,1922
132,44.270897,-71.30347,0.98,455.25,-7.15,40,1922
133,44.270897,-71.30347,0.98,453.59,-7.47,40,1922
134,44.270897,-71.30347,0.98,451.92,-7.47,39,1922
135,44.270916,-71.30347,0.98,451.92,-7.47,39,1922
136,44.270916,-71.30347,0.98,450.25,-7.47,38,1922
137,44.270916,-71.30347,0.98,448.58,-7.79,39,1923
138,44.270916,-71.30347,0.98,446.91,-7.79,40,1923
139,44.270916,-71.30345,0.98,445.24,-7.79,39,1923
140,44.270916,-71.30347,0.98,443.56,-7.79,39,1922
141,44.270916,-71.30347,0.98,441.89,-7.79,40,1922
142,44.270916,-71.30347,0.98,441.89,-8.12,39,1922
143,44.270916,-71.30347,0.98,440.21,-8.12,39,1922
144,44.270916,-71.30347,0.98,438.53,-8.12,40,1922
145,44.270916,-71.30347,0.98,436.84,-8.12,40,1922
146,44.270916,-71.30347,0.98,431.79,-8.12,40,1922
147,44.270916,-71.30347,0.98,409.68,-8.12,40,1922
148,44.270916,-71.30347,0.98,389.01,-8.12,40,1922
149,44.270916,-71.30347,0.98,399.38,-8.12,37,1922
150,44.270916,-71.30347,0.98,401.10,-8.44,40,1922
151,44.270916,-71.30347,0.98,397.65,-8.44,39,1922
152,44.270916,-71.30347,0.98,395.93,-8.44,40,1922
153,44.270916,-71.30347,0.98,397.65,-8.44,39,1922
154,44.270916,-71.30347,0.98,395.93,-8.44,39,1922
155,44.270916,-71.30347,0.98,394.20,-8.12,40,1922
156,44.270916,-71.30347,0.98,392.47,-8.44,40,1921
157,44.270916,-71.30347,0.98,392.47,-8.44,39,1921
158,44.270916,-71.30347,0.98,390.74,-8.44,37,1921
159,44.270916,-71.30347,0.98,389.01,-8.44,39,1921
160,44.270916,-71.30347,0.98,389.01,-8.44,38,1921
161,44.270916,-71.30347,0.98,387.27,-8.44,39,1921
162,44.270916,-71.30347,0.98,387.27,-8.44,38,1921
163,44.270916,-71.30347,0.98,385.54,-8.44,39,1921
164,44.270916,-71.30347,0.98,385.54,-8.44,40,1921
165,44.270916,-71.30347,0.98,385.54,-8.44,39,1921
166,44.270916,-71.30347,0.98,380.32,-8.44,39,1921
167,44.270916,-71.30347,0.98,387.27,-8.44,39,1921
168,44.270916,-71.30347,0.98,389.01,-8.44,37,1921
169,44.270916,-71.30347,0.98,389.01,-8.76,40,1921
170,44.270916,-71.30347,0.98,387.27,-8.44,39,1921
171,44.270916,-71.30347,0.98,387.27,-8.76,39,1921
172,44.270916,-71.30347,0.98,385.54,-8.76,38,1921
173,44.270916,-71.30347,0.98,385.54,-8.76,38,1921
174,44.270916,-71.30347,0.98,380.32,-8.76,39,1921
175,44.270916,-71.30347,0.98,376.83,-8.76,39,1921
176,44.270916,-71.30347,0.98,373.33,-8.76,39,1921
177,44.270916,-71.30347,0.98,371.58,-8.76,39,1920
178,44.270916,-71.30347,0.98,369.83,-8.76,39,1920
179,44.270916,-71.30347,0.94,368.08,-8.76,39,1920
180,44.270916,-71.30347,0.98,366.32,-8.76,40,1920
181,44.270916,-71.30347,0.98,366.32,-8.76,40,1920
182,44.270916,-71.30347,0.98,375.08,-8.76,40,1920
183,44.270916,-71.30347,0.98,375.08,-8.76,40,1920
184,44.270916,-71.30347,0.98,373.33,-8.76,39,1920
185,44.270916,-71.30347,0.98,371.58,-8.76,40,1920
186,44.270916,-71.30348,0.98,369.83,-8.76,39,1920
187,44.270916,-71.30348,0.98,369.83,-8.76,40,1920
188,44.270916,-71.30348,0.98,368.08,-8.76,39,1920
189,44.270916,-71.30348,0.98,366.32,-8.76,40,1920
190,44.270916,-71.30348,0.98,368.08,-8.76,39,1920
191,44.270916,-71.30348,0.94,368.08,-8.76,39,1920
192,44.270916,-71.30348,0.98,366.32,-8.76,39,1920
193,44.270916,-71.30348,0.98,366.32,-8.76,39,1920
194,44.270916,-71.30348,0.98,366.32,-8.76,39,1920
195,44.270916,-71.30348,0.98,364.56,-8.76,38,1920
196,44.270916,-71.30348,0.98,364.56,-8.76,39,1920
197,44.270916,-71.30348,0.98,364.56,-8.76,40,1920
198,44.270916,-71.30348,0.98,366.32,-8.44,40,1920
199,44.270916,-71.30348,0.98,366.32,-8.76,40,1920
200,44.270916,-71.30348,0.98,366.32,-8.76,40,1920
201,44.270916,-71.30348,0.98,364.56,-8.44,40,1920
202,44.270916,-71.30348,0.98,364.56,-8.76,39,1920
203,44.270916,-71.30348,0.98,362.80,-8.76,39,1920
204,44.270916,-71.30348,0.98,362.80,-8.76,40,1920
205,44.270916,-71.30348,0.98,359.28,-8.76,40,1920
206,44.270916,-71.30348,0.98,357.51,-8.76,39,1920
207,44.270916,-71.30348,0.98,355.75,-8.76,39,1920
208,44.270916,-71.30348,0.98,361.04,-8.76,38,1920
209,44.270916,-71.30348,0.98,368.08,-8.76,39,1920
210,44.270916,-71.30348,0.98,369.83,-8.76,39,1920
211,44.270916,-71.30348,0.98,368.08,-8.76,39,1920
212,44.270916,-71.30348,0.98,366.32,-8.76,39,1920
213,44.270916,-71.30348,0.98,366.32,-8.76,40,1920
214,44.270916,-71.30348,0.98,364.56,-8.76,37,1920
215,44.270916,-71.30348,0.98,364.56,-8.76,39,1920
216,44.270916,-71.30348,0.98,362.80,-8.76,39,1920
217,44.270916,-71.30348,0.98,362.80,-8.76,37,1920
218,44.270916,-71.30348,0.98,361.04,-8.76,38,1920
219,44.270916,-71.30348,0.98,361.04,-8.76,39,1920
220,44.270916,-71.30348,0.98,359.28,-9.08,38,1920
221,44.270916,-71.30348,0.98,359.28,-9.08,40,1920
222,44.270916,-71.30348,0.98,357.51,-9.08,40,1920
223,44.270916,-71.30348,0.98,357.51,-9.08,39,1920
224,44.270916,-71.30348,0.98,355.75,-9.08,40,1920
225,44.270916,-71.30348,0.98,355.75,-9.08,39,1920
226,44.270916,-71.30348,0.98,353.98,-9.08,39,1920
227,44.270916,-71.30348,0.98,352.21,-9.08,39,1920
228,44.270916,-71.30348,0.98,352.21,-9.08,40,1919
229,44.270916,-71.30348,0.98,350.43,-9.08,39,1919
230,44.270916,-71.30348,0.98,350.43,-9.08,39,1919
231,44.270916,-71.30348,0.98,348.66,-9.08,38,1919
232,44.270916,-71.30348,0.98,348.66,-9.08,38,1919
233,44.270916,-71.30348,0.98,346.88,-9.08,38,1919
234,44.270916,-71.30348,0.98,346.88,-9.08,39,1919
235,44.270916,-71.30348,0.98,346.88,-9.08,40,1919
236,44.270916,-71.30348,0.98,346.88,-9.08,40,1919
237,44.270916,-71.30348,0.98,346.88,-9.08,39,1919
238,44.270916,-71.3035,0.98,346.88,-9.08,39,1919
239,44.270916,-71.3035,0.94,345.11,-9.08,39,1919
240,44.270916,-71.3035,0.98,345.11,-8.76,38,1919
241,44.270916,-71.3035,0.98,345.11,-8.76,39,1919
242,44.270916,-71.30348,0.98,343.33,-9.08,39,1919
243,44.270916,-71.30348,0.98,343.33,-8.76,14,1919
244,0.0,0.0,0.00,0.00,-60.00,0,0
245,0.0,0.0,0.00,0.00,-60.00,0,0
246,0.0,0.0,0.00,0.00,-60.00,0,0
247,0.0,0.0,0.00,0.00,-60.00,0,0
248,0.0,0.0,0.00,0.00,-60.00,0,0
249,0.0,0.0,0.00,0.00,-60.00,0,0
250,0.0,0.0,0.00,0.00,-60.00,0,0
251,0.0,0.0,0.00,0.00,-60.00,0,0
252,0.0,0.0,0.00,0.00,-60.00,0,0
253,0.0,0.0,0.00,0.00,-60.00,0,0
254,0.0,0.0,0.00,0.00,-60.00,0,0
255,0.0,0.0,0.00,0.00,-60.00,0,0
256,0.0,0.0,0.00,0.00,-60.00,0,0
257,0.0,0.0,0.00,0.00,-60.00,0,0
258,0.0,0.0,0.00,0.00,-60.00,0,0
259,0.0,0.0,0.00,0.00,-60.00,0,0
260,0.0,0.0,0.00,0.00,-60.00,0,0
261,0.0,0.0,0.00,0.00,-60.00,0,0
262,0.0,0.0,0.00,0.00,-60.00,0,0
263,0.0,0.0,0.00,0.00,-60.00,0,0
264,128.00896,325.20786,6.29,837.58,-60.00,0,124
265,128.009,325.20786,5.98,837.58,-60.00,0,32892
266,128.009,325.20786,5.90,837.58,-60.00,0,125
267,128.009,325.20786,6.21,837.58,-60.00,0,32893
268,128.009,325.20786,5.94,837.58,-60.00,0,128
269,128.009,325.20786,5.43,837.58,-60.00,0,32896
270,128.009,325.20786,5.78,837.58,-60.00,0,129
271,128.009,325.20786,6.05,837.58,-60.00,0,32897
272,128.009,325.20786,5.04,837.58,-60.00,0,32898
273,128.009,325.20786,9.96,478.36,203.61,97,46211
274,-326.53925,-227.98952,9.96,478.36,203.61,97,255
275,1.6225909,-230.25664,9.96,478.36,203.61,97,255
276,-326.52258,-245.85661,9.96,478.36,203.61,97,255
277,1.6392576,-245.85628,9.96,478.36,203.61,97,255
278,-326.50592,-243.5897,9.96,478.36,203.61,97,255
279,1.6559242,-248.12308,9.96,478.36,203.61,97,255
280,-326.48926,-253.32327,9.96,478.36,203.61,97,255
281,1.672591,-258.52295,9.96,478.36,203.61,97,255
282,-326.4726,-276.38983,9.96,478.36,203.61,97,255
283,1.6892576,-279.32285,9.96,478.36,203.61,97,255
284,-326.45593,-279.3231,9.96,478.36,203.61,97,255
285,-326.43927,-279.32254,9.96,478.36,203.61,97,255
286,128.009,-328.1412,5.86,837.58,-60.00,0,144
287,128.009,-328.1412,5.82,837.58,-60.00,0,32912
288,128.009,325.20786,6.29,837.58,-60.00,0,145
289,128.009,325.20786,5.98,837.58,-60.00,0,32913
290,128.009,325.20786,5.98,837.58,-60.00,0,146
291,128.009,325.20786,6.13,837.58,-60.00,0,32914
292,128.009,325.20786,6.02,837.58,-60.00,0,147
293,128.009,325.20786,5.62,476.72,-60.00,0,32915
294,44.270916,-71.3035,1.17,216.19,-8.76,34,1919
295,44.270916,-71.3035,0.90,112.72,-8.76,29,1919
296,44.270916,-71.3035,1.60,92.63,-8.76,31,1919
297,44.270916,-71.3035,2.89,98.68,-8.76,29,1919
298,44.270916,-71.30348,1.13,90.61,-8.76,39,1919
299,44.270916,-71.30347,2.11,98.68,-8.76,37,1919
300,44.270916,-71.30347,2.07,104.71,-8.76,36,1919
301,44.270916,-71.30345,1.05,102.70,-8.76,38,1919
302,44.270916,-71.3034,1.45,96.66,-8.76,34,1918
303,44.270897,-71.30338,1.48,92.63,-8.76,38,1918
304,44.270897,-71.30337,2.66,80.49,-8.76,40,1918
305,44.270897,-71.30334,1.41,88.59,-8.76,40,1918
306,44.27088,-71.30332,2.15,74.40,-8.76,37,1918
307,44.270866,-71.303276,1.91,88.59,-8.76,35,1918
308,2.5531983,-252.00928,0.27,14.65,-1.99,6,14986
309,2.5365314,-244.54257,0.12,14.65,-1.99,6,27018
310,2.5365334,-244.54262,0.12,14.65,-1.99,6,17290
311,2.5198684,-241.60924,0.12,12.56,-1.99,6,5514
312,2.5032015,-241.60928,0.12,488.16,-1.99,0,22922
313,128.00806,-325.20786,9.73,837.58,-59.36,0,32930
314,128.00803,-322.9412,0.51,837.58,-58.39,0,163
315,128.00792,-322.9412,0.59,837.58,-58.39,0,32931
316,128.00784,-325.20786,3.05,837.58,-59.36,0,164
317,128.00777,-325.20786,8.05,837.58,-58.71,0,32932
318,128.00768,-325.20786,2.15,837.58,-58.71,0,165
319,128.00763,-325.20786,0.98,837.58,-58.71,0,32933
320,128.00758,-325.20786,1.68,837.58,-58.39,0,166
321,128.00763,-325.20786,2.97,837.58,-58.71,0,32934
322,128.00768,-325.20786,6.45,837.58,-59.03,0,167
323,128.00777,-328.1412,6.87,837.58,-58.07,0,32935
324,128.0078,-328.1412,3.24,837.58,-59.36,0,32936
325,128.00784,-328.1412,7.62,837.58,-58.39,0,169
326,128.00789,-328.1412,5.39,837.58,-59.36,0,32937
327,128.00798,325.20786,3.12,837.58,-59.03,0,170
328,128.00803,325.20786,2.85,837.58,-59.03,0,32938
329,128.00806,325.20786,9.88,837.58,-59.68,0,171
330,18.574347,44.27023,6.76,974.72,174.93,13,58418
331,18.574347,8.152769,4.96,846.96,-0.70,66,54545
332,101.73504,18.652761,4.96,846.96,-0.70,67,54289
333,132.2688,18.652761,4.96,846.96,-0.70,67,54033
334,32.54185,18.652761,4.96,846.96,-0.70,67,54033
335,217.07945,18.652761,5.00,846.96,-0.70,67,53777
336,-85.74611,18.586094,5.00,846.96,-0.70,67,53777
337,204.403,18.586094,5.00,846.96,-0.70,67,53521
338,32.535465,18.652761,5.00,846.96,-0.70,67,53521
339,-306.0128,15.719427,5.00,846.96,-0.70,67,53265
340,-267.34613,18.652761,5.00,846.96,-0.70,67,53009
341,81.60852,18.652761,5.04,846.96,-0.70,67,53009
342,237.20853,18.652761,5.00,846.96,-0.70,67,53009
343,224.54185,18.652761,5.00,846.96,-0.70,67,53009
344,83.87944,18.652761,5.00,846.96,-0.70,67,53009
345,291.47946,18.652761,5.00,846.96,-0.70,67,53009
346,122.53504,18.652761,4.96,846.96,-0.70,67,53009
347,260.27094,18.652761,4.96,846.96,-0.70,67,53009
348,-270.27094,18.652761,4.92,846.96,-0.70,67,53009
349,327.20853,18.652761,4.92,846.96,-0.70,67,53009
350,-308.27094,18.652761,4.92,846.96,-0.70,67,53009
351,-282.9376,18.652761,5.00,846.96,-0.70,68,53009
352,44.27012,-71.303085,1.02,337.98,-8.76,40,1920
353,44.27012,-71.303085,1.02,337.98,-8.76,34,1920
354,44.27012,-71.303085,1.02,336.19,-8.76,36,1920
355,44.27012,-71.303085,1.05,336.19,-8.76,38,1920
356,44.27012,-71.303085,1.05,334.40,-8.76,40,1920
357,44.27012,-71.303085,1.05,334.40,-8.76,39,1920
358,44.27012,-71.303085,1.05,332.61,-8.76,38,1920
359,44.27012,-71.303085,1.05,332.61,-8.76,36,1920
360,44.27012,-71.303085,1.05,330.82,-8.76,39,1920
361,44.27012,-71.303085,1.02,330.82,-8.76,38,1920
362,44.27012,-71.303085,1.05,330.82,-8.76,40,1920
363,44.27012,-71.303085,1.02,329.03,-8.76,37,1920
364,44.27012,-71.303085,1.05,327.23,-8.76,28,1920
365,44.27012,-71.303085,1.02,327.23,-9.08,38,1920
366,44.27012,-71.303085,1.05,327.23,-8.76,39,1920
367,44.27012,-71.303085,1.05,325.43,-9.08,37,1920
368,44.27012,-71.303085,1.05,325.43,-8.76,35,1920
369,44.27012,-71.303085,1.05,323.63,-8.76,39,1920
370,44.27012,-71.303085,1.05,323.63,-9.08,33,1920
371,44.27012,-71.303085,1.05,320.03,-9.08,39,1921
372,44.27012,-71.303085,1.05,318.22,-9.08,38,1920
373,44.27012,-71.303085,1.05,316.42,-9.08,36,1920
374,44.27012,-71.303085,1.05,314.61,-9.08,39,1920
375,44.27012,-71.303085,1.05,310.99,-9.08,39,1920
376,44.27012,-71.303085,1.05,309.17,-9.08,38,1920
377,44.27012,-71.303085,1.05,309.17,-9.08,33,1920
378,44.27012,-71.303085,1.05,309.17,-9.08,39,1920
379,44.27012,-71.303085,1.05,312.80,-9.08,38,1920
380,44.27012,-71.303085,1.05,316.42,-9.08,40,1920
381,44.27012,-71.303085,1.05,316.42,-9.08,38,1920
382,44.27012,-71.303085,1.05,314.61,-9.08,38,1920
383,44.27012,-71.3031,1.02,314.61,-9.08,39,1920
384,44.27012,-71.3031,1.02,314.61,-9.08,36,1920
385,44.27012,-71.3031,1.02,312.80,-9.08,39,1920
386,44.27012,-71.3031,1.02,312.80,-9.08,40,1919
387,44.27012,-71.3031,1.05,310.99,-9.08,33,1919
388,44.27012,-71.3031,1.05,309.17,-9.08,29,1919
389,44.27012,-71.3031,1.05,307.36,-9.08,36,1920
390,44.27012,-71.3031,1.05,309.17,-9.08,38,1920
391,44.27012,-71.3031,1.05,307.36,-9.08,39,1920
392,44.27012,-71.3031,1.05,307.36,-9.08,37,1920
393,44.27012,-71.3031,1.05,307.36,-9.08,34,1920
394,44.27012,-71.3031,1.05,305.54,-9.08,39,1920
395,44.27012,-71.3031,1.05,305.54,-9.08,39,1919
396,44.27012,-71.3031,1.05,305.54,-9.08,38,1919
397,44.27012,-71.3031,1.05,303.72,-9.08,38,1919
398,44.27012,-71.3031,1.02,303.72,-9.08,37,1919
399,44.27012,-71.3031,1.05,301.90,-9.08,39,1919
400,44.27012,-71.3031,1.05,301.90,-9.08,37,1919
401,44.27012,-71.3031,1.05,301.90,-9.08,38,1919
402,44.27012,-71.3031,1.05,300.08,-9.08,39,1919
403,44.27012,-71.3031,1.05,300.08,-9.08,39,1919
404,44.27012,-71.3031,1.05,298.25,-9.08,38,1919
405,44.27012,-71.3031,1.05,298.25,-9.08,37,1919
406,44.27012,-71.3031,1.05,298.25,-9.40,39,1919
407,44.27012,-71.3031,1.05,296.43,-9.40,38,1919
408,44.27012,-71.3031,1.05,296.43,-9.40,36,1919
409,44.27012,-71.3031,1.05,296.43,-9.40,39,1919
410,44.27012,-71.3031,1.02,292.77,-9.40,39,1919
411,44.27012,-71.3031,1.05,287.27,-9.40,35,1919
412,44.27012,-71.3031,1.05,274.37,-9.40,39,1919
413,44.27012,-71.3031,1.05,278.07,-9.40,37,1919
414,44.27012,-71.3031,1.05,281.75,-9.40,37,1919
415,44.27012,-71.3031,1.05,278.07,-9.40,40,1919
416,44.27012,-71.3031,1.05,278.07,-9.40,37,1919
417,44.27012,-71.3031,1.05,278.07,-9.40,39,1918
418,44.27012,-71.3031,1.02,279.91,-9.40,40,1918
419,44.27012,-71.3031,1.05,285.43,-9.40,40,1918
420,44.27012,-71.3031,1.05,285.43,-9.40,33,1918
421,44.27012,-71.3031,1.05,285.43,-9.40,39,1918
422,44.27012,-71.3031,1.05,283.59,-9.40,36,1918
423,44.27012,-71.3031,1.05,283.59,-9.40,39,1918
424,44.27012,-71.3031,1.05,283.59,-9.40,37,1918
425,44.27012,-71.3031,1.05,283.59,-9.40,35,1919
426,44.27012,-71.3031,1.05,281.75,-9.40,39,1918
427,44.27012,-71.3031,1.05,281.75,-9.40,40,1918
428,44.27012,-71.3031,1.05,279.91,-9.40,40,1918
429,44.27012,-71.3031,1.05,279.91,-9.40,39,1918
430,44.27012,-71.3031,1.05,169.97,-9.40,35,1918
431,44.27012,-71.3031,3.16,66.25,-9.40,37,1918
432,44.27012,-71.3031,1.21,53.97,-9.40,37,1918
433,44.27012,-71.303116,1.02,45.74,-9.40,38,1918
434,44.27012,-71.303116,1.25,62.16,-9.40,35,1918
435,44.270134,-71.303116,1.37,86.57,-9.40,38,1918
436,44.27015,-71.303116,1.02,78.46,-9.40,36,1918
437,44.27015,-71.30313,0.98,96.66,-9.40,34,1918
438,44.270164,-71.30315,1.09,84.55,-9.40,37,1919
439,44.270184,-71.30315,0.78,128.66,-9.40,32,1919
440,44.270184,-71.30317,1.33,130.65,-9.40,29,1919
441,44.2702,-71.30317,1.21,130.65,-9.40,28,1919
442,44.270214,-71.30315,1.21,124.69,-9.40,38,1919
443,44.27023,-71.30317,1.33,132.63,-9.40,37,1919
444,44.27023,-71.30317,1.17,118.71,-9.40,38,1919
445,44.27025,-71.30317,1.13,100.69,-9.08,19,1919
446,44.270264,-71.303185,1.05,96.66,-9.40,35,1919
447,44.270264,-71.303185,1.05,82.52,-9.08,26,1919
448,44.27028,-71.30317,1.17,78.46,-9.40,34,1919
449,44.270298,-71.30315,1.48,78.46,-9.08,13,1919
450,44.270298,-71.30313,0.70,82.52,-9.08,13,1919
451,44.27032,-71.303116,1.09,84.55,-9.40,13,1920
452,44.270336,-71.3031,1.02,96.66,-9.40,16,1919
453,44.270336,-71.303085,0.90,100.69,-9.40,17,1919
454,44.27035,-71.30307,0.86,98.68,-9.40,16,1919
455,44.27037,-71.30307,1.37,94.65,-9.08,31,1919
456,44.27037,-71.303055,0.90,80.49,-9.08,16,1919
457,44.270386,-71.30303,1.02,78.46,-9.08,23,1920
458,44.270386,-71.30302,0.98,86.57,-9.08,17,1920
459,44.2704,-71.30302,1.25,84.55,-9.08,23,1920
460,44.27042,-71.302986,1.52,86.57,-9.08,35,1920
461,44.270435,-71.30297,1.37,82.52,-9.08,32,1920
462,44.27045,-71.30297,1.48,84.55,-9.08,26,1919
463,44.27045,-71.30295,1.41,84.55,-9.08,16,1919
464,44.270466,-71.30293,1.45,86.57,-9.08,13,1919
465,44.270485,-71.30293,1.45,116.72,-9.08,14,1919
466,44.2705,-71.30291,1.37,136.59,-9.08,15,1919
467,44.270515,-71.30293,1.37,138.57,-9.08,14,1919
468,44.270515,-71.30293,1.33,126.68,-9.08,39,1919
469,44.270515,-71.30295,1.33,156.29,-9.08,36,1919
470,44.27053,-71.30297,1.09,169.97,-9.08,37,1919
471,44.27053,-71.30297,1.48,144.49,-9.08,30,1920
472,44.27055,-71.303,1.33,162.16,-9.08,29,1919
473,44.270565,-71.30302,1.37,160.20,-9.08,34,1919
474,44.270565,-71.30303,1.29,193.21,-9.08,36,1919
475,44.27058,-71.30303,1.33,193.21,-9.08,23,1919
476,44.27058,-71.303055,1.25,191.28,-9.08,22,1920
477,44.270596,-71.30307,1.29,198.98,-8.76,35,1920
478,44.270596,-71.30307,1.41,200.90,-8.76,29,1920
479,44.270615,-71.303085,1.33,193.21,-8.76,33,1920
480,44.27063,-71.3031,1.09,146.46,-8.76,34,1920
481,44.27063,-71.303116,0.90,146.46,-8.76,16,1920
482,44.270645,-71.30313,0.94,138.57,-8.76,27,1920
483,44.270645,-71.30315,1.09,134.61,-8.76,33,1920
484,44.27067,-71.30317,1.09,114.72,-8.76,28,1920
485,44.270687,-71.30317,1.52,118.71,-8.76,28,1920
486,44.270687,-71.30317,1.21,96.66,-8.76,31,1920
487,44.270702,-71.303185,1.13,84.55,-8.76,11,1920
488,44.270702,-71.303185,1.25,144.49,-8.76,7,1920
489,44.270718,-71.303185,1.17,166.07,-8.76,6,1920
490,44.270718,-71.303185,0.94,47.80,-8.76,18,1921
491,44.270718,-71.303185,1.02,82.52,-8.76,14,1921
492,44.270718,-71.303185,0.98,41.62,-8.76,18,1921
493,44.270718,-71.303185,1.05,64.20,-8.76,10,1921
494,44.270718,-71.303185,1.02,138.57,-8.76,16,1921
495,44.270718,-71.3032,1.02,214.29,-8.76,14,1921
496,44.270718,-71.3032,1.02,223.80,-8.76,21,1921
497,44.270718,-71.3032,1.02,223.80,-8.76,6,1921
498,44.270718,-71.3032,1.02,221.90,-8.76,21,1922
499,44.270718,-71.3032,1.02,221.90,-8.76,13,1922
500,44.270718,-71.3032,1.02,221.90,-8.76,6,1922
501,44.270718,-71.3032,1.02,221.90,-8.76,16,1922
502,44.270718,-71.3032,1.02,221.90,-8.76,26,1922
503,44.270718,-71.3032,1.02,220.00,-8.76,31,1922
504,44.270718,-71.3032,1.02,220.00,-8.76,29,1922
505,44.270718,-71.3032,1.02,220.00,-8.76,4,1922
506,44.270718,-71.3032,1.02,218.10,-8.76,22,1923
507,44.270718,-71.3032,1.02,218.10,-8.76,9,1923
508,44.270718,-71.3032,1.02,218.10,-8.76,17,1923
509,44.270718,-71.3032,1.02,218.10,-8.76,20,1923
510,44.270718,-71.3032,1.02,218.10,-8.76,31,1923
511,44.270718,-71.3032,1.02,216.19,-8.76,24,1923
512,44.270718,-71.3032,1.02,216.19,-8.76,19,1923
513,44.270718,-71.3032,1.02,216.19,-8.76,26,1923
514,44.270718,-71.3032,1.02,214.29,-8.76,34,1923
515,44.270718,-71.3032,1.02,214.29,-8.76,34,1923
516,44.270718,-71.3032,1.02,214.29,-8.76,37,1923
517,44.270718,-71.3032,1.02,212.38,-8.76,4,1923
518,44.270718,-71.3032,1.02,212.38,-8.76,12,1923
519,44.270718,-71.3032,1.02,212.38,-8.76,33,1923
520,44.270718,-71.3032,1.02,210.47,-8.76,30,1923
521,44.270718,-71.3032,1.02,210.47,-8.76,18,1923
522,44.270718,-71.3032,1.02,210.47,-8.76,2,1923
523,44.270718,-71.3032,1.02,208.56,-8.76,0,1923
524,44.270718,-71.3032,1.02,208.56,-8.76,29,1923
525,44.270718,-71.3032,1.02,208.56,-8.76,19,1923
526,44.270718,-71.3032,1.02,208.56,-8.76,12,1923
527,44.270718,-71.3032,1.02,206.65,-8.76,12,1923
528,44.270718,-71.3032,1.02,206.65,-8.76,10,1923
529,44.270718,-71.3032,1.02,206.65,-9.08,30,1923
530,44.270718,-71.3032,1.02,204.73,-8.76,14,1923
531,44.270718,-71.3032,1.02,204.73,-9.08,31,1923
532,44.270718,-71.3032,1.02,204.73,-9.08,28,1923
533,44.270718,-71.3032,1.02,204.73,-9.08,29,1923
534,44.270718,-71.3032,1.02,202.82,-9.08,18,1923
535,44.270718,-71.3032,1.02,202.82,-9.08,13,1923
536,44.270718,-71.3032,1.02,202.82,-8.76,12,1923
537,44.270718,-71.3032,1.02,200.90,-8.76,17,1923
538,44.270718,-71.3032,1.02,200.90,-9.08,8,1923
539,44.270718,-71.3032,1.02,200.90,-9.08,14,1923
540,44.270718,-71.3032,1.02,200.90,-9.08,24,1923
541,44.270718,-71.3032,1.02,200.90,-9.08,28,1923
542,44.270718,-71.3032,1.02,198.98,-9.08,14,1923
543,44.270718,-71.3032,1.02,198.98,-9.08,30,1923
544,44.270718,-71.3032,1.02,197.06,-9.08,26,1922
545,44.270718,-71.3032,1.02,197.06,-9.08,0,1922
546,44.270718,-71.3032,1.02,197.06,-9.08,12,1922
547,44.270718,-71.3032,1.02,195.13,-9.08,9,1922
548,44.270718,-71.3032,1.02,195.13,-9.08,29,1922
549,44.270718,-71.3032,1.02,195.13,-9.08,2,1922
550,44.270718,-71.3032,1.02,195.13,-9.08,18,1922
551,44.270718,-71.3032,1.02,193.21,-9.08,13,1922
552,44.270718,-71.3032,1.02,193.21,-9.08,27,1922
553,44.270718,-71.3032,1.02,183.56,-9.08,4,1922
554,44.270718,-71.303185,1.02,171.91,-9.08,29,1922
555,44.270718,-71.303185,1.02,175.80,-9.08,14,1922
556,44.270718,-71.303185,1.02,179.68,-9.08,9,1922
557,44.270718,-71.303185,1.02,181.62,-9.08,26,1922
558,44.270718,-71.303185,1.02,181.62,-9.08,30,1922
559,44.270718,-71.303185,1.02,181.62,-9.08,20,1921
560,44.270718,-71.303185,1.02,181.62,-9.08,29,1921
561,44.270718,-71.303185,1.02,181.62,-9.08,28,1921
562,44.270718,-71.303185,1.02,181.62,-9.08,20,1921
563,44.270718,-71.303185,1.02,181.62,-9.08,10,1921
564,44.270718,-71.303185,1.02,179.68,-9.08,13,1921
565,44.270718,-71.303185,1.02,179.68,-9.08,15,1921
566,44.270718,-71.303185,1.02,177.74,-9.08,19,1921
567,44.270718,-71.303185,1.02,177.74,-8.76,2,1921
568,44.270718,-71.303185,1.02,177.74,-9.08,23,1921
569,44.270718,-71.303185,1.02,177.74,-9.08,22,1921
570,44.270718,-71.303185,1.02,177.74,-9.08,35,1921
571,44.270718,-71.303185,1.02,177.74,-9.08,19,1920
572,44.270718,-71.303185,1.02,175.80,-8.76,27,1920
573,44.270718,-71.303185,1.02,175.80,-8.76,25,1920
574,44.270718,-71.303185,1.02,175.80,-9.08,2,1920
575,44.270718,-71.303185,1.02,173.86,-9.08,16,1920
576,44.270718,-71.303185,1.02,173.86,-9.08,39,1920
577,44.270718,-71.303185,1.02,173.86,-9.08,22,1920
578,44.270718,-71.303185,1.02,173.86,-9.08,22,1920
579,44.270718,-71.303185,1.02,173.86,-9.08,3,1920
580,44.270718,-71.303185,1.02,171.91,-9.08,18,1920
581,44.270718,-71.303185,1.02,171.91,-9.08,39,1920
582,44.270718,-71.303185,1.02,169.97,-9.08,17,1920
583,44.270718,-71.303185,1.02,169.97,-9.08,13,1920
584,44.270718,-71.303185,1.02,169.97,-9.08,21,1920
585,44.270718,-71.303185,1.02,169.97,-9.08,36,1920
586,44.270718,-71.303185,1.02,169.97,-9.08,18,1920
587,44.270718,-71.303185,1.02,169.97,-9.08,15,1920
588,44.270718,-71.303185,1.02,168.02,-9.08,9,1920
589,44.270718,-71.303185,1.02,168.02,-9.08,8,1920
590,44.270718,-71.303185,1.02,168.02,-9.08,25,1920
591,44.270718,-71.303185,1.02,168.02,-9.08,24,1920
592,44.270718,-71.303185,1.02,164.11,-9.08,19,1920
593,44.270718,-71.303185,1.02,162.16,-9.08,23,1920
594,44.270718,-71.303185,1.02,164.11,-9.08,29,1919
595,44.270718,-71.303185,1.02,162.16,-9.08,37,1919
596,44.270718,-71.3032,1.02,162.16,-9.08,27,1919
597,44.270718,-71.3032,1.02,158.25,-9.08,16,1919
598,44.270718,-71.3032,1.02,76.43,-9.08,25,1919
599,44.270718,-71.3032,0.90,39.56,-9.08,24,1919
600,44.270718,-71.3032,0.74,29.21,-9.08,11,1919
601,44.270718,-71.3032,1.09,35.42,-9.08,16,1919
602,44.270718,-71.303185,1.05,25.06,-9.08,20,1919
603,44.270718,-71.303185,1.13,27.13,-9.08,32,1919
604,44.270718,-71.303185,1.13,41.62,-9.08,26,1919
605,44.270718,-71.303185,1.05,25.06,-9.08,17,1919
606,44.270718,-71.303185,1.09,29.21,-9.08,18,1919
607,44.270718,-71.303185,1.13,27.13,-9.08,12,1919
608,44.270718,-71.303185,1.13,20.90,-9.08,16,1919
609,44.270718,-71.303185,1.05,31.28,-9.08,33,1919
610,44.270718,-71.303185,1.09,29.21,-9.08,20,1919
611,44.270718,-71.3032,1.09,25.06,-9.08,28,1920
612,44.270718,-71.3032,1.09,29.21,-9.08,35,1920
613,44.270718,-71.3032,1.05,31.28,-9.08,21,1920
614,44.270718,-71.3032,1.05,29.21,-9.08,2,1920
615,44.270718,-71.3032,1.17,27.13,-9.08,17,1920
616,44.270718,-71.3032,1.05,37.49,-9.08,35,1920
617,44.270718,-71.3032,1.17,29.21,-9.08,17,1920
618,44.270718,-71.3032,1.09,29.21,-9.08,28,1920
619,44.270718,-71.3032,1.09,29.21,-9.08,2,1920
620,44.270718,-71.3032,1.05,25.06,-9.08,21,1920
621,44.270718,-71.3032,1.09,20.90,-9.08,15,1920
622,44.270718,-71.3032,1.09,27.13,-9.08,6,1920
623,44.270718,-71.3032,1.09,29.21,-9.08,16,1920
624,44.270718,-71.3032,1.13,29.21,-9.08,18,1920
625,44.270737,-71.3032,1.05,22.98,-9.08,7,1920
626,44.270737,-71.3032,1.13,29.21,-9.08,3,1921
627,44.270737,-71.3032,1.09,37.49,-9.08,7,1921
628,44.270737,-71.3032,1.05,25.06,-9.08,15,1921
629,44.270737,-71.3032,1.05,25.06,-9.08,30,1921
630,44.270737,-71.3032,1.09,29.21,-9.08,37,1921
631,44.270737,-71.3032,1.09,25.06,-9.08,19,1921
632,44.270737,-71.3032,0.94,31.28,-9.08,11,1922
633,44.270737,-71.3032,0.74,20.90,-9.08,6,1922
634,44.270737,-71.3032,0.86,20.90,-9.08,15,1922
635,44.270718,-71.3032,0.82,22.98,-9.08,8,1923
636,44.270718,-71.3032,0.90,20.90,-8.76,16,1923
637,44.270718,-71.3032,0.82,18.82,-9.08,29,1923
638,44.270718,-71.3032,0.82,27.13,-8.76,26,1923
639,44.270718,-71.3032,0.78,31.28,-8.76,26,1923
640,44.270718,-71.303215,0.86,29.21,-8.76,9,1923
641,44.270718,-71.303215,0.94,29.21,-8.76,2,1923
642,44.270718,-71.303215,0.98,68.29,-8.76,25,1923
643,44.270718,-71.303215,1.02,20.90,-8.76,18,1923
644,44.270718,-71.303215,1.09,10.47,-8.76,13,1923
645,44.270718,-71.303215,1.13,10.47,-8.76,4,1922
646,44.270718,-71.3032,1.17,20.90,-8.76,26,1922
647,44.270718,-71.3032,1.13,14.65,-8.76,3,1922
648,44.270718,-71.3032,1.02,18.82,-8.76,8,1922
649,44.270737,-71.3032,1.21,29.21,-8.76,5,1921
650,44.270737,-71.3032,1.09,22.98,-8.76,30,1921
651,44.270718,-71.3032,1.02,8.38,-8.76,12,1921
652,44.270718,-71.3032,0.98,14.65,-8.76,19,1921
653,44.270718,-71.3032,0.90,16.73,-8.76,28,1921
654,44.270718,-71.3032,0.98,29.21,-8.76,13,1920
655,44.270737,-71.3032,0.94,35.42,-8.44,18,1920
656,44.270737,-71.3032,1.02,22.98,-8.44,24,1921
657,44.270737,-71.3032,0.98,27.13,-8.44,27,1921
658,44.270718,-71.3032,0.98,29.21,-8.44,20,1921
659,44.270718,-71.3032,0.90,33.35,-8.44,35,1921
660,44.270718,-71.3032,0.94,33.35,-8.44,19,1921
661,44.270718,-71.3032,0.86,72.36,-8.44,33,1921
662,44.270718,-71.3032,0.98,102.70,-8.44,31,1921
663,44.270718,-71.3032,0.90,90.61,-8.44,28,1921
664,44.270718,-71.3032,0.98,94.65,-8.44,38,1921
665,44.270718,-71.3032,1.13,78.46,-8.44,38,1921
666,44.270718,-71.3032,1.09,62.16,-8.44,21,1921
667,44.270718,-71.3032,0.98,68.29,-8.44,17,1921
668,44.270718,-71.3032,0.90,58.07,-8.44,10,1921
669,44.270718,-71.3032,1.05,110.72,-8.44,27,1921
670,44.270702,-71.3032,1.02,66.25,-8.44,16,1921
671,44.270702,-71.3032,0.98,41.62,-8.44,33,1921
672,44.270702,-71.3032,1.02,45.74,-8.44,7,1920
673,44.270702,-71.3032,0.94,82.52,-8.44,8,1920
674,44.270702,-71.3032,0.98,92.63,-8.44,15,1920
675,44.270702,-71.3032,1.02,138.57,-8.44,7,1920
676,44.270702,-71.3032,1.09,122.70,-8.44,4,1920
677,44.270702,-71.3032,0.98,62.16,-8.44,9,1920
678,44.270702,-71.3032,1.05,60.11,-8.44,14,1920
679,44.270718,-71.3032,1.13,74.40,-8.44,31,1920
680,44.270718,-71.3032,0.90,72.36,-8.44,24,1920
681,44.270718,-71.3032,1.21,53.97,-8.44,29,1920
682,44.270718,-71.303215,1.02,118.71,-8.44,18,1920
683,44.270718,-71.303215,1.02,128.66,-8.44,33,1919
684,44.270718,-71.303215,1.02,128.66,-8.44,28,1919
685,44.270718,-71.303215,0.98,126.68,-8.44,13,1919
686,44.270718,-71.303215,1.02,126.68,-8.44,10,1919
687,44.270718,-71.303215,1.02,126.68,-8.44,16,1919
688,44.270718,-71.303215,1.02,126.68,-8.44,37,1919
689,44.270718,-71.303215,1.02,126.68,-8.44,5,1919
690,44.270718,-71.303215,1.02,126.68,-8.44,16,1919
691,44.270718,-71.303215,1.02,126.68,-8.44,25,1919
692,44.270718,-71.303215,1.02,124.69,-8.44,36,1919
693,44.270718,-71.303215,1.02,124.69,-8.44,36,1919
694,44.270718,-71.303215,1.02,124.69,-8.44,16,1919
695,44.270718,-71.303215,1.02,124.69,-8.44,27,1919
696,44.270718,-71.303215,0.98,124.69,-8.44,15,1919
697,44.270718,-71.303215,1.02,124.69,-8.44,0,1919
698,44.270718,-71.303215,1.02,124.69,-8.44,1,1918
699,44.270718,-71.303215,1.02,124.69,-8.44,15,1918
700,44.270718,-71.303215,1.02,122.70,-8.44,31,1918
701,44.270718,-71.303215,1.02,122.70,-8.44,3,1918
702,44.270718,-71.303215,1.02,122.70,-8.44,19,1918
703,44.270718,-71.303215,1.02,120.71,-8.44,38,1918
704,44.270718,-71.303215,1.02,120.71,-8.44,22,1918
705,44.270718,-71.303215,1.02,122.70,-8.44,4,1918
706,44.270718,-71.303215,1.02,120.71,-8.44,0,1918
707,44.270718,-71.303215,1.02,120.71,-8.44,18,1918
708,44.270718,-71.303215,1.02,120.71,-8.44,20,1918
709,44.270718,-71.303215,1.02,120.71,-8.44,20,1918
710,44.270718,-71.303215,1.02,120.71,-8.44,12,1918
711,44.270718,-71.303215,0.98,118.71,-8.76,8,1918
712,44.270718,-71.303215,1.02,118.71,-8.44,21,1918
713,44.270718,-71.303215,0.98,118.71,-8.44,19,1918
714,44.270718,-71.303215,1.02,120.71,-8.76,9,1918
715,44.270718,-71.303215,0.98,120.71,-8.76,8,1918
716,44.270718,-71.303215,1.02,118.71,-8.44,20,1918
717,44.270718,-71.303215,0.98,118.71,-8.76,19,1918
718,44.270718,-71.303215,1.02,118.71,-8.76,24,1917
719,44.270718,-71.303215,0.98,118.71,-8.76,19,1917
720,44.270718,-71.303215,1.02,116.72,-8.76,39,1917
721,44.270718,-71.303215,1.02,116.72,-8.76,36,1917
722,44.270718,-71.303215,1.02,116.72,-8.76,13,1917
723,44.270718,-71.303215,1.02,114.72,-8.76,5,1918
724,44.270718,-71.303215,0.98,112.72,-8.76,22,1918
725,44.270718,-71.303215,1.02,112.72,-8.76,18,1918
726,44.270718,-71.303215,1.02,112.72,-8.76,18,1918
727,44.270718,-71.303215,1.02,112.72,-8.76,18,1918
728,44.270718,-71.303215,1.02,110.72,-8.76,5,1917
729,44.270718,-71.303215,1.02,110.72,-8.76,4,1917
730,44.270718,-71.303215,0.98,110.72,-8.76,20,1917
731,44.270718,-71.303215,1.02,110.72,-8.76,6,1917
732,44.270718,-71.303215,1.02,110.72,-8.76,4,1917
733,44.270718,-71.303215,1.02,110.72,-8.76,10,1917
734,44.270718,-71.303215,1.02,110.72,-8.76,21,1918
735,44.270718,-71.303215,1.02,108.72,-8.76,29,1918
736,44.270718,-71.303215,1.02,110.72,-8.76,20,1917
737,44.270718,-71.303215,1.02,108.72,-8.76,14,1917
738,44.270718,-71.303215,0.98,108.72,-8.76,16,1917
739,44.270718,-71.303215,1.02,108.72,-8.76,29,1917
740,44.270718,-71.303215,0.98,108.72,-8.76,17,1917
741,44.270718,-71.303215,1.02,108.72,-8.76,18,1917
742,44.270718,-71.303215,1.02,110.72,-8.76,2,1917
743,44.270718,-71.303215,1.02,108.72,-8.76,1,1918
744,44.270718,-71.303215,1.02,108.72,-8.76,16,1918
745,44.270718,-71.303215,0.98,108.72,-8.76,5,1918
746,44.270718,-71.303215,1.02,108.72,-9.08,3,1918
747,44.270718,-71.303215,0.98,108.72,-9.08,23,1918
748,44.270718,-71.303215,1.02,106.71,-8.76,33,1918
749,44.270718,-71.303215,1.02,106.71,-9.08,5,1917
750,44.270718,-71.303215,1.02,106.71,-8.76,21,1917
751,44.270718,-71.303215,1.02,106.71,-9.08,1,1917
752,44.270718,-71.303215,1.02,106.71,-8.76,4,1917
753,44.270718,-71.303215,1.02,106.71,-9.08,30,1917
754,44.270718,-71.303215,0.98,106.71,-9.08,18,1917
755,44.270718,-71.303215,1.02,104.71,-9.08,7,1918
756,44.270718,-71.303215,1.02,104.71,-9.08,21,1918
757,44.270718,-71.303215,1.02,104.71,-9.08,29,1918
758,44.270718,-71.303215,1.02,104.71,-9.08,13,1917
759,44.270718,-71.303215,1.02,104.71,-9.08,2,1917
760,44.270718,-71.303215,1.02,104.71,-9.08,12,1917
761,44.270718,-71.303215,0.98,104.71,-9.08,16,1917
762,44.270718,-71.303215,1.02,102.70,-9.08,15,1917
763,44.270718,-71.303215,1.02,102.70,-9.08,17,1917
764,44.270718,-71.303215,1.02,102.70,-9.08,5,1917
765,44.270718,-71.303215,0.98,102.70,-9.08,21,1917
766,44.270718,-71.303215,1.02,102.70,-9.08,5,1917
767,44.270718,-71.303215,0.98,100.69,-9.08,17,1917
768,44.270718,-71.303215,0.98,102.70,-9.08,30,1917
769,44.270718,-71.303215,1.02,100.69,-9.08,22,1917
770,44.270718,-71.303215,1.02,100.69,-8.76,17,1917
771,44.270718,-71.303215,1.02,100.69,-9.08,12,1917
772,44.270718,-71.303215,0.98,100.69,-9.08,19,1917
773,44.270718,-71.303215,0.98,98.68,-9.08,9,1917
774,44.270718,-71.303215,1.02,98.68,-9.08,0,1917
775,44.270718,-71.303215,1.02,98.68,-9.08,12,1917
776,44.270718,-71.303215,1.02,98.68,-9.08,12,1917
777,44.270718,-71.303215,1.02,98.68,-9.08,25,1917
778,44.270718,-71.303215,0.98,98.68,-9.08,11,1917
779,44.270718,-71.303215,1.02,98.68,-9.08,22,1917
780,44.270718,-71.303215,1.02,96.66,-8.76,8,1917
781,44.270718,-71.303215,0.98,96.66,-9.08,27,1917
782,44.270718,-71.303215,1.02,96.66,-9.08,19,1917
783,44.270718,-71.303215,0.98,96.66,-9.08,13,1917
784,44.270718,-71.303215,1.02,96.66,-9.08,18,1917
785,44.270718,-71.303215,1.02,96.66,-9.08,26,1917
786,44.270718,-71.303215,0.98,96.66,-9.08,37,1917
787,44.270718,-71.303215,0.98,94.65,-9.08,10,1917
788,44.270718,-71.303215,1.02,94.65,-9.08,13,1917
789,44.270718,-71.303215,0.98,94.65,-9.08,17,1917
790,44.270718,-71.303215,1.02,94.65,-9.08,16,1917
791,44.270718,-71.303215,1.02,94.65,-9.08,27,1917
792,44.270718,-71.303215,1.02,94.65,-9.08,8,1917
793,44.270718,-71.303215,1.02,92.63,-9.08,26,1917
794,44.270718,-71.303215,1.02,94.65,-9.08,34,1917
795,44.270718,-71.303215,0.98,92.63,-9.08,11,1917
796,44.270718,-71.303215,1.02,92.63,-9.08,36,1917
797,44.270718,-71.303215,1.02,92.63,-9.08,18,1917
798,44.270718,-71.303215,1.02,92.63,-9.08,16,1918
799,44.270718,-71.303215,1.02,92.63,-9.08,27,1918
800,44.270718,-71.303215,0.98,92.63,-9.08,28,1918
801,44.270718,-71.303215,1.02,90.61,-9.08,20,1918
802,44.270718,-71.303215,1.02,90.61,-9.08,19,1918
803,44.270718,-71.303215,1.02,90.61,-9.08,20,1918
804,44.270718,-71.303215,1.02,90.61,-9.08,33,1918
805,44.270718,-71.303215,1.02,90.61,-9.08,19,1917
806,44.270718,-71.303215,1.02,90.61,-9.08,10,1917
807,44.270718,-71.303215,1.02,88.59,-9.08,8,1918
808,44.270718,-71.303215,1.02,88.59,-9.40,24,1918
809,44.270718,-71.303215,1.02,90.61,-9.40,7,1918
810,44.270718,-71.303215,0.98,88.59,-9.08,27,1918
811,44.270718,-71.303215,1.02,88.59,-9.08,26,1918
812,44.270718,-71.303215,0.98,88.59,-9.08,26,1918
813,44.270718,-71.303215,1.02,88.59,-9.40,27,1918
814,44.270718,-71.303215,1.02,88.59,-9.40,33,1918
815,44.270718,-71.303215,0.98,86.57,-9.40,20,1918
816,44.270718,-71.303215,1.02,86.57,-9.08,17,1918
817,44.270718,-71.303215,1.02,86.57,-9.40,38,1918
818,44.270718,-71.303215,1.02,86.57,-9.40,26,1918
819,44.270718,-71.303215,1.02,86.57,-9.08,12,1918
820,44.270718,-71.303215,1.02,86.57,-9.40,22,1918
821,44.270718,-71.303215,0.98,84.55,-9.40,33,1918
822,44.270718,-71.303215,1.02,84.55,-9.40,29,1918
823,44.270718,-71.303215,1.02,84.55,-9.40,33,1918
824,44.270718,-71.303215,1.02,84.55,-9.08,16,1918
825,44.270718,-71.303215,1.02,84.55,-9.40,33,1918
826,44.270718,-71.303215,1.02,84.55,-9.40,35,1918
827,44.270718,-71.303215,1.02,82.52,-9.40,29,1918
828,44.270718,-71.303215,1.02,80.49,-9.40,27,1918
829,44.270718,-71.303215,1.02,78.46,-9.40,19,1918
830,44.270718,-71.303215,1.02,80.49,-9.40,35,1918
831,44.270718,-71.303215,0.98,78.46,-9.40,10,1918
832,44.270718,-71.303215,1.02,78.46,-9.40,20,1918
833,44.270718,-71.303215,1.02,78.46,-9.40,39,1918
834,44.270718,-71.303215,1.02,78.46,-9.40,25,1918
835,44.270718,-71.303215,1.02,78.46,-9.40,14,1918
836,44.270718,-71.303215,1.02,78.46,-9.40,36,1918
837,44.270718,-71.303215,1.02,78.46,-9.40,24,1918
838,44.270718,-71.303215,1.02,76.43,-9.40,18,1918
839,44.270718,-71.303215,1.02,76.43,-9.40,27,1918
840,44.270718,-71.303215,1.02,78.46,-9.40,39,1918
841,44.270718,-71.303215,1.02,78.46,-9.40,37,1918
842,44.270718,-71.303215,0.98,76.43,-9.40,18,1918
843,44.270718,-71.303215,1.02,76.43,-9.40,20,1918
844,44.270718,-71.303215,1.02,76.43,-9.40,18,1918
845,44.270718,-71.303215,0.98,76.43,-9.40,10,1918
846,44.270718,-71.303215,1.02,76.43,-9.40,2,1918
847,44.270718,-71.303215,0.98,76.43,-9.40,27,1918
848,44.270718,-71.303215,1.02,74.40,-9.40,30,1918
849,44.270718,-71.303215,0.98,74.40,-9.40,24,1918
850,44.270718,-71.303215,0.98,74.40,-9.40,27,1918
851,44.270718,-71.303215,1.02,72.36,-9.40,35,1918
852,44.270718,-71.303215,0.98,74.40,-9.40,25,1918
853,44.270718,-71.303215,1.02,74.40,-9.40,27,1918
854,44.270718,-71.303215,1.02,72.36,-9.40,24,1918
855,44.270718,-71.303215,1.02,72.36,-9.40,19,1918
856,44.270718,-71.303215,1.02,72.36,-9.40,21,1918
857,44.270718,-71.303215,0.98,72.36,-9.40,14,1918
858,44.270718,-71.303215,0.98,72.36,-9.40,36,1918
859,44.270718,-71.303215,1.02,72.36,-9.40,25,1918
860,44.270718,-71.303215,1.02,72.36,-9.40,32,1918
861,44.270718,-71.303215,1.02,72.36,-9.40,28,1918
862,44.270718,-71.303215,1.02,72.36,-9.40,36,1918
863,44.270718,-71.303215,0.98,72.36,-9.40,13,1918
864,44.270718,-71.303215,0.98,72.36,-9.40,23,1918
865,44.270718,-71.303215,1.02,72.36,-9.40,3,1918
866,44.270718,-71.303215,1.02,70.33,-9.40,12,1918
867,44.270718,-71.303215,1.02,70.33,-9.40,18,1918
868,44.270718,-71.303215,1.02,70.33,-9.40,28,1918
869,44.270718,-71.303215,1.02,68.29,-9.40,3,1918
870,44.270718,-71.303215,1.02,68.29,-9.73,27,1918
871,44.270718,-71.303215,1.02,45.74,-9.40,34,1918
872,44.270718,-71.303215,1.25,10.47,-9.73,26,1918
873,44.270718,-71.303215,0.94,6.29,-9.73,26,1918
874,44.270718,-71.303215,1.05,20.90,-9.73,5,1918
875,44.270718,-71.3032,1.13,27.13,-9.73,9,1918
876,44.270718,-71.3032,1.09,22.98,-9.73,26,1918
877,44.270718,-71.3032,1.09,27.13,-9.73,17,1919
878,44.270718,-71.303185,1.21,27.13,-9.40,16,1918
879,44.270718,-71.30317,1.09,80.49,-9.40,19,1919
880,44.270718,-71.30317,1.17,49.86,-9.73,22,1919
881,44.270737,-71.30317,1.13,29.21,-9.73,22,1919
882,44.270737,-71.30317,1.21,27.13,-9.73,2,1919
883,44.270752,-71.30317,1.21,37.49,-9.40,13,1919
884,44.270752,-71.30317,0.94,41.62,-9.40,24,1919
885,44.270767,-71.30317,1.25,39.56,-9.40,31,1919
886,44.270767,-71.303185,1.21,51.91,-9.73,24,1919
887,44.270786,-71.303185,1.21,58.07,-9.73,17,1919
888,44.270786,-71.3032,0.90,39.56,-9.40,17,1919
889,44.2708,-71.303215,1.09,47.80,-9.40,6,1919
890,44.2708,-71.303215,1.21,31.28,-9.40,9,1919
891,44.270817,-71.30323,1.25,29.21,-9.73,15,1920
892,44.270817,-71.30323,1.13,33.35,-9.73,39,1920
893,44.270817,-71.30323,1.05,51.91,-9.73,33,1920
894,44.270832,-71.30323,1.48,64.20,-9.73,30,1920
895,44.270832,-71.303246,1.09,43.68,-9.73,35,1920
896,44.270832,-71.303246,1.29,37.49,-9.73,39,1920
897,44.27085,-71.30326,0.90,47.80,-9.73,39,1920
898,44.27085,-71.30326,1.17,51.91,-9.73,38,1920
899,44.27085,-71.303276,1.05,47.80,-9.73,38,1920
900,44.27085,-71.30331,1.25,41.62,-9.73,37,1920
901,44.27085,-71.30331,1.45,41.62,-9.73,38,1920
902,44.270866,-71.30332,1.13,68.29,-9.73,39,1920
903,44.27088,-71.30334,1.13,56.02,-9.73,36,1920
904,44.27088,-71.30335,1.60,37.49,-9.73,34,1920
905,44.270866,-71.30337,1.41,31.28,-9.73,38,1920
906,44.270866,-71.30338,1.33,16.73,-9.73,9,1920
907,44.270866,-71.3034,1.17,8.38,-9.40,14,1920
908,44.270866,-71.3034,1.13,14.65,-9.73,6,1920
909,44.270866,-71.3034,1.05,14.65,-9.73,1,1920
910,44.27085,-71.3034,1.29,16.73,-9.73,8,1920
911,44.27085,-71.3034,1.05,10.47,-9.73,5,1921
912,44.27085,-71.3034,1.05,8.38,-9.40,5,1921
913,44.27085,-71.30342,1.37,0.00,-9.73,13,1921
914,44.27085,-71.30342,1.25,0.00,-9.40,13,1921
915,44.27085,-71.30342,1.13,0.00,-9.40,4,1921
916,44.27085,-71.30342,1.17,0.00,-9.40,5,1921
917,44.27085,-71.30342,1.13,0.00,-9.40,2,1921
918,44.27085,-71.30342,1.25,0.00,-9.40,0,1921
919,44.27085,-71.30342,1.17,0.00,-9.40,3,1921
920,44.27085,-71.30344,1.02,0.00,-9.40,5,1921
921,44.270832,-71.30345,0.94,0.00,-9.40,2,1922
922,44.270832,-71.30347,0.94,0.00,-9.08,6,1922
923,44.270832,-71.30348,0.70,0.00,-9.08,4,1922
924,44.27085,-71.30348,0.82,0.00,-9.08,6,1922
925,,,1.05,0.00,-9.08,4, 
926,44.270866,-71.30348,0.90,0.00,-9.08,7,1926
927,44.270897,-71.30348,1.21,0.00,-9.08,21,1927
928,44.270897,-71.30348,1.13,0.00,-8.76,6,1927
929,,,1.29,0.00,-8.76,21, 
930,44.270916,-71.30348,0.82,0.00,-8.44,5,1926
931,44.270897,-71.30348,1.13,0.00,-8.76,7,1927
932,44.270897,-71.30348,1.21,0.00,-8.44,11,1927
933,44.27088,-71.30347,1.13,0.00,-8.44,3,1926
934,44.27088,-71.30347,1.25,0.00,-8.44,4,1926
935,,,4.26,0.00,-8.12,0, 
936,,,7.11,0.00,-8.12,3, 
937,44.270866,-71.3034,7.15,0.00,-7.79,1,1924
938,,,7.15,0.00,-7.47,3, 
939,,,6.99,0.00,-7.15,1, 
940,,,6.91,0.00,-6.83,1, 
941,44.270916,-71.30334,7.15,0.00,-6.18,0,1928
942,,,6.95,0.00,-5.86,1, 
943,,,6.52,0.00,-5.54,0, 
944,,,6.76,0.00,-5.21,0, 
945,44.271084,-71.30342,6.87,0.00,-5.21,4,1919
946,44.271133,-71.30342,6.80,0.00,-4.89,0,1919
947,,,6.80,0.00,-4.89,0, 
948,,,6.80,0.00,-4.89,0, 
949,44.27102,-71.30334,6.80,0.00,-4.89,0,1920
950,44.27096,-71.30331,6.80,0.00,-4.57,2,1921
951,44.27093,-71.30331,6.80,0.00,-4.89,0,1922
952,44.27093,-71.30331,6.80,0.00,-4.57,0,1923
953,44.27093,-71.30331,6.80,0.00,-4.57,0,1923
954,44.270916,-71.30331,6.80,0.00,-4.57,0,1925
955,44.270897,-71.303276,6.80,0.00,-4.57,0,1926
956,44.270897,-71.303276,6.80,0.00,-4.57,0,1927
957,44.270897,-71.30326,6.80,0.00,-4.25,0,1928
958,44.270897,-71.30326,6.80,0.00,-4.25,0,1929
959,44.270897,-71.30326,6.80,0.00,-4.25,0,1930
960,44.270916,-71.30326,6.80,0.00,-4.25,0,1931
961,44.270916,-71.30326,6.80,0.00,-4.25,0,1932
962,44.270916,-71.303246,6.80,0.00,-4.25,0,1932
963,44.270897,-71.303246,6.80,0.00,-4.25,0,1933
964,44.270897,-71.303246,6.80,0.00,-4.25,0,1934
965,44.270916,-71.303246,6.80,0.00,-4.25,1,1936
966,44.270916,-71.303246,6.80,0.00,-4.25,0,1937
967,44.270916,-71.303246,6.80,0.00,-4.25,3,1937
968,44.27093,-71.303246,6.80,0.00,-4.25,0,1936
969,44.27093,-71.303246,6.80,0.00,-4.25,0,1936
970,44.27093,-71.303246,6.80,0.00,-3.93,0,1936
971,44.270916,-71.303246,6.80,0.00,-3.93,1,1937
972,44.270916,-71.303246,6.80,0.00,-3.93,0,1937
973,44.27093,-71.303246,6.80,0.00,-3.93,0,1937
974,44.27093,-71.303246,6.80,0.00,-3.93,0,1938
975,44.27093,-71.30326,6.80,0.00,-3.93,0,1938
976,44.27093,-71.30326,6.80,0.00,-3.60,0,1937
977,44.27093,-71.30326,6.80,0.00,-3.60,0,1937
978,44.27093,-71.303276,6.80,0.00,-3.60,0,1937
979,44.270947,-71.30326,6.80,0.00,-3.60,0,1937
980,44.270947,-71.30326,6.80,0.00,-3.60,0,1937
981,44.27093,-71.30326,6.80,0.00,-3.60,0,1937
982,44.27093,-71.30326,6.80,0.00,-3.60,0,1937
983,44.27093,-71.30326,6.80,0.00,-3.60,0,1937
984,44.27093,-71.303276,6.80,0.00,-3.60,0,1938
985,44.27093,-71.303276,6.80,0.00,-3.28,0,1938
986,44.27093,-71.303276,6.80,0.00,-3.28,0,1938
987,44.27093,-71.303276,6.80,0.00,-3.28,0,1938
988,44.27093,-71.30326,6.80,0.00,-3.28,0,1938
989,44.27093,-71.30326,6.80,0.00,-3.28,0,1937
990,44.270916,-71.30326,6.80,0.00,-3.28,0,1937
991,44.270916,-71.30326,6.80,0.00,-3.28,0,1934
992,44.270897,-71.30326,6.80,0.00,-3.28,0,1934
993,44.270897,-71.30326,6.80,0.00,-2.96,0,1934
994,44.270897,-71.30326,6.80,0.00,-2.96,0,1934
995,44.270897,-71.30326,6.80,0.00,-2.96,0,1933
996,44.270897,-71.30326,6.80,0.00,-2.96,0,1933
997,44.270897,-71.30326,6.80,0.00,-2.96,0,1933
998,44.27088,-71.30326,6.80,0.00,-2.64,0,1933
999,44.27088,-71.30326,6.80,0.00,-2.64,0,1932
1000,44.27088,-71.30326,6.80,0.00,-2.64,0,1932
1001,44.270897,-71.303246,6.80,0.00,-2.64,0,1932
1002,44.27088,-71.303246,6.80,0.00,-2.64,0,1931
1003,44.270866,-71.303246,6.80,0.00,-2.64,0,1931
1004,44.270866,-71.303246,6.80,0.00,-2.31,0,1931
1005,44.270866,-71.30326,6.80,0.00,-2.64,0,1931
1006,44.27088,-71.30326,6.80,0.00,-2.64,0,1931
1007,44.27088,-71.30326,6.80,0.00,-2.64,0,1932
1008,44.27088,-71.303246,6.80,0.00,-2.31,0,1932
1009,44.27088,-71.303246,6.80,0.00,-2.31,0,1931
1010,44.27088,-71.30326,6.80,0.00,-2.31,0,1932
1011,44.270897,-71.30326,6.80,0.00,-2.31,0,1932
1012,44.270897,-71.30326,6.80,0.00,-2.31,0,1931
1013,44.27088,-71.303246,6.80,0.00,-2.31,0,1929
1014,44.27088,-71.30326,6.80,0.00,-2.31,0,1929
1015,44.27088,-71.30326,6.80,0.00,-2.31,0,1929
1016,44.270897,-71.30326,6.80,0.00,-2.31,0,1929
1017,44.270897,-71.30326,6.80,0.00,-2.31,0,1928
1018,44.270897,-71.303246,6.80,0.00,-1.99,0,1928
1019,44.270897,-71.303246,6.80,0.00,-1.99,0,1927
1020,44.270897,-71.303246,6.80,0.00,-1.99,0,1927
1021,44.270897,-71.303246,6.80,0.00,-1.99,0,1928
1022,44.27088,-71.303246,6.80,0.00,-1.99,0,1927
1023,44.27088,-71.303246,6.80,0.00,-1.99,0,1927
1024,44.27088,-71.303246,6.80,0.00,-1.99,0,1927
1025,44.270866,-71.303246,6.80,0.00,-1.99,0,1924
1026,44.270866,-71.30326,6.80,0.00,-1.99,0,1924
1027,44.270866,-71.303246,6.80,0.00,-1.99,0,1923
1028,44.270866,-71.303246,6.80,0.00,-1.99,0,1923
1029,44.270866,-71.303246,6.80,0.00,-1.99,0,1923
1030,44.27088,-71.303246,6.80,0.00,-1.67,0,1923
1031,44.27088,-71.303246,6.80,0.00,-1.99,0,1923
1032,44.270866,-71.303246,6.80,0.00,-1.67,0,1922
1033,44.270866,-71.303246,6.80,0.00,-1.67,0,1922
1034,44.270866,-71.303246,6.80,0.00,-1.67,0,1922
1035,44.27088,-71.303246,6.80,0.00,-1.67,0,1922
1036,44.270897,-71.30323,6.80,0.00,-1.67,0,1920
1037,44.270897,-71.30323,6.80,0.00,-1.67,0,1920
1038,44.270916,-71.30323,6.80,35.42,-1.67,0,1919
1039,44.270916,-71.30323,6.80,10.47,-1.67,0,1919
1040,44.270916,-71.30323,6.64,0.00,-1.35,12,1920
1041,44.270916,-71.30323,6.64,27.13,-1.35,0,1919
