time,lat,lon,acc,light,temp
"Jul 6 2009 20:00:06",0.0,0.0,0.94,0.00,31.36
"Jul 6 2009 20:00:07",0.0,0.0,0.94,8.00,31.36
"Jul 6 2009 20:00:08",0.0,0.0,1.06,12.00,31.36
"Jul 6 2009 20:00:09",0.0,0.0,0.90,3.00,31.36
"Jul 6 2009 20:00:10",0.0,0.0,1.18,20.00,31.36
"Jul 6 2009 20:00:11",0.0,0.0,0.82,19.00,31.36
"Jul 6 2009 20:00:12",0.0,0.0,1.14,0.00,31.36
"Jul 6 2009 20:00:14",0.0,0.0,0.94,0.00,31.36
"Jul 6 2009 20:00:15",0.0,0.0,1.14,0.00,31.36
"Jul 6 2009 20:00:16",0.0,0.0,1.06,0.00,31.36
"Jul 6 2009 20:00:17",0.0,0.0,1.18,0.00,31.36
"Jul 6 2009 20:00:18",0.0,0.0,0.94,0.00,31.36
"Jul 6 2009 20:00:19",0.0,0.0,1.18,7.00,31.36
"Jul 6 2009 20:00:20",0.0,0.0,0.98,9.00,31.36
"Jul 6 2009 20:00:21",0.0,0.0,1.10,6.00,31.36
"Jul 6 2009 20:00:22",0.0,0.0,0.62,0.00,31.36
"Jul 6 2009 20:00:23",0.0,0.0,0.94,0.00,31.36
"Jul 6 2009 20:00:24",0.0,0.0,0.90,1.00,31.36
"Jul 6 2009 20:00:25",0.0,0.0,1.30,1.00,31.36
"Jul 6 2009 20:00:27",0.0,0.0,1.02,1.00,31.36
"Jul 6 2009 20:00:28",0.0,0.0,0.78,1.00,31.36
"Jul 6 2009 20:00:29",0.0,0.0,1.18,3.00,31.36
"Jul 6 2009 20:00:30",0.0,0.0,1.06,3.00,31.36
"Jul 6 2009 20:00:31",0.0,0.0,0.98,0.00,31.36
"Jul 6 2009 20:00:32",0.0,0.0,0.82,1.00,31.36
"Jul 6 2009 20:00:33",0.0,0.0,0.78,6.00,31.36
"Jul 6 2009 20:00:34",0.0,0.0,0.78,2.00,31.36
"Jul 6 2009 20:00:35",0.0,0.0,0.90,4.00,31.36
"Jul 6 2009 20:00:36",0.0,0.0,0.90,2.00,31.36
"Jul 6 2009 20:00:37",0.0,0.0,0.58,2.00,31.36
"Jul 6 2009 20:00:38",0.0,0.0,1.10,3.00,31.36
"Jul 6 2009 20:00:40",0.0,0.0,0.74,8.00,31.36
"Jul 6 2009 20:00:41",0.0,0.0,0.26,5.00,31.36
"Jul 6 2009 20:00:42",0.0,0.0,0.94,10.00,31.36
"Jul 6 2009 20:00:43",0.0,0.0,0.86,34.00,31.36
"Jul 6 2009 20:00:44",0.0,0.0,0.78,36.00,31.36
"Jul 6 2009 20:00:45",0.0,0.0,1.22,63.00,31.36
"Jul 6 2009 20:00:46",0.0,0.0,1.18,68.00,31.36
"Jul 6 2009 20:00:47",0.0,0.0,0.98,69.00,31.36
"Jul 6 2009 20:00:48",0.0,0.0,0.82,70.00,31.36
"Jul 6 2009 20:00:49",0.0,0.0,1.02,70.00,31.36
"Jul 6 2009 20:00:50",0.0,0.0,0.58,70.00,31.36
"Jul 6 2009 20:00:52",0.0,0.0,0.98,70.00,31.36
"Jul 6 2009 20:00:53",0.0,0.0,0.98,70.00,31.36
"Jul 6 2009 20:00:54",0.0,0.0,1.50,70.00,31.36
"Jul 6 2009 20:00:55",0.0,0.0,0.70,71.00,31.36
"Jul 6 2009 20:00:56",0.0,0.0,0.82,70.00,31.36
"Jul 6 2009 20:00:57",0.0,0.0,0.62,72.00,31.36
"Jul 6 2009 20:00:58",0.0,0.0,0.74,72.00,31.36
"Jul 6 2009 20:00:59",0.0,0.0,1.14,71.00,31.36
"Jul 6 2009 20:01:00",0.0,0.0,0.90,72.00,31.36
"Jul 6 2009 20:01:01",0.0,0.0,0.62,72.00,31.36
"Jul 6 2009 20:01:02",0.0,0.0,1.34,72.00,31.36
"Jul 6 2009 20:01:03",0.0,0.0,0.78,72.00,31.36
"Jul 6 2009 20:01:05",0.0,0.0,0.78,72.00,31.36
"Jul 6 2009 20:01:06",0.0,0.0,1.18,75.00,31.36
"Jul 6 2009 20:01:07",0.0,0.0,0.86,75.00,31.36
"Jul 6 2009 20:01:08",0.0,0.0,0.94,74.00,31.36
"Jul 6 2009 11:02:17",0.0,0.0,0.86,74.00,31.36
"Jul 6 2009 11:02:18",0.0,0.0,0.94,74.00,31.36
"Jul 6 2009 11:02:19",0.0,0.0,0.98,74.00,31.36
"Jul 6 2009 11:02:20",0.0,0.0,1.14,74.00,31.36
"Jul 6 2009 11:02:21",0.0,0.0,0.98,74.00,31.36
"Jul 6 2009 11:02:22",0.0,0.0,1.06,74.00,31.36
"Jul 6 2009 11:02:23",0.0,0.0,1.02,74.00,32.75
"Jul 6 2009 11:02:24",0.0,0.0,1.10,74.00,32.75
"Jul 6 2009 11:02:26",0.0,0.0,1.02,74.00,32.75
"Jul 6 2009 11:02:27",0.0,0.0,0.94,75.00,32.75
"Jul 6 2009 11:02:28",0.0,0.0,1.06,75.00,32.75
"Jul 6 2009 11:02:29",0.0,0.0,0.94,75.00,32.75
"Jul 6 2009 11:02:30",0.0,0.0,0.98,75.00,32.75
"Jul 6 2009 11:02:31",0.0,0.0,0.94,73.00,32.75
"Jul 6 2009 11:02:32",0.0,0.0,1.02,73.00,32.75
"Jul 6 2009 11:02:33",0.0,0.0,1.06,73.00,32.75
"Jul 6 2009 11:02:34",0.0,0.0,0.90,73.00,32.75
"Jul 6 2009 11:02:35",0.0,0.0,1.02,73.00,32.75
"Jul 6 2009 11:02:36",0.0,0.0,0.98,73.00,32.75
"Jul 6 2009 11:02:37",0.0,0.0,0.98,73.00,32.75
"Jul 6 2009 11:02:39",0.0,0.0,1.02,73.00,32.75
"Jul 6 2009 11:02:40",0.0,0.0,1.06,73.00,32.75
"Jul 6 2009 11:02:41",0.0,0.0,1.02,73.00,32.75
"Jul 6 2009 11:02:42",0.0,0.0,1.02,73.00,32.75
"Jul 6 2009 11:02:43",0.0,0.0,1.02,73.00,32.75
"Jul 6 2009 11:02:44",0.0,0.0,1.02,73.00,32.75
"Jul 6 2009 11:02:45",0.0,0.0,1.06,73.00,32.75
"Jul 6 2009 11:02:46",0.0,0.0,1.02,73.00,32.75
"Jul 6 2009 11:02:47",0.0,0.0,1.06,75.00,32.75
"Jul 6 2009 11:02:48",0.0,0.0,1.02,74.00,32.75
"Jul 6 2009 11:02:49",0.0,0.0,0.98,74.00,32.75
"Jul 6 2009 11:02:50",0.0,0.0,1.10,75.00,32.75
"Jul 6 2009 11:02:52",0.0,0.0,1.06,75.00,34.13
"Jul 6 2009 11:02:53",0.0,0.0,1.10,73.00,32.75
"Jul 6 2009 11:02:54",0.0,0.0,1.06,74.00,32.75
"Jul 6 2009 11:02:55",0.0,0.0,1.02,74.00,34.13
"Jul 6 2009 11:02:56",0.0,0.0,0.98,74.00,34.13
"Jul 6 2009 11:02:57",0.0,0.0,1.14,74.00,34.13
"Jul 6 2009 11:02:58",0.0,0.0,1.06,74.00,34.13
"Jul 6 2009 11:02:59",0.0,0.0,1.06,74.00,34.13
"Jul 6 2009 11:03:00",0.0,0.0,1.02,74.00,34.13
"Jul 6 2009 11:03:01",0.0,0.0,0.98,75.00,34.13
"Jul 6 2009 11:03:02",0.0,0.0,0.82,75.00,34.13
"Jul 6 2009 11:03:03",0.0,0.0,0.70,75.00,34.13
"Jul 6 2009 11:03:05",0.0,0.0,1.26,75.00,34.13
"Jul 6 2009 11:03:06",0.0,0.0,0.86,74.00,34.13
"Jul 6 2009 11:03:07",0.0,0.0,0.78,74.00,34.13
"Jul 6 2009 11:03:08",0.0,0.0,1.06,74.00,34.13
"Jul 6 2009 11:03:09",0.0,0.0,1.02,75.00,34.13
"Jul 6 2009 11:03:10",0.0,0.0,1.06,75.00,34.13
"Jul 6 2009 11:03:11",0.0,0.0,1.02,75.00,34.13
"Jul 6 2009 11:03:12",0.0,0.0,0.78,75.00,34.13
"Jul 6 2009 11:03:13",0.0,0.0,0.78,75.00,34.13
"Jul 6 2009 11:03:14",0.0,0.0,0.90,75.00,35.52
"Jul 6 2009 11:03:15",0.0,0.0,1.02,75.00,35.52
"Jul 6 2009 11:03:16",0.0,0.0,1.06,75.00,35.52
"Jul 6 2009 11:03:18",0.0,0.0,0.98,75.00,35.52
"Jul 6 2009 11:03:19",0.0,0.0,0.90,75.00,35.52
"Jul 6 2009 11:03:20",0.0,0.0,0.82,75.00,35.52
"Jul 6 2009 11:03:21",0.0,0.0,1.26,75.00,35.52
"Jul 6 2009 11:03:22",0.0,0.0,1.02,75.00,35.52
"Jul 6 2009 11:03:23",0.0,0.0,1.02,75.00,35.52
"Jul 6 2009 11:03:24",0.0,0.0,1.30,74.00,35.52
"Jul 6 2009 11:03:25",0.0,0.0,1.10,74.00,35.52
"Jul 6 2009 11:03:26",0.0,0.0,1.02,74.00,35.52
"Jul 6 2009 11:03:27",0.0,0.0,1.06,75.00,35.52
"Jul 6 2009 11:03:28",0.0,0.0,0.98,75.00,35.52
"Jul 6 2009 11:03:30",0.0,0.0,0.98,75.00,35.52
"Jul 6 2009 11:03:31",0.0,0.0,0.98,75.00,35.52
"Jul 6 2009 11:03:32",0.0,0.0,1.06,75.00,35.52
"Jul 6 2009 11:03:33",0.0,0.0,1.06,75.00,35.52
"Jul 6 2009 11:03:34",0.0,0.0,0.86,75.00,35.52
"Jul 6 2009 11:03:35",0.0,0.0,1.02,75.00,35.52
"Jul 6 2009 11:03:36",0.0,0.0,1.26,75.00,35.52
"Jul 6 2009 11:03:37",0.0,0.0,1.18,75.00,35.52
"Jul 6 2009 11:03:38",0.0,0.0,1.14,75.00,35.52
"Jul 6 2009 11:03:39",0.0,0.0,1.42,75.00,35.52
"Jul 6 2009 11:03:40",0.0,0.0,0.82,75.00,35.52
"Jul 6 2009 11:03:41",0.0,0.0,1.30,75.00,35.52
"Jul 6 2009 11:03:43",0.0,0.0,1.06,75.00,35.52
"Jul 6 2009 11:03:44",0.0,0.0,1.10,75.00,36.90
"Jul 6 2009 11:03:45",0.0,0.0,0.86,75.00,36.90
"Jul 6 2009 11:03:46",0.0,0.0,1.22,75.00,36.90
"Jul 6 2009 11:03:47",0.0,0.0,1.30,75.00,36.90
"Jul 6 2009 11:03:48",0.0,0.0,0.90,75.00,36.90
"Jul 6 2009 11:03:49",0.0,0.0,1.18,75.00,36.90
"Jul 6 2009 11:03:50",0.0,0.0,1.14,75.00,36.90
"Jul 6 2009 11:03:51",0.0,0.0,0.86,75.00,36.90
"Jul 6 2009 11:03:52",0.0,0.0,1.02,75.00,36.90
"Jul 6 2009 11:03:53",0.0,0.0,1.10,75.00,36.90
"Jul 6 2009 11:03:54",0.0,0.0,1.14,75.00,36.90
"Jul 6 2009 11:03:56",0.0,0.0,1.06,75.00,36.90
"Jul 6 2009 11:03:57",0.0,0.0,0.94,75.00,36.90
"Jul 6 2009 11:03:58",0.0,0.0,1.06,75.00,36.90
"Jul 6 2009 11:03:59",0.0,0.0,1.02,75.00,36.90
"Jul 6 2009 11:04:00",0.0,0.0,0.98,75.00,36.90
"Jul 6 2009 11:04:01",0.0,0.0,0.82,75.00,36.90
"Jul 6 2009 11:04:02",0.0,0.0,0.94,75.00,36.90
"Jul 6 2009 11:04:03",0.0,0.0,0.98,75.00,36.90
"Jul 6 2009 11:04:04",42.313877,-71.03902,1.02,75.00,36.90
"Jul 6 2009 11:04:05",42.31372,-71.039215,1.06,74.00,36.90
"Jul 6 2009 11:04:06",42.313786,-71.03913,0.94,75.00,36.90
"Jul 6 2009 11:04:07",42.31382,-71.03904,0.90,75.00,36.90
"Jul 6 2009 11:04:08",42.313843,-71.03901,1.34,75.00,36.90
"Jul 6 2009 11:04:09",42.313828,-71.03899,1.10,74.00,36.90
"Jul 6 2009 11:04:11",42.313877,-71.03897,0.86,75.00,36.90
"Jul 6 2009 11:04:12",42.313908,-71.03895,0.94,75.00,36.90
"Jul 6 2009 11:04:13",42.313877,-71.03895,2.10,75.00,38.29
"Jul 6 2009 11:04:14",42.313908,-71.03894,0.94,74.00,36.90
"Jul 6 2009 11:04:15",42.313885,-71.03894,1.18,75.00,36.90
"Jul 6 2009 11:04:16",42.313923,-71.03885,0.90,75.00,36.90
"Jul 6 2009 11:04:17",42.31382,-71.03895,1.46,75.00,36.90
"Jul 6 2009 11:04:18",42.313835,-71.03891,1.02,75.00,36.90
"Jul 6 2009 11:04:19",42.313828,-71.0389,1.06,75.00,36.90
"Jul 6 2009 11:04:20",42.31381,-71.03891,1.18,75.00,36.90
"Jul 6 2009 11:04:21",42.31382,-71.0389,1.18,75.00,36.90
"Jul 6 2009 11:04:22",42.313828,-71.03886,0.94,75.00,38.29
"Jul 6 2009 11:04:23",42.313843,-71.038826,1.10,75.00,38.29
"Jul 6 2009 11:04:25",42.313858,-71.03881,1.14,75.00,38.29
"Jul 6 2009 11:04:26",42.313858,-71.0388,0.86,75.00,38.29
"Jul 6 2009 11:04:27",42.313858,-71.03879,1.42,75.00,38.29
"Jul 6 2009 11:04:28",42.313858,-71.03878,0.98,75.00,38.29
"Jul 6 2009 11:04:29",42.31393,-71.038765,0.82,75.00,38.29
"Jul 6 2009 11:04:30",42.314014,-71.03867,1.06,73.00,38.29
"Jul 6 2009 11:04:31",42.31395,-71.038795,0.98,73.00,38.29
"Jul 6 2009 11:04:32",42.313786,-71.03884,1.10,73.00,36.90
"Jul 6 2009 11:04:33",42.313892,-71.03886,0.94,73.00,36.90
"Jul 6 2009 11:04:34",42.314045,-71.03877,0.98,73.00,36.90
"Jul 6 2009 11:04:35",42.313843,-71.03891,0.98,73.00,36.90
"Jul 6 2009 11:04:35",42.313843,-71.03891,1.02,72.00,36.90
"Jul 6 2009 11:04:38",42.314045,-71.03879,1.02,72.00,36.90
"Jul 6 2009 11:04:39",42.31413,-71.03886,1.06,73.00,36.90
"Jul 6 2009 11:04:40",42.314022,-71.03883,0.98,73.00,36.90
"Jul 6 2009 11:04:41",42.3138,-71.03899,1.10,73.00,36.90
"Jul 6 2009 11:04:42",42.313835,-71.03894,0.86,73.00,36.90
"Jul 6 2009 11:04:43",42.313908,-71.038956,0.90,73.00,36.90
"Jul 6 2009 11:04:44",42.313778,-71.039024,1.06,73.00,36.90
"Jul 6 2009 11:04:45",42.313755,-71.03911,0.90,73.00,36.90
"Jul 6 2009 11:04:46",42.313915,-71.03906,0.94,73.00,36.90
"Jul 6 2009 11:04:47",42.313965,-71.039055,1.34,73.00,36.90
"Jul 6 2009 11:04:48",42.31373,-71.03923,1.22,73.00,36.90
"Jul 6 2009 11:04:48",42.31373,-71.03923,1.22,73.00,36.90
"Jul 6 2009 11:04:51",42.313698,-71.039345,1.34,73.00,36.90
"Jul 6 2009 11:04:52",42.313698,-71.039345,0.98,73.00,36.90
"Jul 6 2009 11:04:53",42.313698,-71.039345,1.42,73.00,36.90
"Jul 6 2009 11:04:54",42.314,-71.03929,1.02,73.00,36.90
"Jul 6 2009 11:04:55",42.313778,-71.03948,1.38,73.00,36.90
"Jul 6 2009 11:04:56",42.313942,-71.039444,1.10,73.00,35.52
"Jul 6 2009 11:04:57",42.31403,-71.03928,0.86,73.00,35.52
"Jul 6 2009 11:04:58",42.313942,-71.039474,0.94,73.00,35.52
"Jul 6 2009 11:04:59",42.31412,-71.03946,0.90,73.00,35.52
"Jul 6 2009 11:05:00",42.31421,-71.03936,1.18,73.00,35.52
"Jul 6 2009 11:05:01",42.314243,-71.03944,1.02,73.00,35.52
"Jul 6 2009 11:05:02",42.314243,-71.03963,1.14,73.00,35.52
"Jul 6 2009 11:05:04",42.314526,-71.03947,1.06,73.00,35.52
"Jul 6 2009 11:05:05",42.31443,-71.039566,1.18,73.00,35.52
"Jul 6 2009 11:05:06",42.314487,-71.03944,1.06,73.00,35.52
"Jul 6 2009 11:05:07",42.31456,-71.0393,0.82,73.00,35.52
"Jul 6 2009 11:05:08",42.314274,-71.039505,1.06,73.00,35.52
"Jul 6 2009 11:05:09",42.314243,-71.039566,0.78,73.00,35.52
"Jul 6 2009 11:05:10",42.313965,-71.03977,1.30,73.00,35.52
"Jul 6 2009 11:05:11",42.313942,-71.03981,1.10,73.00,35.52
"Jul 6 2009 11:05:12",42.31413,-71.0397,0.74,73.00,35.52
"Jul 6 2009 11:05:13",42.314,-71.03988,0.78,73.00,35.52
"Jul 6 2009 11:05:14",42.314053,-71.039764,1.14,73.00,35.52
"Jul 6 2009 11:05:15",42.314014,-71.039696,0.98,73.00,35.52
"Jul 6 2009 11:05:17",42.313843,-71.039925,0.82,73.00,35.52
"Jul 6 2009 11:05:18",42.31372,-71.03994,1.18,73.00,35.52
"Jul 6 2009 11:05:19",42.313656,-71.03975,1.06,73.00,35.52
"Jul 6 2009 11:05:20",42.31342,-71.039764,1.02,73.00,35.52
"Jul 6 2009 11:05:21",42.313354,-71.03963,1.06,73.00,35.52
"Jul 6 2009 11:05:22",42.31332,-71.03973,0.94,73.00,35.52
"Jul 6 2009 11:05:23",42.31319,-71.03972,1.02,73.00,35.52
"Jul 6 2009 11:05:24",42.313145,-71.039825,0.94,73.00,35.52
"Jul 6 2009 11:05:25",42.313133,-71.03987,0.90,73.00,35.52
"Jul 6 2009 11:05:26",42.313274,-71.03972,1.34,73.00,35.52
"Jul 6 2009 11:05:27",42.313526,-71.039536,1.06,73.00,34.13
"Jul 6 2009 11:05:28",42.31354,-71.0395,0.66,73.00,34.13
"Jul 6 2009 11:05:29",42.313435,-71.03952,1.06,73.00,34.13
"Jul 6 2009 11:05:31",42.313225,-71.03973,0.82,73.00,34.13
"Jul 6 2009 11:05:32",42.31332,-71.03978,1.14,73.00,35.52
"Jul 6 2009 11:05:33",42.31316,-71.0399,1.06,73.00,34.13
"Jul 6 2009 11:05:34",42.313225,-71.03975,0.90,73.00,34.13
"Jul 6 2009 11:05:35",42.31354,-71.03938,0.98,73.00,34.13
"Jul 6 2009 11:05:36",42.3136,-71.03942,1.02,73.00,34.13
"Jul 6 2009 11:05:37",42.313606,-71.03945,1.14,73.00,34.13
"Jul 6 2009 11:05:38",42.313362,-71.03954,0.94,72.00,34.13
"Jul 6 2009 11:05:39",42.313442,-71.03935,0.90,72.00,34.13
"Jul 6 2009 11:05:40",42.313217,-71.039406,1.14,72.00,34.13
"Jul 6 2009 11:05:41",42.313274,-71.03941,0.94,72.00,34.13
"Jul 6 2009 11:05:42",42.31333,-71.039314,0.98,72.00,34.13
"Jul 6 2009 11:05:44",42.31303,-71.03964,0.62,72.00,34.13
"Jul 6 2009 11:05:45",42.313118,-71.039536,0.82,72.00,34.13
"Jul 6 2009 11:05:46",42.313118,-71.039536,0.90,72.00,34.13
"Jul 6 2009 11:05:47",42.313118,-71.039536,0.98,72.00,34.13
"Jul 6 2009 11:05:48",42.313118,-71.039536,1.22,72.00,34.13
"Jul 6 2009 11:05:49",42.313118,-71.039536,1.26,72.00,34.13
"Jul 6 2009 11:05:50",42.313347,-71.03934,0.66,72.00,34.13
"Jul 6 2009 11:05:51",42.31352,-71.03922,1.14,72.00,34.13
"Jul 6 2009 11:05:52",42.313454,-71.03913,0.78,72.00,34.13
"Jul 6 2009 11:05:53",42.313606,-71.03915,1.06,72.00,34.13
"Jul 6 2009 11:05:54",42.31364,-71.03923,1.26,72.00,34.13
"Jul 6 2009 11:05:55",42.3136,-71.03922,1.10,72.00,32.75
"Jul 6 2009 11:05:57",42.313633,-71.03932,0.86,72.00,32.75
"Jul 6 2009 11:05:58",42.31354,-71.03926,1.06,72.00,32.75
"Jul 6 2009 11:05:59",42.313564,-71.03923,0.82,72.00,32.75
"Jul 6 2009 11:06:00",42.313705,-71.03921,0.78,73.00,32.75
"Jul 6 2009 11:06:01",42.313705,-71.03921,1.14,75.00,32.75
"Jul 6 2009 11:06:02",42.31349,-71.03919,0.90,75.00,32.75
"Jul 6 2009 11:06:03",42.31352,-71.03902,1.06,75.00,34.13
"Jul 6 2009 11:06:04",42.3135,-71.03916,1.06,75.00,34.13
"Jul 6 2009 11:06:05",42.3135,-71.03916,1.06,74.00,34.13
"Jul 6 2009 11:06:06",42.313606,-71.0392,1.14,75.00,34.13
"Jul 6 2009 11:06:07",42.31362,-71.03924,1.02,75.00,34.13
"Jul 6 2009 11:06:08",42.31365,-71.03915,1.02,75.00,34.13
"Jul 6 2009 11:06:10",42.31362,-71.039215,1.22,73.00,34.13
"Jul 6 2009 11:06:11",42.313606,-71.039215,0.66,75.00,34.13
"Jul 6 2009 11:06:12",42.313576,-71.03918,0.82,75.00,34.13
"Jul 6 2009 11:06:13",42.313557,-71.039185,0.74,75.00,34.13
"Jul 6 2009 11:06:14",42.313576,-71.03919,1.22,75.00,34.13
"Jul 6 2009 11:06:15",42.313526,-71.039185,0.94,75.00,34.13
"Jul 6 2009 11:06:16",42.3136,-71.03918,1.62,75.00,34.13
"Jul 6 2009 11:06:17",42.313614,-71.03917,0.98,75.00,34.13
"Jul 6 2009 11:06:18",42.313614,-71.03917,0.94,75.00,34.13
"Jul 6 2009 11:06:19",42.313606,-71.03916,1.30,75.00,34.13
"Jul 6 2009 11:06:20",42.313606,-71.039154,1.10,75.00,34.13
"Jul 6 2009 11:06:20",42.313606,-71.039154,0.86,75.00,34.13
"Jul 6 2009 11:06:23",42.313633,-71.03915,0.98,75.00,34.13
"Jul 6 2009 11:06:24",42.31364,-71.03915,0.94,75.00,34.13
"Jul 6 2009 11:06:25",42.31364,-71.03915,1.18,75.00,34.13
"Jul 6 2009 11:06:26",42.31365,-71.03914,0.82,75.00,34.13
"Jul 6 2009 11:06:27",42.31362,-71.03914,0.66,75.00,34.13
"Jul 6 2009 11:06:28",42.31367,-71.03922,1.14,75.00,34.13
"Jul 6 2009 11:06:30",42.31367,-71.03919,0.90,75.00,34.13
"Jul 6 2009 11:06:31",42.31367,-71.03919,1.06,75.00,34.13
"Jul 6 2009 11:06:32",42.313663,-71.03919,1.02,75.00,35.52
"Jul 6 2009 11:06:33",42.313663,-71.03919,1.10,75.00,35.52
"Jul 6 2009 11:06:34",42.31367,-71.03919,0.82,75.00,35.52
"Jul 6 2009 11:06:35",42.31368,-71.03919,0.86,75.00,35.52
"Jul 6 2009 11:06:36",42.313686,-71.03919,1.06,75.00,35.52
"Jul 6 2009 11:06:37",42.313686,-71.03919,0.78,75.00,35.52
"Jul 6 2009 11:06:38",42.313698,-71.039185,0.74,75.00,35.52
"Jul 6 2009 11:06:39",42.313705,-71.039185,1.54,75.00,35.52
"Jul 6 2009 11:06:40",42.313713,-71.03918,0.74,75.00,35.52
"Jul 6 2009 11:06:41",42.31372,-71.03918,1.10,75.00,35.52
"Jul 6 2009 11:06:43",42.313736,-71.03917,0.98,75.00,35.52
"Jul 6 2009 11:06:44",42.313744,-71.03917,1.06,75.00,35.52
"Jul 6 2009 11:06:45",42.313755,-71.03916,1.06,75.00,35.52
"Jul 6 2009 11:06:46",42.313763,-71.03916,0.86,75.00,35.52
"Jul 6 2009 11:06:47",42.313763,-71.039154,1.06,75.00,35.52
"Jul 6 2009 11:06:48",42.31377,-71.039154,1.02,75.00,34.13
"Jul 6 2009 11:06:49",42.313778,-71.039154,1.22,75.00,34.13
"Jul 6 2009 11:06:50",42.313786,-71.03915,0.74,75.00,34.13
"Jul 6 2009 11:06:51",42.3138,-71.03914,0.90,75.00,34.13
"Jul 6 2009 11:06:52",42.3138,-71.03914,0.86,75.00,34.13
"Jul 6 2009 11:06:53",42.31381,-71.03914,0.58,75.00,34.13
"Jul 6 2009 11:06:54",42.31382,-71.03914,1.26,75.00,34.13
"Jul 6 2009 11:06:56",42.313828,-71.03915,0.90,75.00,34.13
"Jul 6 2009 11:06:57",42.313835,-71.03915,0.70,75.00,34.13
"Jul 6 2009 11:06:58",42.313835,-71.03914,1.42,75.00,34.13
"Jul 6 2009 11:06:59",42.313843,-71.03914,0.90,75.00,34.13
"Jul 6 2009 11:07:00",42.31385,-71.03913,0.70,75.00,34.13
"Jul 6 2009 11:07:01",42.313858,-71.03913,1.54,75.00,34.13
"Jul 6 2009 11:07:02",42.313866,-71.03913,1.30,75.00,34.13
"Jul 6 2009 11:07:03",42.313877,-71.03913,0.94,75.00,34.13
"Jul 6 2009 11:07:04",42.313885,-71.03913,1.10,75.00,34.13
"Jul 6 2009 11:07:05",42.313885,-71.03913,0.86,75.00,34.13
"Jul 6 2009 11:07:06",42.313892,-71.039116,0.98,75.00,34.13
"Jul 6 2009 11:07:07",42.3139,-71.03911,0.74,75.00,34.13
"Jul 6 2009 11:07:09",42.313908,-71.03911,0.82,75.00,35.52
"Jul 6 2009 11:07:10",42.313915,-71.0391,1.18,75.00,34.13
"Jul 6 2009 11:07:11",42.313923,-71.0391,0.70,75.00,34.13
"Jul 6 2009 11:07:12",42.31393,-71.0391,0.74,75.00,34.13
"Jul 6 2009 11:07:13",42.31393,-71.0391,0.94,75.00,34.13
"Jul 6 2009 11:07:14",42.31393,-71.039116,0.98,75.00,34.13
"Jul 6 2009 11:07:15",42.31393,-71.03915,1.50,75.00,34.13
"Jul 6 2009 11:07:16",42.313942,-71.03915,0.46,75.00,34.13
"Jul 6 2009 11:07:17",42.313942,-71.03915,1.30,75.00,34.13
"Jul 6 2009 11:07:18",42.31393,-71.03913,0.86,74.00,34.13
"Jul 6 2009 11:07:19",42.31393,-71.03913,1.06,75.00,34.13
"Jul 6 2009 11:07:20",42.313942,-71.0391,1.14,74.00,34.13
"Jul 6 2009 11:07:22",42.313957,-71.039085,0.98,74.00,34.13
"Jul 6 2009 11:07:23",42.313957,-71.039085,1.02,73.00,34.13
"Jul 6 2009 11:07:24",42.313957,-71.03909,0.94,73.00,34.13
"Jul 6 2009 11:07:25",42.313957,-71.03909,1.14,74.00,34.13
"Jul 6 2009 11:07:26",42.313957,-71.03908,1.10,73.00,34.13
"Jul 6 2009 11:07:27",42.31395,-71.03908,0.98,73.00,34.13
"Jul 6 2009 11:07:28",42.31395,-71.03908,0.90,73.00,34.13
"Jul 6 2009 11:07:29",42.313942,-71.03908,0.98,73.00,34.13
"Jul 6 2009 11:07:30",42.31395,-71.03908,1.02,72.00,34.13
"Jul 6 2009 11:07:31",42.31395,-71.03908,0.86,73.00,34.13
"Jul 6 2009 11:07:32",42.313942,-71.03908,0.90,73.00,34.13
"Jul 6 2009 11:07:33",42.31393,-71.039085,0.86,73.00,34.13
"Jul 6 2009 11:07:34",42.313942,-71.039085,0.86,73.00,34.13
"Jul 6 2009 11:07:36",42.31395,-71.03907,0.90,73.00,34.13
"Jul 6 2009 11:07:37",42.31395,-71.03906,0.86,73.00,34.13
"Jul 6 2009 11:07:38",42.31395,-71.03904,0.94,73.00,34.13
"Jul 6 2009 11:07:39",42.313957,-71.03903,0.98,73.00,34.13
"Jul 6 2009 11:07:40",42.313957,-71.03902,0.98,73.00,34.13
"Jul 6 2009 11:07:41",42.313965,-71.038994,1.02,73.00,34.13
"Jul 6 2009 11:07:42",42.313965,-71.038994,0.98,73.00,34.13
"Jul 6 2009 11:07:43",42.313972,-71.03899,0.98,73.00,34.13
"Jul 6 2009 11:07:44",42.313972,-71.03898,0.94,73.00,34.13
"Jul 6 2009 11:07:45",42.31398,-71.03897,0.78,73.00,34.13
"Jul 6 2009 11:07:46",42.31398,-71.038956,0.78,73.00,34.13
"Jul 6 2009 11:07:47",42.313972,-71.038956,0.94,73.00,34.13
"Jul 6 2009 11:07:49",42.313965,-71.03896,0.90,73.00,34.13
"Jul 6 2009 11:07:50",42.313972,-71.038956,0.74,74.00,34.13
"Jul 6 2009 11:07:51",42.313965,-71.03894,1.22,74.00,34.13
"Jul 6 2009 11:07:52",42.313972,-71.03894,0.98,73.00,34.13
"Jul 6 2009 11:07:53",42.31398,-71.03894,0.98,73.00,34.13
"Jul 6 2009 11:07:54",42.313972,-71.03895,0.94,73.00,34.13
"Jul 6 2009 11:07:55",42.313972,-71.03896,0.94,73.00,34.13
"Jul 6 2009 11:07:56",42.313965,-71.03897,0.98,74.00,34.13
"Jul 6 2009 11:07:57",42.313965,-71.03898,1.02,73.00,34.13
"Jul 6 2009 11:07:58",42.313965,-71.038994,0.98,74.00,34.13
"Jul 6 2009 11:07:59",42.313957,-71.03901,1.02,73.00,34.13
"Jul 6 2009 11:07:59",42.313957,-71.03901,0.98,73.00,32.75
"Jul 6 2009 11:08:02",42.31395,-71.03902,0.94,74.00,32.75
"Jul 6 2009 11:08:03",42.31395,-71.03901,1.02,73.00,32.75
"Jul 6 2009 11:08:04",42.313957,-71.03901,0.98,73.00,32.75
"Jul 6 2009 11:08:05",42.313957,-71.03901,0.94,74.00,32.75
"Jul 6 2009 11:08:06",42.313957,-71.03901,1.02,73.00,32.75
"Jul 6 2009 11:08:07",42.313957,-71.03902,0.94,73.00,32.75
"Jul 6 2009 11:08:08",42.313957,-71.03902,0.98,74.00,32.75
"Jul 6 2009 11:08:09",42.313965,-71.039024,1.10,74.00,32.75
"Jul 6 2009 11:08:10",42.313965,-71.039024,1.02,74.00,32.75
"Jul 6 2009 11:08:11",42.313957,-71.03903,1.02,74.00,32.75
"Jul 6 2009 11:08:12",42.313957,-71.03903,0.98,74.00,32.75
"Jul 6 2009 11:08:12",42.313957,-71.03903,1.02,74.00,32.75
"Jul 6 2009 11:08:15",42.313942,-71.03901,0.98,74.00,32.75
"Jul 6 2009 11:08:16",42.31393,-71.038994,0.98,74.00,32.75
"Jul 6 2009 11:08:17",42.31393,-71.038994,0.98,73.00,32.75
"Jul 6 2009 11:08:18",42.31393,-71.03898,1.06,73.00,32.75
"Jul 6 2009 11:08:19",42.31393,-71.03898,1.02,73.00,32.75
"Jul 6 2009 11:08:20",42.31393,-71.03898,1.02,73.00,32.75
"Jul 6 2009 11:08:21",42.31393,-71.03896,0.98,73.00,32.75
"Jul 6 2009 11:08:22",42.31393,-71.03895,0.98,73.00,32.75
"Jul 6 2009 11:08:23",42.31393,-71.03894,0.98,73.00,32.75
"Jul 6 2009 11:08:24",42.31393,-71.03893,0.98,73.00,32.75
"Jul 6 2009 11:08:25",42.313942,-71.038925,1.06,73.00,32.75
"Jul 6 2009 11:08:26",42.313942,-71.03892,0.90,73.00,32.75
"Jul 6 2009 11:08:28",42.313942,-71.038925,0.94,73.00,32.75
"Jul 6 2009 11:08:29",42.31395,-71.038925,0.94,74.00,32.75
"Jul 6 2009 11:08:30",42.31395,-71.03893,1.02,73.00,32.75
"Jul 6 2009 11:08:31",42.31395,-71.038925,1.02,73.00,32.75
"Jul 6 2009 11:08:32",42.313957,-71.038925,0.98,73.00,32.75
"Jul 6 2009 11:08:33",42.313965,-71.038925,0.90,73.00,32.75
"Jul 6 2009 11:08:34",42.313965,-71.03892,1.02,73.00,32.75
"Jul 6 2009 11:08:35",42.313965,-71.038925,1.02,73.00,32.75
"Jul 6 2009 11:08:36",42.313965,-71.038925,0.98,73.00,32.75
"Jul 6 2009 11:08:37",42.313965,-71.03892,1.02,73.00,32.75
"Jul 6 2009 11:08:38",42.313965,-71.03892,0.94,73.00,32.75
"Jul 6 2009 11:08:39",42.313972,-71.0389,0.90,73.00,32.75
"Jul 6 2009 11:08:41",42.313972,-71.03889,1.46,74.00,32.75
"Jul 6 2009 11:08:42",42.313972,-71.0389,1.34,73.00,32.75
"Jul 6 2009 11:08:43",42.313957,-71.038925,0.66,73.00,32.75
"Jul 6 2009 11:08:44",42.31395,-71.03894,0.90,73.00,32.75
"Jul 6 2009 11:08:45",42.313942,-71.03895,0.62,75.00,32.75
"Jul 6 2009 11:08:46",42.31393,-71.03897,0.98,74.00,32.75
"Jul 6 2009 11:08:47",42.313923,-71.038994,0.86,73.00,32.75
"Jul 6 2009 11:08:48",42.31393,-71.03902,0.94,73.00,32.75
"Jul 6 2009 11:08:49",42.31393,-71.039024,1.54,73.00,32.75
"Jul 6 2009 11:08:50",42.31393,-71.03903,1.10,73.00,32.75
"Jul 6 2009 11:08:51",42.313915,-71.039055,1.06,72.00,32.75
"Jul 6 2009 11:08:52",42.3139,-71.03907,1.14,72.00,32.75
"Jul 6 2009 11:08:54",42.313915,-71.03906,3.66,74.00,32.75
"Jul 6 2009 11:08:55",42.313908,-71.039055,1.02,74.00,32.75
"Jul 6 2009 11:08:56",42.313908,-71.039055,0.90,73.00,32.75
"Jul 6 2009 11:08:57",42.313908,-71.03906,0.94,73.00,32.75
"Jul 6 2009 11:08:58",42.313923,-71.039055,0.98,75.00,32.75
"Jul 6 2009 11:08:59",42.31393,-71.039055,1.30,75.00,32.75
"Jul 6 2009 11:09:00",42.313942,-71.03907,1.06,75.00,32.75
"Jul 6 2009 11:09:01",42.31393,-71.03909,1.30,74.00,32.75
"Jul 6 2009 11:09:02",42.31393,-71.03911,0.94,74.00,32.75
"Jul 6 2009 11:09:03",42.31393,-71.03911,0.74,75.00,32.75
"Jul 6 2009 11:09:04",42.313923,-71.03911,0.78,74.00,32.75
"Jul 6 2009 11:09:05",42.313915,-71.03911,1.06,74.00,32.75
"Jul 6 2009 11:09:07",42.3139,-71.0391,0.82,74.00,32.75
"Jul 6 2009 11:09:08",42.313892,-71.03909,0.50,75.00,32.75
"Jul 6 2009 11:09:09",42.313885,-71.039085,1.38,74.00,32.75
"Jul 6 2009 11:09:10",42.313877,-71.039085,1.06,75.00,32.75
"Jul 6 2009 11:09:11",42.313877,-71.03909,1.22,75.00,32.75
"Jul 6 2009 11:09:12",42.313866,-71.03909,0.90,75.00,32.75
"Jul 6 2009 11:09:13",42.313843,-71.03914,1.02,75.00,32.75
"Jul 6 2009 11:09:14",42.313843,-71.03913,1.10,75.00,32.75
"Jul 6 2009 11:09:15",42.313843,-71.039116,1.10,75.00,34.13
"Jul 6 2009 11:09:16",42.313843,-71.03914,1.10,75.00,34.13
"Jul 6 2009 11:09:17",42.31385,-71.03914,0.94,75.00,34.13
"Jul 6 2009 11:09:18",42.313858,-71.03913,0.86,75.00,32.75
"Jul 6 2009 11:09:19",42.313858,-71.039116,0.90,75.00,32.75
"Jul 6 2009 11:09:21",42.313843,-71.039116,0.94,75.00,32.75
"Jul 6 2009 11:09:22",42.31382,-71.03911,0.94,74.00,32.75
"Jul 6 2009 11:09:23",42.3138,-71.0391,1.10,74.00,32.75
"Jul 6 2009 11:09:24",42.3138,-71.03911,0.98,74.00,32.75
"Jul 6 2009 11:09:25",42.31382,-71.03913,1.02,74.00,34.13
"Jul 6 2009 11:09:26",42.31382,-71.039154,0.94,75.00,34.13
"Jul 6 2009 11:09:27",42.313828,-71.03917,0.94,73.00,34.13
"Jul 6 2009 11:09:28",42.313828,-71.03917,0.98,73.00,34.13
"Jul 6 2009 11:09:29",42.313835,-71.03918,1.06,74.00,34.13
"Jul 6 2009 11:09:30",42.313843,-71.03919,0.86,75.00,34.13
"Jul 6 2009 11:09:31",42.313843,-71.0392,1.02,73.00,34.13
"Jul 6 2009 11:09:31",42.313843,-71.0392,1.02,73.00,34.13
"Jul 6 2009 11:09:34",42.31385,-71.039215,1.06,73.00,34.13
"Jul 6 2009 11:09:35",42.31385,-71.039215,1.02,73.00,34.13
"Jul 6 2009 11:09:36",42.31385,-71.039215,1.02,75.00,34.13
"Jul 6 2009 11:09:37",42.313858,-71.03921,1.02,74.00,34.13
"Jul 6 2009 11:09:38",42.313858,-71.0392,1.02,73.00,34.13
"Jul 6 2009 11:09:39",42.313866,-71.03919,1.02,73.00,34.13
"Jul 6 2009 11:09:40",42.313866,-71.03919,0.98,73.00,34.13
"Jul 6 2009 11:09:41",42.313866,-71.03919,1.06,74.00,34.13
"Jul 6 2009 11:09:42",42.313858,-71.03919,1.02,75.00,34.13
"Jul 6 2009 11:09:43",42.313858,-71.0392,0.98,75.00,34.13
"Jul 6 2009 11:09:44",42.31385,-71.03921,0.98,74.00,34.13
"Jul 6 2009 11:09:45",42.31385,-71.039215,0.98,74.00,34.13
"Jul 6 2009 11:09:47",42.313843,-71.03922,1.02,73.00,34.13
"Jul 6 2009 11:09:48",42.313835,-71.03923,1.02,73.00,34.13
"Jul 6 2009 11:09:49",42.313835,-71.03925,0.98,75.00,34.13
"Jul 6 2009 11:09:50",42.313835,-71.03925,1.02,74.00,34.13
"Jul 6 2009 11:09:51",42.313835,-71.03925,1.02,75.00,34.13
"Jul 6 2009 11:09:52",42.313835,-71.03924,1.02,74.00,34.13
"Jul 6 2009 11:09:53",42.313843,-71.03922,0.90,75.00,34.13
"Jul 6 2009 11:09:54",42.313843,-71.039215,0.98,75.00,34.13
"Jul 6 2009 11:09:55",42.313843,-71.039215,0.90,74.00,34.13
"Jul 6 2009 11:09:56",42.313843,-71.03922,0.90,75.00,34.13
"Jul 6 2009 11:09:57",42.313843,-71.03923,0.98,75.00,34.13
"Jul 6 2009 11:09:58",42.313843,-71.03924,0.94,75.00,34.13
"Jul 6 2009 11:09:59",42.313843,-71.03925,0.98,75.00,34.13
"Jul 6 2009 11:10:01",42.313843,-71.03927,0.98,75.00,34.13
"Jul 6 2009 11:10:02",42.313843,-71.03927,1.22,74.00,34.13
"Jul 6 2009 11:10:03",42.313843,-71.039276,0.86,74.00,34.13
"Jul 6 2009 11:10:04",42.313843,-71.03929,0.98,75.00,34.13
"Jul 6 2009 11:10:05",42.313843,-71.0393,0.90,75.00,34.13
"Jul 6 2009 11:10:06",42.313843,-71.0393,1.02,74.00,34.13
"Jul 6 2009 11:10:07",42.313843,-71.0393,0.90,74.00,34.13
"Jul 6 2009 11:10:08",42.31385,-71.0393,1.02,74.00,34.13
"Jul 6 2009 11:10:09",42.31385,-71.03929,0.98,75.00,34.13
"Jul 6 2009 11:10:10",42.313858,-71.03928,1.62,74.00,34.13
"Jul 6 2009 11:10:11",42.31385,-71.03928,0.94,75.00,34.13
"Jul 6 2009 11:10:12",42.313858,-71.039276,1.02,74.00,35.52
"Jul 6 2009 11:10:14",42.313866,-71.03927,0.90,75.00,35.52
"Jul 6 2009 11:10:15",42.313866,-71.03926,0.90,75.00,35.52
"Jul 6 2009 11:10:16",42.313866,-71.03926,0.98,75.00,35.52
"Jul 6 2009 11:10:17",42.313866,-71.03925,0.94,75.00,35.52
"Jul 6 2009 11:10:18",42.313866,-71.03925,0.98,75.00,35.52
"Jul 6 2009 11:10:19",42.313866,-71.03925,0.90,74.00,35.52
"Jul 6 2009 11:10:20",42.313866,-71.03925,1.02,75.00,35.52
"Jul 6 2009 11:10:21",42.313866,-71.03924,1.02,75.00,35.52
"Jul 6 2009 11:10:22",42.313866,-71.03924,0.90,75.00,35.52
"Jul 6 2009 11:10:23",42.313877,-71.03923,1.10,74.00,36.90
"Jul 6 2009 11:10:24",42.313877,-71.03923,0.90,75.00,35.52
"Jul 6 2009 11:10:24",42.313877,-71.03923,0.98,75.00,35.52
"Jul 6 2009 11:10:27",42.313866,-71.03925,0.94,75.00,36.90
"Jul 6 2009 11:10:28",42.313866,-71.03926,1.02,75.00,36.90
"Jul 6 2009 11:10:29",42.313858,-71.03927,0.94,75.00,36.90
"Jul 6 2009 11:10:30",42.313858,-71.039276,0.86,75.00,36.90
"Jul 6 2009 11:10:31",42.313858,-71.03928,0.98,75.00,36.90
"Jul 6 2009 11:10:32",42.313858,-71.03928,0.94,75.00,36.90
"Jul 6 2009 11:10:33",42.31385,-71.03928,1.02,75.00,36.90
"Jul 6 2009 11:10:34",42.31385,-71.03928,1.06,75.00,36.90
"Jul 6 2009 11:10:35",42.31385,-71.03928,0.94,75.00,36.90
"Jul 6 2009 11:10:36",42.313843,-71.0393,1.14,74.00,36.90
"Jul 6 2009 11:10:37",42.313843,-71.0393,0.82,74.00,36.90
"Jul 6 2009 11:10:38",42.313843,-71.0393,0.90,74.00,36.90
"Jul 6 2009 11:10:40",42.31385,-71.03929,0.98,74.00,36.90
"Jul 6 2009 11:10:41",42.31385,-71.03929,0.98,75.00,36.90
"Jul 6 2009 11:10:42",42.313858,-71.03928,1.22,74.00,36.90
"Jul 6 2009 11:10:43",42.31385,-71.039276,0.98,75.00,36.90
"Jul 6 2009 11:10:44",42.31385,-71.039276,1.26,75.00,36.90
"Jul 6 2009 11:10:45",42.313858,-71.039276,1.06,73.00,36.90
"Jul 6 2009 11:10:46",42.313858,-71.03927,1.14,73.00,36.90
"Jul 6 2009 11:10:47",42.313858,-71.03926,1.02,74.00,36.90
"Jul 6 2009 11:10:48",42.313858,-71.03926,0.90,74.00,36.90
"Jul 6 2009 11:10:49",42.313866,-71.03926,0.90,75.00,36.90
"Jul 6 2009 11:10:50",42.313858,-71.03927,0.90,74.00,36.90
"Jul 6 2009 11:10:51",42.31385,-71.03927,0.98,74.00,36.90
"Jul 6 2009 11:10:52",42.31385,-71.03926,0.94,73.00,36.90
"Jul 6 2009 11:10:54",42.313858,-71.03926,1.06,74.00,36.90
"Jul 6 2009 11:10:55",42.313858,-71.03926,0.98,74.00,36.90
"Jul 6 2009 11:10:56",42.31385,-71.03926,0.90,74.00,36.90
"Jul 6 2009 11:10:57",42.31385,-71.03926,0.94,75.00,36.90
"Jul 6 2009 11:10:58",42.31385,-71.03926,0.98,75.00,36.90
"Jul 6 2009 11:10:59",42.313843,-71.039276,0.90,75.00,36.90
"Jul 6 2009 11:11:00",42.313843,-71.03928,0.98,75.00,36.90
"Jul 6 2009 11:11:01",42.313835,-71.03928,0.94,74.00,36.90
"Jul 6 2009 11:11:02",42.313835,-71.03928,0.94,74.00,36.90
"Jul 6 2009 11:11:03",42.313835,-71.0393,0.90,74.00,36.90
"Jul 6 2009 11:11:04",42.313828,-71.03931,0.90,74.00,36.90
"Jul 6 2009 11:11:04",42.313828,-71.03931,0.78,75.00,36.90
"Jul 6 2009 11:11:07",42.313835,-71.03928,0.94,75.00,36.90
"Jul 6 2009 11:11:08",42.313843,-71.03927,0.98,75.00,36.90
"Jul 6 2009 11:11:09",42.31385,-71.03927,0.98,75.00,36.90
"Jul 6 2009 11:11:10",42.313858,-71.03926,0.98,75.00,36.90
"Jul 6 2009 11:11:11",42.313858,-71.03925,0.94,74.00,36.90
"Jul 6 2009 11:11:12",42.313866,-71.03925,0.98,75.00,36.90
"Jul 6 2009 11:11:13",42.313866,-71.03924,0.94,75.00,36.90
"Jul 6 2009 11:11:14",42.313877,-71.03924,0.94,75.00,36.90
"Jul 6 2009 11:11:15",42.313877,-71.03923,0.94,75.00,36.90
"Jul 6 2009 11:11:16",42.313885,-71.03922,0.90,75.00,36.90
"Jul 6 2009 11:11:17",42.313885,-71.03922,0.98,75.00,36.90
"Jul 6 2009 11:11:18",42.313892,-71.03922,0.90,75.00,36.90
"Jul 6 2009 11:11:20",42.3139,-71.039215,1.02,75.00,36.90
"Jul 6 2009 11:11:21",42.3139,-71.03921,0.90,75.00,36.90
"Jul 6 2009 11:11:22",42.3139,-71.03921,0.98,75.00,36.90
"Jul 6 2009 11:11:23",42.3139,-71.03921,1.06,75.00,36.90
"Jul 6 2009 11:11:24",42.3139,-71.0392,0.86,73.00,36.90
"Jul 6 2009 11:11:25",42.3139,-71.0392,0.90,73.00,36.90
"Jul 6 2009 11:11:26",42.3139,-71.03919,0.86,73.00,36.90
"Jul 6 2009 11:11:27",42.313908,-71.0392,0.94,73.00,36.90
"Jul 6 2009 11:11:28",42.3139,-71.03919,0.98,72.00,36.90
"Jul 6 2009 11:11:29",42.3139,-71.03919,0.98,74.00,36.90
"Jul 6 2009 11:11:30",42.313908,-71.03919,0.94,75.00,36.90
"Jul 6 2009 11:11:31",42.313908,-71.03919,0.82,75.00,36.90
"Jul 6 2009 11:11:33",42.313908,-71.039185,0.98,75.00,38.29
"Jul 6 2009 11:11:34",42.313908,-71.03918,1.02,74.00,36.90
"Jul 6 2009 11:11:35",42.313908,-71.03918,0.94,74.00,36.90
"Jul 6 2009 11:11:36",42.313908,-71.03918,0.98,74.00,36.90
"Jul 6 2009 11:11:37",42.313908,-71.03917,0.94,75.00,36.90
"Jul 6 2009 11:11:38",42.313908,-71.03917,1.02,75.00,38.29
"Jul 6 2009 11:11:39",42.313915,-71.03916,0.98,75.00,38.29
"Jul 6 2009 11:11:40",42.313915,-71.03916,0.98,75.00,38.29
"Jul 6 2009 11:11:41",42.313915,-71.03916,0.98,75.00,38.29
"Jul 6 2009 11:11:42",42.313915,-71.03916,1.02,75.00,38.29
"Jul 6 2009 11:11:43",42.313915,-71.03916,0.98,75.00,38.29
"Jul 6 2009 11:11:44",42.313915,-71.03916,0.98,75.00,38.29
"Jul 6 2009 11:11:45",42.313915,-71.03916,0.94,75.00,38.29
"Jul 6 2009 11:11:47",42.313915,-71.03917,0.98,75.00,38.29
"Jul 6 2009 11:11:48",42.313915,-71.03917,0.98,75.00,38.29
"Jul 6 2009 11:11:49",42.313915,-71.03917,0.98,75.00,38.29
"Jul 6 2009 11:11:50",42.313915,-71.03917,0.94,75.00,38.29
"Jul 6 2009 11:11:51",42.313915,-71.03917,0.94,75.00,38.29
"Jul 6 2009 11:11:52",42.313915,-71.03917,0.90,75.00,38.29
"Jul 6 2009 11:11:53",42.313908,-71.03917,1.10,75.00,38.29
"Jul 6 2009 11:11:54",42.313908,-71.03917,0.94,75.00,38.29
"Jul 6 2009 11:11:55",42.313908,-71.03917,0.86,75.00,38.29
"Jul 6 2009 11:11:56",42.313908,-71.03918,0.86,75.00,38.29
"Jul 6 2009 11:11:57",42.313908,-71.03918,0.98,74.00,36.90
"Jul 6 2009 11:11:58",42.313908,-71.03918,0.98,74.00,36.90
"Jul 6 2009 11:12:00",42.313908,-71.03918,0.94,74.00,36.90
"Jul 6 2009 11:12:01",42.313908,-71.03918,0.98,75.00,36.90
"Jul 6 2009 11:12:02",42.313908,-71.03918,0.98,75.00,36.90
"Jul 6 2009 11:12:03",42.313908,-71.03918,0.86,75.00,36.90
"Jul 6 2009 11:12:04",42.313908,-71.03918,0.94,74.00,36.90
"Jul 6 2009 11:12:05",42.313908,-71.03918,0.86,75.00,36.90
"Jul 6 2009 11:12:06",42.313908,-71.03918,0.98,75.00,36.90
"Jul 6 2009 11:12:07",42.3139,-71.03918,1.06,75.00,36.90
"Jul 6 2009 11:12:08",42.313892,-71.03918,0.74,75.00,36.90
"Jul 6 2009 11:12:09",42.313885,-71.03917,0.94,75.00,36.90
"Jul 6 2009 11:12:10",42.313885,-71.039154,1.22,75.00,36.90
"Jul 6 2009 11:12:11",42.313877,-71.03915,1.06,75.00,36.90
"Jul 6 2009 11:12:12",42.313866,-71.03914,0.98,75.00,36.90
"Jul 6 2009 11:12:14",42.313858,-71.039116,0.86,75.00,36.90
"Jul 6 2009 11:12:15",42.31385,-71.03911,0.78,75.00,36.90
"Jul 6 2009 11:12:16",42.313843,-71.0391,0.74,75.00,36.90
"Jul 6 2009 11:12:17",42.313835,-71.03909,1.42,75.00,36.90
"Jul 6 2009 11:12:18",42.313828,-71.039085,1.10,75.00,38.29
"Jul 6 2009 11:12:19",42.313828,-71.03908,0.82,75.00,38.29
"Jul 6 2009 11:12:20",42.31382,-71.03907,1.10,75.00,38.29
"Jul 6 2009 11:12:21",42.31381,-71.03906,0.86,75.00,38.29
"Jul 6 2009 11:12:22",42.3138,-71.039055,0.94,75.00,38.29
"Jul 6 2009 11:12:23",42.31381,-71.039055,0.94,75.00,38.29
"Jul 6 2009 11:12:24",42.31382,-71.03905,1.14,75.00,38.29
"Jul 6 2009 11:12:25",42.31381,-71.03905,0.86,75.00,38.29
"Jul 6 2009 11:12:27",42.313793,-71.03903,0.98,75.00,38.29
"Jul 6 2009 11:12:28",42.313786,-71.03903,1.02,75.00,38.29
"Jul 6 2009 11:12:29",42.313778,-71.039024,0.74,75.00,38.29
"Jul 6 2009 11:12:30",42.31377,-71.039024,1.30,75.00,38.29
"Jul 6 2009 11:12:31",42.313763,-71.03903,1.22,75.00,38.29
"Jul 6 2009 11:12:32",42.313755,-71.03903,0.82,75.00,38.29
"Jul 6 2009 11:12:33",42.313736,-71.039024,1.30,75.00,38.29
"Jul 6 2009 11:12:34",42.31373,-71.039024,0.98,75.00,38.29
"Jul 6 2009 11:12:35",42.31372,-71.03902,0.78,75.00,38.29
"Jul 6 2009 11:12:36",42.313713,-71.03902,1.34,75.00,38.29
"Jul 6 2009 11:12:37",42.313705,-71.03902,0.94,75.00,38.29
"Jul 6 2009 11:12:38",42.313686,-71.03901,0.78,73.00,38.29
"Jul 6 2009 11:12:40",42.31367,-71.038994,1.10,73.00,38.29
"Jul 6 2009 11:12:41",42.313663,-71.038994,0.94,73.00,38.29
"Jul 6 2009 11:12:42",42.313656,-71.03901,0.86,73.00,38.29
"Jul 6 2009 11:12:43",42.31364,-71.039024,1.22,73.00,38.29
"Jul 6 2009 11:12:44",42.31362,-71.039055,1.14,73.00,38.29
"Jul 6 2009 11:12:45",42.313614,-71.03908,0.90,73.00,38.29
"Jul 6 2009 11:12:46",42.3136,-71.03911,0.90,73.00,38.29
"Jul 6 2009 11:12:47",42.31359,-71.03914,1.14,73.00,38.29
"Jul 6 2009 11:12:48",42.313576,-71.03917,0.94,73.00,36.90
"Jul 6 2009 11:12:49",42.313564,-71.03919,1.22,73.00,36.90
"Jul 6 2009 11:12:50",42.313564,-71.039215,0.90,73.00,36.90
"Jul 6 2009 11:12:51",42.313576,-71.03922,0.66,73.00,36.90
"Jul 6 2009 11:12:53",42.3136,-71.039215,1.10,73.00,36.90
"Jul 6 2009 11:12:54",42.313606,-71.03921,0.86,73.00,36.90
"Jul 6 2009 11:12:55",42.313606,-71.039215,1.06,73.00,36.90
"Jul 6 2009 11:12:56",42.313606,-71.039215,1.14,73.00,36.90
"Jul 6 2009 11:12:57",42.313606,-71.03923,1.18,73.00,36.90
"Jul 6 2009 11:12:58",42.313614,-71.03925,1.34,73.00,36.90
"Jul 6 2009 11:12:59",42.313633,-71.03927,1.38,73.00,36.90
"Jul 6 2009 11:13:00",42.313633,-71.03928,1.10,73.00,36.90
"Jul 6 2009 11:13:01",42.31364,-71.03928,0.90,73.00,36.90
"Jul 6 2009 11:13:02",42.313656,-71.03929,0.98,73.00,35.52
"Jul 6 2009 11:13:03",42.313656,-71.039314,0.82,73.00,35.52
"Jul 6 2009 11:13:04",42.31364,-71.039345,0.90,73.00,35.52
"Jul 6 2009 11:13:05",42.313633,-71.039345,0.82,73.00,35.52
"Jul 6 2009 11:13:07",42.313606,-71.0394,0.94,73.00,35.52
"Jul 6 2009 11:13:08",42.313606,-71.03942,1.06,73.00,35.52
"Jul 6 2009 11:13:09",42.3136,-71.03944,0.74,73.00,35.52
"Jul 6 2009 11:13:10",42.31359,-71.03945,0.90,73.00,35.52
"Jul 6 2009 11:13:11",42.31359,-71.03946,0.90,73.00,35.52
"Jul 6 2009 11:13:12",42.3136,-71.03947,1.02,73.00,35.52
"Jul 6 2009 11:13:13",42.3136,-71.03948,1.22,74.00,35.52
"Jul 6 2009 11:13:14",42.313606,-71.0395,1.14,74.00,35.52
"Jul 6 2009 11:13:15",42.313614,-71.0395,1.02,75.00,35.52
"Jul 6 2009 11:13:16",42.313614,-71.039474,0.90,75.00,35.52
"Jul 6 2009 11:13:17",42.31362,-71.03945,0.98,75.00,35.52
"Jul 6 2009 11:13:18",42.313633,-71.03942,0.98,75.00,35.52
"Jul 6 2009 11:13:20",42.31365,-71.03935,0.98,74.00,35.52
"Jul 6 2009 11:13:21",42.31365,-71.039345,1.02,75.00,35.52
"Jul 6 2009 11:13:22",42.31364,-71.03933,0.98,75.00,35.52
"Jul 6 2009 11:13:23",42.313633,-71.03933,1.06,74.00,35.52
"Jul 6 2009 11:13:24",42.313633,-71.039314,1.30,74.00,35.52
"Jul 6 2009 11:13:25",42.313633,-71.0393,0.90,74.00,35.52
"Jul 6 2009 11:13:26",42.31364,-71.039276,0.82,75.00,35.52
"Jul 6 2009 11:13:27",42.31365,-71.03924,1.06,75.00,35.52
"Jul 6 2009 11:13:28",42.31365,-71.03922,0.98,75.00,35.52
"Jul 6 2009 11:13:29",42.313656,-71.03921,0.82,75.00,35.52
"Jul 6 2009 11:13:30",42.313663,-71.039185,1.06,75.00,35.52
"Jul 6 2009 11:13:31",42.31367,-71.03917,1.06,75.00,35.52
"Jul 6 2009 11:13:33",42.31367,-71.03916,1.02,75.00,35.52
"Jul 6 2009 11:13:34",42.313663,-71.039154,1.02,75.00,35.52
"Jul 6 2009 11:13:35",42.313663,-71.039154,0.90,75.00,35.52
"Jul 6 2009 11:13:36",42.313663,-71.039154,0.98,75.00,35.52
"Jul 6 2009 11:13:37",42.313663,-71.03915,0.86,75.00,35.52
"Jul 6 2009 11:13:38",42.31367,-71.039154,1.06,75.00,35.52
"Jul 6 2009 11:13:39",42.31367,-71.039154,1.30,75.00,35.52
"Jul 6 2009 11:13:40",42.31367,-71.039154,1.02,75.00,35.52
"Jul 6 2009 11:13:41",42.31368,-71.03915,0.94,75.00,35.52
"Jul 6 2009 11:13:42",42.313686,-71.03913,1.06,75.00,35.52
"Jul 6 2009 11:13:43",42.313698,-71.039116,1.02,74.00,35.52
"Jul 6 2009 11:13:44",42.313698,-71.03911,0.82,74.00,35.52
"Jul 6 2009 11:13:45",42.313705,-71.03911,0.98,74.00,35.52
"Jul 6 2009 11:13:47",42.31372,-71.03911,1.02,73.00,35.52
"Jul 6 2009 11:13:48",42.31372,-71.039116,1.02,75.00,35.52
"Jul 6 2009 11:13:49",42.313713,-71.03913,1.14,75.00,35.52
"Jul 6 2009 11:13:50",42.313713,-71.03913,0.74,75.00,35.52
"Jul 6 2009 11:13:51",42.313705,-71.03913,0.94,75.00,35.52
"Jul 6 2009 11:13:52",42.313705,-71.03913,0.98,73.00,35.52
"Jul 6 2009 11:13:53",42.313705,-71.03913,0.82,75.00,35.52
"Jul 6 2009 11:13:54",42.313713,-71.03914,1.02,75.00,35.52
"Jul 6 2009 11:13:55",42.313713,-71.03914,0.94,75.00,35.52
"Jul 6 2009 11:13:56",42.313713,-71.03914,0.86,75.00,35.52
"Jul 6 2009 11:13:57",42.31372,-71.03914,0.86,75.00,35.52
"Jul 6 2009 11:13:58",42.31372,-71.03914,1.06,74.00,35.52
"Jul 6 2009 11:14:00",42.313713,-71.03913,1.06,75.00,35.52
"Jul 6 2009 11:14:01",42.313713,-71.03913,0.94,73.00,35.52
"Jul 6 2009 11:14:02",42.313713,-71.039116,1.02,73.00,35.52
"Jul 6 2009 11:14:03",42.313713,-71.03911,1.02,75.00,35.52
"Jul 6 2009 11:14:04",42.313713,-71.03911,1.02,73.00,35.52
"Jul 6 2009 11:14:05",42.31372,-71.03911,0.78,75.00,35.52
"Jul 6 2009 11:14:06",42.313713,-71.039116,0.90,73.00,35.52
"Jul 6 2009 11:14:07",42.313713,-71.039116,1.02,73.00,35.52
"Jul 6 2009 11:14:08",42.313713,-71.039116,0.94,73.00,35.52
"Jul 6 2009 11:14:09",42.313713,-71.03913,0.98,73.00,35.52
"Jul 6 2009 11:14:10",42.313713,-71.03913,0.94,73.00,35.52
"Jul 6 2009 11:14:11",42.313713,-71.03913,0.94,73.00,35.52
"Jul 6 2009 11:14:13",42.313705,-71.03914,0.94,73.00,34.13
"Jul 6 2009 11:14:14",42.313705,-71.03915,0.98,73.00,34.13
"Jul 6 2009 11:14:15",42.313705,-71.03915,1.06,75.00,34.13
"Jul 6 2009 11:14:16",42.313705,-71.03915,1.06,75.00,34.13
"Jul 6 2009 11:14:17",42.313705,-71.03915,0.94,75.00,34.13
"Jul 6 2009 11:14:18",42.313705,-71.039154,1.02,73.00,34.13
"Jul 6 2009 11:14:19",42.313698,-71.039154,1.02,74.00,34.13
"Jul 6 2009 11:14:20",42.313698,-71.039154,1.02,73.00,34.13
"Jul 6 2009 11:14:21",42.313698,-71.039154,1.10,73.00,34.13
"Jul 6 2009 11:14:22",42.313705,-71.039154,1.02,75.00,34.13
"Jul 6 2009 11:14:23",42.313705,-71.03915,0.94,75.00,34.13
"Jul 6 2009 11:14:24",42.313705,-71.03915,1.10,74.00,34.13
"Jul 6 2009 11:14:26",42.313705,-71.03914,0.94,74.00,34.13
"Jul 6 2009 11:14:27",42.313705,-71.03914,1.06,73.00,34.13
"Jul 6 2009 11:14:28",42.313705,-71.03913,1.02,75.00,34.13
"Jul 6 2009 11:14:29",42.313705,-71.03913,0.90,73.00,34.13
"Jul 6 2009 11:14:30",42.313705,-71.03913,0.94,73.00,34.13
"Jul 6 2009 11:14:31",42.313705,-71.03913,0.86,73.00,34.13
"Jul 6 2009 11:14:32",42.313705,-71.03913,0.98,75.00,34.13
"Jul 6 2009 11:14:33",42.313705,-71.03913,1.14,73.00,34.13
"Jul 6 2009 11:14:34",42.313705,-71.03913,1.02,73.00,34.13
"Jul 6 2009 11:14:35",42.313713,-71.03913,0.90,73.00,34.13
"Jul 6 2009 11:14:36",42.313713,-71.039116,0.90,73.00,34.13
"Jul 6 2009 11:14:37",42.31372,-71.03913,0.82,73.00,34.13
"Jul 6 2009 11:14:39",42.31372,-71.03913,0.98,73.00,34.13
"Jul 6 2009 11:14:40",42.31372,-71.03913,0.90,73.00,34.13
"Jul 6 2009 11:14:41",42.31372,-71.03913,0.86,73.00,34.13
"Jul 6 2009 11:14:42",42.31372,-71.03913,1.06,72.00,34.13
"Jul 6 2009 11:14:43",42.31372,-71.03913,0.98,72.00,34.13
"Jul 6 2009 11:14:44",42.31372,-71.03914,0.94,75.00,34.13
"Jul 6 2009 11:14:45",42.31373,-71.03914,0.98,75.00,34.13
"Jul 6 2009 11:14:46",42.31373,-71.03914,0.82,75.00,34.13
"Jul 6 2009 11:14:47",42.31373,-71.03915,1.10,75.00,34.13
"Jul 6 2009 11:14:48",42.31373,-71.03915,1.18,75.00,34.13
"Jul 6 2009 11:14:49",42.313736,-71.03915,0.90,75.00,34.13
"Jul 6 2009 11:14:50",42.313736,-71.03915,1.02,74.00,35.52
"Jul 6 2009 11:14:51",42.313736,-71.03915,0.70,75.00,35.52
"Jul 6 2009 11:14:53",42.31373,-71.03915,0.90,75.00,35.52
"Jul 6 2009 11:14:54",42.31373,-71.039154,1.14,75.00,35.52
"Jul 6 2009 11:14:55",42.31373,-71.039154,0.86,74.00,35.52
"Jul 6 2009 11:14:56",42.31373,-71.039154,0.94,75.00,35.52
"Jul 6 2009 11:14:57",42.31373,-71.039154,0.94,75.00,35.52
"Jul 6 2009 11:14:58",42.31373,-71.039154,1.02,75.00,35.52
"Jul 6 2009 11:14:59",42.313736,-71.03916,0.94,75.00,35.52
"Jul 6 2009 11:15:00",42.313736,-71.03916,0.98,74.00,35.52
"Jul 6 2009 11:15:01",42.313744,-71.03917,0.98,75.00,35.52
"Jul 6 2009 11:15:02",42.313744,-71.03917,0.94,75.00,35.52
"Jul 6 2009 11:15:03",42.313744,-71.03917,0.86,75.00,35.52
"Jul 6 2009 11:15:03",42.313744,-71.03917,0.94,75.00,35.52
"Jul 6 2009 11:15:06",42.313744,-71.03917,0.94,75.00,35.52
"Jul 6 2009 11:15:07",42.313744,-71.03918,0.98,74.00,35.52
"Jul 6 2009 11:15:08",42.313755,-71.03918,0.90,73.00,35.52
"Jul 6 2009 11:15:09",42.313755,-71.039185,1.06,73.00,35.52
"Jul 6 2009 11:15:10",42.313763,-71.039185,0.86,73.00,35.52
"Jul 6 2009 11:15:11",42.31377,-71.03919,0.98,75.00,35.52
"Jul 6 2009 11:15:12",42.31377,-71.03919,0.98,72.00,35.52
"Jul 6 2009 11:15:13",42.313778,-71.0392,1.06,72.00,35.52
"Jul 6 2009 11:15:14",42.313778,-71.0392,0.98,75.00,35.52
"Jul 6 2009 11:15:15",42.313786,-71.0392,0.98,73.00,35.52
"Jul 6 2009 11:15:16",42.313786,-71.0392,0.98,75.00,35.52
"Jul 6 2009 11:15:17",42.313786,-71.0392,1.02,75.00,35.52
"Jul 6 2009 11:15:19",42.313786,-71.0392,0.82,75.00,35.52
"Jul 6 2009 11:15:20",42.313778,-71.0392,1.02,74.00,35.52
"Jul 6 2009 11:15:21",42.313786,-71.0392,1.22,75.00,35.52
"Jul 6 2009 11:15:22",42.313786,-71.03919,1.02,73.00,35.52
"Jul 6 2009 11:15:23",42.313793,-71.03919,0.82,75.00,35.52
"Jul 6 2009 11:15:24",42.313786,-71.0392,1.18,75.00,35.52
"Jul 6 2009 11:15:25",42.313778,-71.03921,0.66,73.00,35.52
"Jul 6 2009 11:15:26",42.31377,-71.03921,0.86,75.00,35.52
"Jul 6 2009 11:15:27",42.31377,-71.03921,1.10,75.00,35.52
"Jul 6 2009 11:15:28",42.313763,-71.03921,0.86,75.00,35.52
"Jul 6 2009 11:15:29",42.313763,-71.039215,0.74,73.00,35.52
"Jul 6 2009 11:15:30",42.313755,-71.03923,0.90,73.00,35.52
"Jul 6 2009 11:15:32",42.313755,-71.03926,1.06,73.00,35.52
"Jul 6 2009 11:15:33",42.313755,-71.03927,1.02,75.00,35.52
"Jul 6 2009 11:15:34",42.313755,-71.03927,1.02,75.00,35.52
"Jul 6 2009 11:15:35",42.313755,-71.039276,0.98,73.00,35.52
"Jul 6 2009 11:15:36",42.313744,-71.03929,0.78,75.00,35.52
"Jul 6 2009 11:15:37",42.313744,-71.03931,0.90,75.00,35.52
"Jul 6 2009 11:15:38",42.313755,-71.039314,0.94,75.00,35.52
"Jul 6 2009 11:15:39",42.313755,-71.03933,0.70,74.00,35.52
"Jul 6 2009 11:15:40",42.313755,-71.03934,1.22,75.00,35.52
"Jul 6 2009 11:15:41",42.313744,-71.03935,0.86,75.00,35.52
"Jul 6 2009 11:15:42",42.313744,-71.03936,1.02,75.00,35.52
"Jul 6 2009 11:15:43",42.313755,-71.03936,0.66,75.00,35.52
"Jul 6 2009 11:15:44",42.313755,-71.039375,1.54,75.00,35.52
"Jul 6 2009 11:15:46",42.313755,-71.03939,0.94,75.00,35.52
"Jul 6 2009 11:15:47",42.313755,-71.03939,1.18,74.00,35.52
"Jul 6 2009 11:15:48",42.313763,-71.0394,0.94,75.00,35.52
"Jul 6 2009 11:15:49",42.313763,-71.03941,0.62,75.00,35.52
"Jul 6 2009 11:15:50",42.313763,-71.03942,1.18,75.00,35.52
"Jul 6 2009 11:15:51",42.313763,-71.03944,0.82,75.00,35.52
"Jul 6 2009 11:15:52",42.313755,-71.03945,0.78,75.00,35.52
"Jul 6 2009 11:15:53",42.313763,-71.03946,1.30,75.00,35.52
"Jul 6 2009 11:15:54",42.313763,-71.039474,0.66,75.00,35.52
"Jul 6 2009 11:15:55",42.313763,-71.0395,0.98,75.00,35.52
"Jul 6 2009 11:15:56",42.313763,-71.03951,0.90,75.00,35.52
"Jul 6 2009 11:15:57",42.313763,-71.03952,0.86,75.00,35.52
"Jul 6 2009 11:15:59",42.313763,-71.03956,0.90,74.00,35.52
"Jul 6 2009 11:16:00",42.31377,-71.03955,0.78,75.00,35.52
"Jul 6 2009 11:16:01",42.313786,-71.03956,1.02,75.00,35.52
"Jul 6 2009 11:16:02",42.313793,-71.03956,1.10,75.00,35.52
"Jul 6 2009 11:16:03",42.31381,-71.03956,1.22,75.00,35.52
"Jul 6 2009 11:16:04",42.31382,-71.03956,0.70,75.00,35.52
"Jul 6 2009 11:16:05",42.313828,-71.03956,0.90,75.00,35.52
"Jul 6 2009 11:16:06",42.313835,-71.03956,1.30,75.00,35.52
"Jul 6 2009 11:16:07",42.313843,-71.039566,0.90,75.00,35.52
"Jul 6 2009 11:16:08",42.313843,-71.039566,0.86,75.00,35.52
"Jul 6 2009 11:16:09",42.313858,-71.03956,0.74,75.00,35.52
"Jul 6 2009 11:16:09",42.313858,-71.03956,1.30,75.00,35.52
"Jul 6 2009 11:16:12",42.313885,-71.03952,0.86,75.00,35.52
"Jul 6 2009 11:16:13",42.313885,-71.03952,1.30,75.00,35.52
"Jul 6 2009 11:16:14",42.313892,-71.03951,0.54,75.00,35.52
"Jul 6 2009 11:16:15",42.3139,-71.03951,1.30,74.00,35.52
"Jul 6 2009 11:16:16",42.313908,-71.03952,0.78,75.00,35.52
"Jul 6 2009 11:16:17",42.313908,-71.03953,1.34,75.00,35.52
"Jul 6 2009 11:16:18",42.313915,-71.039536,0.90,74.00,35.52
"Jul 6 2009 11:16:19",42.313915,-71.039536,0.58,75.00,35.52
"Jul 6 2009 11:16:20",42.313915,-71.03954,0.98,75.00,35.52
"Jul 6 2009 11:16:21",42.313923,-71.03954,0.78,75.00,35.52
"Jul 6 2009 11:16:22",42.313942,-71.03955,1.02,75.00,35.52
"Jul 6 2009 11:16:23",42.313942,-71.03955,0.70,75.00,35.52
"Jul 6 2009 11:16:25",42.31395,-71.03955,0.98,74.00,35.52
"Jul 6 2009 11:16:26",42.313957,-71.03956,0.86,74.00,35.52
"Jul 6 2009 11:16:27",42.313972,-71.03956,0.86,75.00,35.52
"Jul 6 2009 11:16:28",42.313988,-71.039536,0.82,75.00,35.52
"Jul 6 2009 11:16:29",42.314,-71.03953,0.62,75.00,35.52
"Jul 6 2009 11:16:30",42.314007,-71.03952,0.98,75.00,35.52
"Jul 6 2009 11:16:31",42.314,-71.03951,0.86,75.00,35.52
"Jul 6 2009 11:16:32",42.314007,-71.0395,1.18,75.00,35.52
"Jul 6 2009 11:16:33",42.314007,-71.03947,0.90,75.00,35.52
"Jul 6 2009 11:16:34",42.314014,-71.03945,1.06,75.00,35.52
"Jul 6 2009 11:16:35",42.314014,-71.039444,0.78,74.00,35.52
"Jul 6 2009 11:16:36",42.314014,-71.03944,1.34,75.00,35.52
"Jul 6 2009 11:16:38",42.314,-71.039444,0.86,73.00,35.52
"Jul 6 2009 11:16:39",42.314,-71.039444,0.86,73.00,34.13
"Jul 6 2009 11:16:40",42.314,-71.03946,0.94,73.00,34.13
"Jul 6 2009 11:16:41",42.314007,-71.03946,0.58,73.00,34.13
"Jul 6 2009 11:16:42",42.314007,-71.03947,0.98,73.00,34.13
"Jul 6 2009 11:16:43",42.314014,-71.03948,0.86,72.00,34.13
"Jul 6 2009 11:16:44",42.314022,-71.0395,0.82,72.00,34.13
"Jul 6 2009 11:16:45",42.314014,-71.039505,0.94,72.00,34.13
"Jul 6 2009 11:16:46",42.314022,-71.039505,0.70,72.00,34.13
"Jul 6 2009 11:16:47",42.314022,-71.03951,0.86,72.00,34.13
"Jul 6 2009 11:16:48",42.314022,-71.03953,0.66,71.00,34.13
"Jul 6 2009 11:16:49",42.314022,-71.03954,0.90,71.00,34.13
"Jul 6 2009 11:16:51",42.31403,-71.03956,1.34,72.00,34.13
"Jul 6 2009 11:16:52",42.31403,-71.039566,0.86,72.00,34.13
"Jul 6 2009 11:16:53",42.314045,-71.03957,1.06,72.00,34.13
"Jul 6 2009 11:16:54",42.314053,-71.03957,1.10,72.00,34.13
"Jul 6 2009 11:16:55",42.314064,-71.03957,0.86,72.00,34.13
"Jul 6 2009 11:16:56",42.31407,-71.03957,1.46,72.00,32.75
"Jul 6 2009 11:16:57",42.314053,-71.039566,0.78,71.00,32.75
"Jul 6 2009 11:16:58",42.314045,-71.03957,0.74,72.00,32.75
"Jul 6 2009 11:16:59",42.314045,-71.03959,1.06,72.00,32.75
"Jul 6 2009 11:17:00",42.314014,-71.03962,0.94,72.00,32.75
"Jul 6 2009 11:17:01",42.31398,-71.03965,1.38,72.00,32.75
"Jul 6 2009 11:17:02",42.313942,-71.039665,0.70,72.00,32.75
"Jul 6 2009 11:17:03",42.313915,-71.039665,1.26,72.00,32.75
"Jul 6 2009 11:17:05",42.3139,-71.03965,0.70,72.00,31.36
"Jul 6 2009 11:17:06",42.3139,-71.03965,1.10,72.00,31.36
"Jul 6 2009 11:17:07",42.3139,-71.03964,0.78,72.00,31.36
"Jul 6 2009 11:17:08",42.3139,-71.03964,0.94,72.00,31.36
"Jul 6 2009 11:17:09",42.313908,-71.03964,0.98,72.00,31.36
"Jul 6 2009 11:17:10",42.313885,-71.03965,0.90,73.00,31.36
"Jul 6 2009 11:17:11",42.313892,-71.03964,0.98,72.00,31.36
"Jul 6 2009 11:17:12",42.313858,-71.039635,0.70,72.00,31.36
"Jul 6 2009 11:17:13",42.313835,-71.039635,0.98,72.00,31.36
"Jul 6 2009 11:17:14",42.31382,-71.03964,1.14,73.00,31.36
"Jul 6 2009 11:17:15",42.31382,-71.03966,1.34,73.00,31.36
"Jul 6 2009 11:17:16",42.31382,-71.039665,0.62,73.00,31.36
"Jul 6 2009 11:17:18",42.313843,-71.03966,0.90,73.00,31.36
"Jul 6 2009 11:17:19",42.31385,-71.039665,1.06,73.00,31.36
"Jul 6 2009 11:17:20",42.31385,-71.039665,0.86,73.00,31.36
"Jul 6 2009 11:17:21",42.313835,-71.039665,0.74,72.00,31.36
"Jul 6 2009 11:17:22",42.313828,-71.039665,0.82,73.00,29.98
"Jul 6 2009 11:17:23",42.31381,-71.03965,1.14,73.00,29.98
"Jul 6 2009 11:17:24",42.3138,-71.03965,1.10,73.00,29.98
"Jul 6 2009 11:17:25",42.3138,-71.03964,0.74,73.00,29.98
"Jul 6 2009 11:17:26",42.31381,-71.03965,0.86,73.00,29.98
"Jul 6 2009 11:17:27",42.31382,-71.03965,1.14,73.00,29.98
"Jul 6 2009 11:17:28",42.313828,-71.03965,0.46,73.00,29.98
"Jul 6 2009 11:17:29",42.313835,-71.03965,1.34,74.00,29.98
"Jul 6 2009 11:17:31",42.31385,-71.03965,0.90,74.00,29.98
"Jul 6 2009 11:17:32",42.313866,-71.03966,0.62,74.00,29.98
"Jul 6 2009 11:17:33",42.313877,-71.03966,0.78,74.00,29.98
"Jul 6 2009 11:17:34",42.313885,-71.03966,1.14,73.00,29.98
"Jul 6 2009 11:17:35",42.313892,-71.03966,1.10,73.00,29.98
"Jul 6 2009 11:17:36",42.3139,-71.03965,0.62,73.00,29.98
"Jul 6 2009 11:17:37",42.313908,-71.03965,1.58,74.00,29.98
"Jul 6 2009 11:17:38",42.313915,-71.03965,1.02,73.00,29.98
"Jul 6 2009 11:17:39",42.313923,-71.03965,0.90,74.00,29.98
"Jul 6 2009 11:17:40",42.31393,-71.03964,0.74,74.00,29.98
"Jul 6 2009 11:17:41",42.313942,-71.03964,1.46,73.00,29.98
"Jul 6 2009 11:17:42",42.31395,-71.039635,1.54,73.00,29.98
"Jul 6 2009 11:17:44",42.313965,-71.03963,0.82,73.00,29.98
"Jul 6 2009 11:17:45",42.313972,-71.03963,0.82,74.00,29.98
"Jul 6 2009 11:17:46",42.31398,-71.03963,0.70,73.00,29.98
"Jul 6 2009 11:17:47",42.313988,-71.03962,1.22,74.00,29.98
"Jul 6 2009 11:17:48",42.314,-71.039604,1.58,73.00,29.98
"Jul 6 2009 11:17:49",42.314007,-71.0396,0.78,73.00,29.98
"Jul 6 2009 11:17:50",42.314007,-71.03958,1.10,74.00,29.98
"Jul 6 2009 11:17:51",42.314014,-71.03958,0.98,74.00,29.98
"Jul 6 2009 11:17:52",42.314022,-71.03957,1.30,74.00,29.98
"Jul 6 2009 11:17:53",42.31403,-71.03957,0.94,74.00,29.98
"Jul 6 2009 11:17:54",42.314037,-71.039566,1.10,74.00,29.98
"Jul 6 2009 11:17:54",42.314037,-71.039566,0.58,73.00,29.98
"Jul 6 2009 11:17:57",42.314053,-71.03956,0.66,73.00,29.98
"Jul 6 2009 11:17:58",42.314064,-71.03955,1.02,74.00,29.98
"Jul 6 2009 11:17:59",42.31407,-71.03954,0.70,74.00,29.98
"Jul 6 2009 11:18:00",42.31407,-71.039536,1.66,74.00,29.98
"Jul 6 2009 11:18:01",42.31408,-71.03953,0.98,73.00,29.98
"Jul 6 2009 11:18:02",42.314087,-71.03953,0.90,73.00,31.36
"Jul 6 2009 11:18:03",42.314095,-71.03952,0.90,73.00,29.98
"Jul 6 2009 11:18:04",42.314102,-71.03951,1.06,74.00,29.98
"Jul 6 2009 11:18:05",42.31411,-71.03951,1.02,74.00,29.98
"Jul 6 2009 11:18:06",42.31411,-71.039505,0.74,73.00,29.98
"Jul 6 2009 11:18:07",42.31412,-71.0395,1.62,74.00,29.98
"Jul 6 2009 11:18:07",42.31412,-71.0395,1.02,74.00,31.36
"Jul 6 2009 11:18:10",42.314137,-71.039474,0.94,73.00,29.98
"Jul 6 2009 11:18:11",42.314144,-71.03947,1.18,74.00,29.98
"Jul 6 2009 11:18:12",42.31415,-71.03947,0.66,74.00,29.98
"Jul 6 2009 11:18:13",42.31416,-71.03947,1.74,73.00,29.98
"Jul 6 2009 11:18:14",42.314175,-71.03947,0.86,73.00,29.98
"Jul 6 2009 11:18:15",42.314186,-71.03947,0.54,74.00,29.98
"Jul 6 2009 11:18:16",42.314186,-71.03947,1.54,73.00,29.98
"Jul 6 2009 11:18:17",42.314194,-71.03947,1.66,73.00,29.98
"Jul 6 2009 11:18:18",42.3142,-71.039474,1.38,72.00,29.98
"Jul 6 2009 11:18:19",42.31421,-71.039474,0.70,73.00,29.98
"Jul 6 2009 11:18:20",42.314224,-71.039474,0.74,73.00,29.98
"Jul 6 2009 11:18:20",42.314224,-71.039474,0.82,73.00,29.98
"Jul 6 2009 11:18:23",42.31425,-71.039474,0.82,74.00,29.98
"Jul 6 2009 11:18:24",42.31426,-71.039474,1.06,73.00,29.98
"Jul 6 2009 11:18:25",42.314266,-71.03948,1.18,74.00,29.98
"Jul 6 2009 11:18:26",42.314266,-71.0395,0.62,74.00,29.98
"Jul 6 2009 11:18:27",42.31426,-71.0395,0.86,74.00,29.98
"Jul 6 2009 11:18:28",42.31426,-71.039474,0.86,73.00,29.98
"Jul 6 2009 11:18:29",42.314266,-71.03947,0.78,74.00,29.98
"Jul 6 2009 11:18:30",42.314274,-71.03946,1.10,74.00,29.98
"Jul 6 2009 11:18:31",42.31429,-71.03946,1.30,75.00,29.98
"Jul 6 2009 11:18:32",42.314297,-71.03945,1.26,74.00,29.98
"Jul 6 2009 11:18:33",42.31431,-71.039444,1.34,75.00,29.98
"Jul 6 2009 11:18:33",42.31431,-71.039444,1.34,73.00,29.98
"Jul 6 2009 11:18:36",42.31433,-71.03942,0.78,74.00,29.98
"Jul 6 2009 11:18:37",42.31434,-71.039406,0.82,73.00,29.98
"Jul 6 2009 11:18:38",42.314346,-71.0394,0.82,74.00,29.98
"Jul 6 2009 11:18:39",42.314365,-71.03939,0.46,74.00,29.98
"Jul 6 2009 11:18:39",42.314365,-71.03938,0.78,74.00,29.98
"Jul 6 2009 11:18:40",42.314373,-71.039375,0.82,73.00,29.98
"Jul 6 2009 11:18:41",42.314373,-71.03935,0.78,74.00,29.98
"Jul 6 2009 11:18:42",42.314373,-71.03934,0.98,74.00,29.98
"Jul 6 2009 11:18:43",42.314373,-71.03932,1.10,75.00,31.36
"Jul 6 2009 11:18:44",42.31438,-71.039314,1.46,75.00,31.36
"Jul 6 2009 11:18:45",42.31438,-71.0393,1.02,75.00,31.36
"Jul 6 2009 11:18:46",42.31439,-71.03929,1.22,74.00,31.36
"Jul 6 2009 11:18:48",42.314404,-71.039276,1.50,75.00,31.36
"Jul 6 2009 11:18:49",42.31441,-71.039276,0.66,74.00,31.36
"Jul 6 2009 11:18:50",42.31442,-71.03927,1.02,75.00,31.36
"Jul 6 2009 11:18:51",42.314438,-71.03927,1.46,75.00,31.36
"Jul 6 2009 11:18:52",42.314445,-71.03927,0.74,75.00,31.36
"Jul 6 2009 11:18:53",42.314453,-71.03926,1.06,75.00,31.36
"Jul 6 2009 11:18:54",42.31446,-71.03925,1.38,74.00,31.36
"Jul 6 2009 11:18:55",42.31447,-71.03925,0.98,75.00,31.36
"Jul 6 2009 11:18:56",42.314487,-71.03925,1.18,75.00,31.36
"Jul 6 2009 11:18:57",42.314495,-71.03924,0.90,75.00,31.36
"Jul 6 2009 11:18:58",42.314503,-71.03923,0.66,75.00,31.36
"Jul 6 2009 11:18:59",42.314503,-71.03922,1.30,75.00,31.36
"Jul 6 2009 11:19:01",42.31451,-71.03921,0.82,74.00,31.36
"Jul 6 2009 11:19:02",42.314518,-71.03921,1.22,73.00,31.36
"Jul 6 2009 11:19:03",42.314518,-71.03921,0.86,74.00,31.36
"Jul 6 2009 11:19:04",42.314518,-71.03921,0.78,74.00,31.36
"Jul 6 2009 11:19:05",42.314518,-71.03921,0.98,75.00,31.36
"Jul 6 2009 11:19:06",42.314518,-71.03921,0.82,75.00,32.75
"Jul 6 2009 11:19:07",42.31451,-71.0392,0.98,75.00,32.75
"Jul 6 2009 11:19:08",42.31451,-71.0392,0.90,75.00,32.75
"Jul 6 2009 11:19:09",42.31451,-71.0392,1.02,73.00,32.75
"Jul 6 2009 11:19:10",42.31451,-71.03921,0.94,74.00,32.75
"Jul 6 2009 11:19:11",42.31451,-71.03921,0.86,74.00,32.75
"Jul 6 2009 11:19:12",42.31451,-71.03921,0.94,75.00,32.75
"Jul 6 2009 11:19:14",42.314503,-71.03921,1.02,73.00,32.75
"Jul 6 2009 11:19:15",42.314503,-71.03921,1.02,74.00,32.75
"Jul 6 2009 11:19:16",42.314503,-71.03921,0.74,75.00,32.75
"Jul 6 2009 11:19:17",42.314503,-71.03921,0.82,75.00,32.75
"Jul 6 2009 11:19:18",42.314503,-71.03921,0.94,75.00,32.75
"Jul 6 2009 11:19:19",42.314495,-71.0392,0.90,75.00,32.75
"Jul 6 2009 11:19:20",42.314495,-71.0392,0.90,75.00,32.75
"Jul 6 2009 11:19:21",42.314495,-71.0392,0.90,75.00,32.75
"Jul 6 2009 11:19:22",42.314495,-71.03921,0.90,75.00,32.75
"Jul 6 2009 11:19:23",42.314487,-71.03921,0.94,75.00,32.75
"Jul 6 2009 11:19:24",42.314487,-71.03921,0.94,75.00,32.75
"Jul 6 2009 11:19:25",42.314487,-71.03921,0.82,74.00,32.75
"Jul 6 2009 11:19:26",42.314487,-71.03921,0.82,74.00,32.75
"Jul 6 2009 11:19:28",42.314487,-71.03921,1.02,74.00,32.75
"Jul 6 2009 11:19:29",42.314487,-71.03921,0.90,74.00,32.75
"Jul 6 2009 11:19:30",42.314487,-71.03921,1.14,73.00,32.75
"Jul 6 2009 11:19:31",42.314487,-71.03921,0.86,74.00,32.75
"Jul 6 2009 11:19:32",42.314487,-71.039215,0.66,74.00,32.75
"Jul 6 2009 11:19:33",42.314487,-71.039215,0.90,73.00,32.75
"Jul 6 2009 11:19:34",42.314487,-71.039215,0.90,75.00,32.75
"Jul 6 2009 11:19:35",42.314495,-71.039215,1.06,75.00,32.75
"Jul 6 2009 11:19:36",42.314487,-71.039215,1.02,74.00,32.75
"Jul 6 2009 11:19:37",42.314487,-71.039215,0.98,75.00,32.75
"Jul 6 2009 11:19:38",42.314495,-71.039215,0.90,75.00,34.13
"Jul 6 2009 11:19:38",42.314495,-71.039215,0.86,75.00,34.13
"Jul 6 2009 11:19:41",42.314495,-71.039215,1.02,74.00,34.13
"Jul 6 2009 11:19:42",42.314495,-71.039215,0.98,75.00,32.75
"Jul 6 2009 11:19:43",42.314503,-71.03921,0.90,75.00,32.75
"Jul 6 2009 11:19:44",42.314503,-71.03921,1.02,74.00,32.75
"Jul 6 2009 11:19:45",42.314503,-71.03921,0.98,74.00,32.75
"Jul 6 2009 11:19:46",42.314495,-71.03921,0.98,73.00,32.75
"Jul 6 2009 11:19:47",42.314495,-71.03921,1.06,74.00,32.75
"Jul 6 2009 11:19:48",42.314495,-71.0392,1.10,74.00,32.75
"Jul 6 2009 11:19:49",42.314487,-71.0392,1.06,74.00,32.75
"Jul 6 2009 11:19:50",42.314495,-71.03919,1.02,74.00,32.75
"Jul 6 2009 11:19:51",42.314495,-71.03919,1.02,74.00,32.75
"Jul 6 2009 11:19:52",42.314495,-71.0392,1.02,74.00,32.75
"Jul 6 2009 11:19:54",42.314495,-71.0392,0.98,74.00,32.75
"Jul 6 2009 11:19:55",42.314495,-71.0392,0.94,74.00,32.75
"Jul 6 2009 11:19:56",42.314495,-71.0392,0.98,74.00,32.75
"Jul 6 2009 11:19:57",42.314495,-71.0392,1.06,74.00,32.75
"Jul 6 2009 11:19:58",42.314495,-71.0392,0.98,74.00,32.75
"Jul 6 2009 11:19:59",42.314487,-71.0392,1.10,75.00,34.13
"Jul 6 2009 11:20:00",42.314487,-71.0392,1.02,75.00,34.13
"Jul 6 2009 11:20:01",42.314487,-71.0392,0.94,75.00,34.13
"Jul 6 2009 11:20:02",42.314495,-71.0392,1.02,75.00,34.13
"Jul 6 2009 11:20:03",42.314495,-71.0392,0.86,75.00,34.13
"Jul 6 2009 11:20:04",42.314495,-71.0392,1.14,75.00,34.13
"Jul 6 2009 11:20:05",42.314495,-71.0392,1.02,75.00,34.13
"Jul 6 2009 11:20:07",42.314495,-71.0392,1.02,75.00,34.13
"Jul 6 2009 11:20:08",42.314495,-71.0392,1.02,75.00,34.13
"Jul 6 2009 11:20:09",42.314495,-71.0392,0.94,75.00,34.13
"Jul 6 2009 11:20:10",42.314495,-71.0392,1.06,75.00,34.13
"Jul 6 2009 11:20:11",42.314495,-71.0392,0.98,74.00,34.13
"Jul 6 2009 11:20:12",42.314495,-71.0392,1.02,75.00,34.13
"Jul 6 2009 11:20:13",42.314495,-71.0392,0.98,74.00,34.13
"Jul 6 2009 11:20:14",42.314495,-71.0392,1.02,75.00,34.13
"Jul 6 2009 11:20:15",42.314495,-71.0392,1.14,75.00,34.13
"Jul 6 2009 11:20:16",42.314495,-71.0392,0.90,75.00,34.13
"Jul 6 2009 11:20:17",42.314495,-71.03919,1.46,75.00,34.13
"Jul 6 2009 11:20:18",42.314495,-71.03919,1.34,75.00,34.13
"Jul 6 2009 11:20:19",42.314495,-71.039185,0.94,75.00,34.13
"Jul 6 2009 11:20:21",42.314503,-71.039185,0.54,75.00,35.52
"Jul 6 2009 11:20:22",42.314503,-71.039185,1.26,75.00,34.13
"Jul 6 2009 11:20:23",42.314503,-71.039185,0.70,75.00,34.13
"Jul 6 2009 11:20:24",42.314518,-71.039185,1.42,75.00,34.13
"Jul 6 2009 11:20:25",42.31454,-71.03918,1.42,75.00,34.13
"Jul 6 2009 11:20:26",42.31454,-71.03918,0.90,74.00,35.52
"Jul 6 2009 11:20:27",42.31454,-71.03918,1.14,75.00,35.52
"Jul 6 2009 11:20:28",42.31454,-71.03917,1.66,75.00,34.13
"Jul 6 2009 11:20:29",42.31454,-71.03916,1.02,75.00,35.52
"Jul 6 2009 11:20:30",42.314552,-71.039154,1.06,75.00,35.52
"Jul 6 2009 11:20:31",42.314552,-71.039154,1.02,75.00,35.52
"Jul 6 2009 11:20:31",42.314552,-71.039154,1.06,75.00,35.52
"Jul 6 2009 11:20:34",42.314533,-71.039154,1.02,75.00,35.52
"Jul 6 2009 11:20:35",42.314533,-71.03916,0.74,75.00,35.52
"Jul 6 2009 11:20:36",42.314526,-71.03917,0.78,75.00,35.52
"Jul 6 2009 11:20:37",42.314526,-71.03918,1.34,75.00,35.52
"Jul 6 2009 11:20:38",42.314526,-71.039185,0.82,75.00,35.52
"Jul 6 2009 11:20:39",42.314518,-71.03919,1.02,75.00,35.52
"Jul 6 2009 11:20:40",42.314518,-71.03919,0.86,75.00,35.52
"Jul 6 2009 11:20:41",42.31451,-71.0392,1.18,75.00,36.90
"Jul 6 2009 11:20:42",42.31451,-71.03921,0.98,75.00,36.90
"Jul 6 2009 11:20:43",42.31451,-71.03921,1.10,75.00,36.90
"Jul 6 2009 11:20:44",42.31451,-71.03921,0.94,75.00,36.90
"Jul 6 2009 11:20:45",42.314503,-71.03921,0.78,74.00,36.90
"Jul 6 2009 11:20:47",42.314487,-71.03921,1.22,75.00,36.90
"Jul 6 2009 11:20:48",42.314476,-71.03921,0.78,74.00,36.90
"Jul 6 2009 11:20:49",42.31447,-71.039215,0.74,75.00,36.90
"Jul 6 2009 11:20:50",42.31447,-71.03922,1.14,75.00,36.90
"Jul 6 2009 11:20:51",42.31446,-71.03924,0.86,75.00,36.90
"Jul 6 2009 11:20:52",42.314453,-71.03924,0.86,75.00,36.90
"Jul 6 2009 11:20:53",42.314453,-71.03924,0.86,75.00,36.90
"Jul 6 2009 11:20:54",42.314453,-71.03923,0.82,75.00,36.90
"Jul 6 2009 11:20:55",42.314453,-71.039215,1.30,75.00,36.90
"Jul 6 2009 11:20:56",42.314453,-71.03921,0.94,75.00,36.90
"Jul 6 2009 11:20:57",42.31446,-71.0392,1.02,75.00,36.90
"Jul 6 2009 11:20:58",42.31446,-71.03919,1.10,75.00,36.90
"Jul 6 2009 11:20:59",42.31447,-71.039185,0.82,75.00,36.90
"Jul 6 2009 11:21:01",42.314487,-71.039185,1.14,75.00,36.90
"Jul 6 2009 11:21:02",42.314495,-71.039185,0.94,75.00,36.90
"Jul 6 2009 11:21:03",42.314495,-71.03919,1.02,75.00,36.90
"Jul 6 2009 11:21:04",42.314495,-71.03919,0.90,75.00,36.90
"Jul 6 2009 11:21:05",42.314495,-71.03919,0.86,75.00,36.90
"Jul 6 2009 11:21:06",42.314495,-71.03919,0.94,74.00,36.90
"Jul 6 2009 11:21:07",42.314495,-71.03919,0.74,74.00,38.29
"Jul 6 2009 11:21:08",42.314495,-71.03919,0.86,75.00,38.29
"Jul 6 2009 11:21:09",42.314495,-71.03919,0.90,75.00,38.29
"Jul 6 2009 11:21:10",42.314495,-71.039185,1.54,75.00,38.29
"Jul 6 2009 11:21:11",42.314495,-71.039185,0.86,75.00,38.29
"Jul 6 2009 11:21:11",42.314495,-71.039185,0.94,74.00,38.29
"Jul 6 2009 11:21:14",42.314495,-71.039185,0.90,75.00,38.29
"Jul 6 2009 11:21:15",42.314487,-71.039185,0.78,75.00,38.29
"Jul 6 2009 11:21:16",42.314487,-71.03919,1.26,75.00,38.29
"Jul 6 2009 11:21:17",42.314476,-71.03919,1.10,75.00,38.29
"Jul 6 2009 11:21:18",42.314476,-71.03919,0.90,75.00,38.29
"Jul 6 2009 11:21:19",42.31447,-71.0392,0.86,75.00,38.29
"Jul 6 2009 11:21:20",42.31446,-71.03921,1.38,74.00,38.29
"Jul 6 2009 11:21:21",42.31446,-71.03921,1.18,75.00,38.29
"Jul 6 2009 11:21:22",42.314453,-71.039215,0.62,75.00,38.29
"Jul 6 2009 11:21:23",42.314445,-71.039215,0.90,75.00,38.29
"Jul 6 2009 11:21:24",42.314438,-71.03922,1.06,75.00,38.29
"Jul 6 2009 11:21:25",42.31443,-71.03923,0.58,75.00,38.29
"Jul 6 2009 11:21:27",42.31442,-71.03924,0.98,75.00,38.29
"Jul 6 2009 11:21:28",42.31441,-71.03924,1.02,74.00,38.29
"Jul 6 2009 11:21:29",42.314404,-71.03925,1.10,75.00,39.67
"Jul 6 2009 11:21:30",42.314404,-71.03925,1.42,75.00,39.67
"Jul 6 2009 11:21:31",42.314396,-71.03926,1.06,74.00,39.67
"Jul 6 2009 11:21:32",42.31439,-71.03926,1.34,74.00,39.67
"Jul 6 2009 11:21:33",42.31438,-71.03926,0.74,74.00,39.67
"Jul 6 2009 11:21:34",42.314373,-71.03926,0.74,75.00,39.67
"Jul 6 2009 11:21:35",42.314365,-71.03926,1.06,74.00,39.67
"Jul 6 2009 11:21:36",42.314354,-71.03926,1.26,75.00,39.67
"Jul 6 2009 11:21:37",42.314346,-71.03926,0.62,75.00,39.67
"Jul 6 2009 11:21:38",42.31434,-71.03926,1.38,75.00,39.67
"Jul 6 2009 11:21:40",42.314323,-71.03926,0.82,74.00,39.67
"Jul 6 2009 11:21:41",42.314316,-71.03927,1.18,75.00,39.67
"Jul 6 2009 11:21:42",42.31431,-71.03927,0.82,73.00,39.67
"Jul 6 2009 11:21:43",42.31431,-71.03927,0.82,74.00,39.67
"Jul 6 2009 11:21:44",42.314297,-71.03927,1.26,73.00,39.67
"Jul 6 2009 11:21:45",42.31429,-71.039276,1.02,73.00,38.29
"Jul 6 2009 11:21:46",42.31428,-71.03928,0.94,73.00,38.29
"Jul 6 2009 11:21:47",42.314274,-71.03928,0.82,74.00,38.29
"Jul 6 2009 11:21:48",42.314266,-71.03928,1.06,74.00,38.29
"Jul 6 2009 11:21:49",42.31426,-71.03928,0.86,75.00,38.29
"Jul 6 2009 11:21:50",42.31425,-71.03928,1.14,73.00,38.29
"Jul 6 2009 11:21:51",42.314243,-71.03928,1.06,75.00,38.29
"Jul 6 2009 11:21:52",42.31423,-71.03928,1.62,74.00,38.29
"Jul 6 2009 11:21:54",42.314217,-71.039276,1.74,75.00,38.29
"Jul 6 2009 11:21:55",42.31421,-71.03926,1.10,74.00,38.29
"Jul 6 2009 11:21:56",42.3142,-71.03925,1.14,73.00,38.29
"Jul 6 2009 11:21:57",42.314194,-71.03924,0.86,73.00,36.90
"Jul 6 2009 11:21:58",42.314186,-71.03922,0.90,73.00,36.90
"Jul 6 2009 11:21:59",42.314175,-71.039215,1.02,73.00,36.90
"Jul 6 2009 11:22:00",42.314175,-71.03921,1.06,73.00,36.90
"Jul 6 2009 11:22:01",42.314167,-71.0392,0.90,73.00,36.90
"Jul 6 2009 11:22:02",42.31416,-71.03919,0.90,73.00,36.90
"Jul 6 2009 11:22:03",42.31416,-71.03919,0.58,73.00,36.90
"Jul 6 2009 11:22:04",42.31415,-71.03919,1.26,74.00,36.90
"Jul 6 2009 11:22:05",42.31415,-71.03919,0.90,73.00,36.90
"Jul 6 2009 11:22:07",42.314137,-71.039185,0.90,73.00,36.90
"Jul 6 2009 11:22:08",42.314137,-71.039185,0.74,75.00,36.90
"Jul 6 2009 11:22:09",42.31413,-71.039185,1.26,74.00,36.90
"Jul 6 2009 11:22:10",42.31411,-71.03917,0.70,73.00,36.90
"Jul 6 2009 11:22:11",42.314102,-71.03917,0.78,73.00,36.90
"Jul 6 2009 11:22:12",42.314095,-71.03917,1.10,73.00,36.90
"Jul 6 2009 11:22:13",42.314087,-71.03917,0.82,73.00,36.90
"Jul 6 2009 11:22:14",42.31408,-71.03917,1.06,72.00,36.90
"Jul 6 2009 11:22:15",42.31408,-71.03917,0.90,72.00,36.90
"Jul 6 2009 11:22:16",42.31407,-71.03918,1.30,72.00,36.90
"Jul 6 2009 11:22:17",42.314064,-71.039185,1.18,73.00,35.52
"Jul 6 2009 11:22:18",42.314045,-71.039185,1.22,73.00,35.52
"Jul 6 2009 11:22:20",42.314045,-71.039185,1.30,72.00,35.52
"Jul 6 2009 11:22:21",42.314045,-71.039185,0.94,73.00,35.52
"Jul 6 2009 11:22:22",42.314064,-71.03918,0.86,73.00,35.52
"Jul 6 2009 11:22:23",42.31407,-71.03916,0.86,74.00,35.52
"Jul 6 2009 11:22:24",42.31408,-71.039154,1.34,73.00,35.52
"Jul 6 2009 11:22:25",42.31407,-71.03914,0.82,75.00,35.52
"Jul 6 2009 11:22:26",42.31408,-71.03913,0.86,75.00,35.52
"Jul 6 2009 11:22:27",42.31408,-71.03911,1.06,75.00,35.52
"Jul 6 2009 11:22:28",42.314087,-71.03911,0.74,75.00,35.52
"Jul 6 2009 11:22:29",42.31408,-71.0391,0.86,75.00,35.52
"Jul 6 2009 11:22:30",42.314053,-71.03911,0.90,75.00,36.90
"Jul 6 2009 11:22:30",42.314053,-71.03911,1.54,75.00,36.90
"Jul 6 2009 11:22:33",42.31407,-71.039085,0.98,74.00,35.52
"Jul 6 2009 11:22:34",42.31408,-71.039085,1.02,74.00,35.52
"Jul 6 2009 11:22:35",42.314087,-71.03908,1.06,75.00,35.52
"Jul 6 2009 11:22:36",42.31407,-71.03906,0.46,74.00,35.52
"Jul 6 2009 11:22:37",42.314045,-71.03906,1.38,75.00,35.52
"Jul 6 2009 11:22:38",42.314037,-71.039055,0.98,75.00,35.52
"Jul 6 2009 11:22:39",42.31403,-71.039055,1.06,75.00,35.52
"Jul 6 2009 11:22:40",42.314007,-71.03906,1.06,75.00,35.52
"Jul 6 2009 11:22:41",42.314,-71.03904,0.90,74.00,35.52
"Jul 6 2009 11:22:42",42.313988,-71.03903,1.30,73.00,35.52
"Jul 6 2009 11:22:43",42.314,-71.03902,1.02,74.00,35.52
"Jul 6 2009 11:22:44",42.31398,-71.03901,0.86,73.00,35.52
"Jul 6 2009 11:22:46",42.314,-71.03899,1.26,75.00,35.52
"Jul 6 2009 11:22:47",42.314,-71.03896,1.50,73.00,35.52
"Jul 6 2009 11:22:48",42.314007,-71.038956,0.90,74.00,35.52
"Jul 6 2009 11:22:49",42.314014,-71.038956,1.02,73.00,35.52
"Jul 6 2009 11:22:50",42.314007,-71.038956,0.90,74.00,35.52
"Jul 6 2009 11:22:51",42.314022,-71.03895,1.22,74.00,35.52
"Jul 6 2009 11:22:52",42.314014,-71.03892,1.14,74.00,35.52
"Jul 6 2009 11:22:53",42.314007,-71.0389,1.18,73.00,34.13
"Jul 6 2009 11:22:54",42.314,-71.03887,0.98,74.00,34.13
"Jul 6 2009 11:22:55",42.314007,-71.03884,0.86,74.00,34.13
"Jul 6 2009 11:22:56",42.314007,-71.03883,1.14,74.00,35.52
"Jul 6 2009 11:22:57",42.314007,-71.03882,1.14,75.00,35.52
"Jul 6 2009 11:22:59",42.314014,-71.038795,0.82,75.00,35.52
"Jul 6 2009 11:23:00",42.314,-71.03881,0.94,75.00,35.52
"Jul 6 2009 11:23:01",42.313988,-71.038826,1.18,75.00,35.52
"Jul 6 2009 11:23:02",42.313972,-71.038826,0.90,75.00,35.52
"Jul 6 2009 11:23:03",42.31398,-71.03882,1.02,75.00,35.52
"Jul 6 2009 11:23:04",42.31398,-71.03881,0.82,75.00,35.52
"Jul 6 2009 11:23:05",42.313988,-71.0388,0.82,75.00,35.52
"Jul 6 2009 11:23:06",42.314014,-71.0388,0.98,75.00,35.52
"Jul 6 2009 11:23:07",42.314022,-71.0388,0.98,75.00,35.52
"Jul 6 2009 11:23:08",42.314045,-71.03881,0.94,75.00,35.52
"Jul 6 2009 11:23:09",42.314064,-71.03881,0.94,75.00,35.52
"Jul 6 2009 11:23:10",42.314095,-71.03881,0.94,75.00,35.52
"Jul 6 2009 11:23:11",42.314095,-71.03881,0.90,75.00,36.90
"Jul 6 2009 11:23:13",42.31412,-71.03881,0.94,75.00,36.90
"Jul 6 2009 11:23:14",42.31411,-71.03881,0.82,75.00,36.90
"Jul 6 2009 11:23:15",42.314102,-71.03881,0.66,75.00,36.90
"Jul 6 2009 11:23:16",42.314095,-71.03881,0.54,75.00,36.90
"Jul 6 2009 11:23:17",42.31408,-71.03881,0.98,75.00,36.90
"Jul 6 2009 11:23:18",42.31407,-71.03881,0.86,72.00,36.90
"Jul 6 2009 11:23:19",42.31407,-71.0388,1.18,74.00,35.52
"Jul 6 2009 11:23:20",42.314045,-71.038826,2.22,73.00,36.90
"Jul 6 2009 11:23:21",42.314064,-71.038826,0.66,74.00,35.52
"Jul 6 2009 11:23:22",42.314064,-71.03881,1.02,75.00,35.52
"Jul 6 2009 11:23:23",42.314064,-71.0388,0.82,74.00,35.52
"Jul 6 2009 11:23:24",42.314053,-71.03879,0.90,74.00,35.52
"Jul 6 2009 11:23:26",42.314045,-71.03877,0.94,74.00,35.52
"Jul 6 2009 11:23:27",42.314022,-71.03875,1.06,74.00,35.52
"Jul 6 2009 11:23:28",42.314007,-71.03874,0.70,75.00,35.52
"Jul 6 2009 11:23:29",42.314,-71.038734,1.62,74.00,35.52
"Jul 6 2009 11:23:30",42.31398,-71.03872,1.18,75.00,35.52
"Jul 6 2009 11:23:31",42.313972,-71.03871,0.90,75.00,35.52
"Jul 6 2009 11:23:32",42.313988,-71.03871,1.02,75.00,35.52
"Jul 6 2009 11:23:33",42.314007,-71.03871,1.50,75.00,35.52
"Jul 6 2009 11:23:34",42.314007,-71.038704,0.90,75.00,35.52
"Jul 6 2009 11:23:35",42.314007,-71.03869,1.30,75.00,35.52
"Jul 6 2009 11:23:36",42.314022,-71.03867,0.82,75.00,35.52
"Jul 6 2009 11:23:37",42.314014,-71.03867,0.98,75.00,35.52
"Jul 6 2009 11:23:39",42.314007,-71.03867,1.10,75.00,35.52
"Jul 6 2009 11:23:40",42.314007,-71.038666,0.90,75.00,35.52
"Jul 6 2009 11:23:41",42.314007,-71.03867,1.22,75.00,35.52
"Jul 6 2009 11:23:42",42.314007,-71.038666,0.94,75.00,35.52
"Jul 6 2009 11:23:43",42.314,-71.03866,0.70,75.00,35.52
"Jul 6 2009 11:23:44",42.313988,-71.03866,1.02,75.00,35.52
"Jul 6 2009 11:23:45",42.31398,-71.03866,1.02,75.00,35.52
"Jul 6 2009 11:23:46",42.31398,-71.03865,0.82,75.00,35.52
"Jul 6 2009 11:23:47",42.313965,-71.03864,1.02,75.00,35.52
"Jul 6 2009 11:23:48",42.31395,-71.03863,0.86,75.00,35.52
"Jul 6 2009 11:23:49",42.313942,-71.03862,1.22,75.00,35.52
"Jul 6 2009 11:23:50",42.31393,-71.03861,0.78,75.00,34.13
"Jul 6 2009 11:23:52",42.31395,-71.03859,1.10,75.00,34.13
"Jul 6 2009 11:23:53",42.31393,-71.03859,0.90,75.00,34.13
"Jul 6 2009 11:23:54",42.313923,-71.03858,0.74,75.00,34.13
"Jul 6 2009 11:23:55",42.313923,-71.03857,0.54,74.00,34.13
"Jul 6 2009 11:23:56",42.313915,-71.03856,1.06,75.00,34.13
"Jul 6 2009 11:23:57",42.313892,-71.03856,0.94,75.00,34.13
"Jul 6 2009 11:23:58",42.313892,-71.038536,0.70,75.00,34.13
"Jul 6 2009 11:23:59",42.3139,-71.03853,0.58,75.00,34.13
"Jul 6 2009 11:24:00",42.3139,-71.038506,0.82,74.00,34.13
"Jul 6 2009 11:24:01",42.3139,-71.0385,1.10,75.00,34.13
"Jul 6 2009 11:24:02",42.313892,-71.03849,0.98,75.00,34.13
"Jul 6 2009 11:24:03",42.313915,-71.038475,0.94,75.00,34.13
"Jul 6 2009 11:24:04",42.313923,-71.038475,1.14,74.00,34.13
"Jul 6 2009 11:24:06",42.31395,-71.03846,1.06,74.00,34.13
"Jul 6 2009 11:24:07",42.313942,-71.03844,1.18,74.00,34.13
"Jul 6 2009 11:24:08",42.313923,-71.038445,0.82,75.00,34.13
"Jul 6 2009 11:24:09",42.313915,-71.038445,1.10,74.00,34.13
"Jul 6 2009 11:24:10",42.3139,-71.038445,0.66,75.00,34.13
"Jul 6 2009 11:24:11",42.313892,-71.038445,1.18,75.00,34.13
"Jul 6 2009 11:24:12",42.313885,-71.03844,1.66,75.00,34.13
"Jul 6 2009 11:24:13",42.313877,-71.03843,0.82,75.00,34.13
"Jul 6 2009 11:24:14",42.313877,-71.038414,1.70,74.00,34.13
"Jul 6 2009 11:24:15",42.313858,-71.0384,0.98,75.00,34.13
"Jul 6 2009 11:24:16",42.31385,-71.0384,1.18,75.00,34.13
"Jul 6 2009 11:24:17",42.313843,-71.0384,1.06,75.00,34.13
"Jul 6 2009 11:24:19",42.313828,-71.038376,0.82,75.00,34.13
"Jul 6 2009 11:24:20",42.31382,-71.03836,1.50,75.00,34.13
"Jul 6 2009 11:24:21",42.31385,-71.038345,0.82,75.00,34.13
"Jul 6 2009 11:24:22",42.31385,-71.03833,1.30,75.00,34.13
"Jul 6 2009 11:24:23",42.31382,-71.03836,0.78,75.00,34.13
"Jul 6 2009 11:24:24",42.31382,-71.038376,1.18,75.00,34.13
"Jul 6 2009 11:24:25",42.31382,-71.03835,0.74,75.00,34.13
"Jul 6 2009 11:24:26",42.313843,-71.03833,1.06,75.00,34.13
"Jul 6 2009 11:24:27",42.313866,-71.0383,1.46,75.00,35.52
"Jul 6 2009 11:24:28",42.313877,-71.038284,0.90,73.00,35.52
"Jul 6 2009 11:24:29",42.31385,-71.03829,1.02,74.00,35.52
"Jul 6 2009 11:24:29",42.31385,-71.03829,0.98,74.00,34.13
"Jul 6 2009 11:24:32",42.313866,-71.03824,1.02,73.00,34.13
"Jul 6 2009 11:24:33",42.313858,-71.03824,1.06,73.00,34.13
"Jul 6 2009 11:24:34",42.313843,-71.038216,1.02,73.00,34.13
"Jul 6 2009 11:24:35",42.313793,-71.03821,0.62,73.00,34.13
"Jul 6 2009 11:24:36",42.3138,-71.03817,1.02,75.00,34.13
"Jul 6 2009 11:24:37",42.3138,-71.03814,0.98,75.00,34.13
"Jul 6 2009 11:24:38",42.31377,-71.038155,1.02,75.00,35.52
"Jul 6 2009 11:24:39",42.31367,-71.0382,0.98,75.00,35.52
"Jul 6 2009 11:24:40",42.313633,-71.038246,1.30,73.00,35.52
"Jul 6 2009 11:24:41",42.313614,-71.03829,0.90,73.00,35.52
"Jul 6 2009 11:24:42",42.3136,-71.038315,1.10,72.00,34.13
"Jul 6 2009 11:24:42",42.3136,-71.038315,1.06,72.00,34.13
"Jul 6 2009 11:24:45",42.313564,-71.03842,1.02,72.00,34.13
"Jul 6 2009 11:24:46",42.31364,-71.038414,1.02,72.00,34.13
"Jul 6 2009 11:24:47",42.31368,-71.03835,1.02,72.00,34.13
"Jul 6 2009 11:24:48",42.313633,-71.03838,1.10,74.00,34.13
"Jul 6 2009 11:24:49",42.31364,-71.0384,1.06,74.00,34.13
"Jul 6 2009 11:24:50",42.313633,-71.03841,1.06,73.00,34.13
"Jul 6 2009 11:24:51",42.313633,-71.038414,1.10,73.00,34.13
"Jul 6 2009 11:24:52",42.313656,-71.03838,0.98,73.00,34.13
"Jul 6 2009 11:24:53",42.313656,-71.03838,0.94,74.00,34.13
"Jul 6 2009 11:24:54",42.313656,-71.038376,0.98,74.00,34.13
"Jul 6 2009 11:24:55",42.31368,-71.03836,1.22,74.00,34.13
"Jul 6 2009 11:24:56",42.31373,-71.038345,1.02,74.00,34.13
"Jul 6 2009 11:24:58",42.313744,-71.03835,1.02,75.00,34.13
"Jul 6 2009 11:24:59",42.313736,-71.038376,0.82,75.00,34.13
"Jul 6 2009 11:25:00",42.313744,-71.03838,1.02,73.00,34.13
"Jul 6 2009 11:25:01",42.313744,-71.03841,1.46,73.00,34.13
"Jul 6 2009 11:25:02",42.313736,-71.03843,1.06,73.00,34.13
"Jul 6 2009 11:25:03",42.31373,-71.038445,1.02,73.00,34.13
"Jul 6 2009 11:25:04",42.31373,-71.03846,0.90,74.00,34.13
"Jul 6 2009 11:25:05",42.313698,-71.03849,0.86,74.00,34.13
"Jul 6 2009 11:25:06",42.31367,-71.03853,0.90,73.00,34.13
"Jul 6 2009 11:25:07",42.31368,-71.03854,0.90,73.00,34.13
"Jul 6 2009 11:25:08",42.313656,-71.03857,1.02,74.00,34.13
"Jul 6 2009 11:25:09",42.313614,-71.03862,1.22,73.00,34.13
"Jul 6 2009 11:25:10",42.31354,-71.0387,0.74,75.00,34.13
"Jul 6 2009 11:25:12",42.313534,-71.038734,1.14,73.00,34.13
"Jul 6 2009 11:25:13",42.31354,-71.03875,0.90,74.00,34.13
"Jul 6 2009 11:25:14",42.313557,-71.038765,0.98,73.00,34.13
"Jul 6 2009 11:25:15",42.313614,-71.03873,0.94,73.00,34.13
"Jul 6 2009 11:25:16",42.31364,-71.03872,0.90,74.00,34.13
"Jul 6 2009 11:25:17",42.313614,-71.038765,1.18,73.00,34.13
"Jul 6 2009 11:25:18",42.313583,-71.0388,0.98,73.00,34.13
"Jul 6 2009 11:25:19",42.313583,-71.03881,0.62,73.00,34.13
"Jul 6 2009 11:25:20",42.3136,-71.0388,1.14,74.00,34.13
"Jul 6 2009 11:25:21",42.313705,-71.038734,0.86,73.00,34.13
"Jul 6 2009 11:25:22",42.31373,-71.038734,1.30,73.00,34.13
"Jul 6 2009 11:25:22",42.31373,-71.038734,0.86,74.00,34.13
"Jul 6 2009 11:25:25",42.313877,-71.038666,0.98,73.00,34.13
"Jul 6 2009 11:25:26",42.313972,-71.03859,1.14,73.00,34.13
"Jul 6 2009 11:25:27",42.314022,-71.03856,0.98,73.00,34.13
"Jul 6 2009 11:25:28",42.314014,-71.038574,0.98,73.00,34.13
"Jul 6 2009 11:25:29",42.314022,-71.038574,1.50,73.00,34.13
"Jul 6 2009 11:25:30",42.314014,-71.03858,1.14,73.00,32.75
"Jul 6 2009 11:25:31",42.314014,-71.0386,0.94,73.00,32.75
"Jul 6 2009 11:25:32",42.314014,-71.0386,1.18,73.00,32.75
"Jul 6 2009 11:25:33",42.314014,-71.03861,0.90,73.00,32.75
"Jul 6 2009 11:25:34",42.314014,-71.03863,0.94,73.00,32.75
"Jul 6 2009 11:25:35",42.314014,-71.03864,0.94,73.00,32.75
"Jul 6 2009 11:25:36",42.314014,-71.03865,1.06,73.00,32.75
"Jul 6 2009 11:25:38",42.314,-71.038666,1.14,73.00,32.75
"Jul 6 2009 11:25:39",42.314,-71.03867,0.86,75.00,32.75
"Jul 6 2009 11:25:40",42.314014,-71.03867,1.26,74.00,32.75
"Jul 6 2009 11:25:41",42.314022,-71.03867,0.94,74.00,32.75
"Jul 6 2009 11:25:42",42.314014,-71.03869,0.90,75.00,32.75
"Jul 6 2009 11:25:43",42.314,-71.038704,0.90,74.00,32.75
"Jul 6 2009 11:25:44",42.314,-71.038704,0.94,75.00,32.75
"Jul 6 2009 11:25:45",42.313988,-71.03872,1.10,73.00,32.75
"Jul 6 2009 11:25:46",42.31398,-71.038734,0.82,73.00,32.75
"Jul 6 2009 11:25:47",42.31398,-71.03874,0.86,74.00,32.75
"Jul 6 2009 11:25:48",42.314007,-71.03874,1.34,75.00,34.13
"Jul 6 2009 11:25:49",42.314014,-71.03872,0.90,75.00,34.13
"Jul 6 2009 11:25:51",42.314022,-71.03874,1.82,74.00,34.13
"Jul 6 2009 11:25:52",42.314022,-71.03875,0.70,73.00,34.13
"Jul 6 2009 11:25:53",42.31403,-71.03877,1.26,73.00,34.13
"Jul 6 2009 11:25:54",42.314014,-71.038795,1.42,73.00,34.13
"Jul 6 2009 11:25:55",42.31403,-71.0388,1.10,73.00,32.75
"Jul 6 2009 11:25:56",42.314037,-71.0388,0.62,74.00,34.13
"Jul 6 2009 11:25:57",42.314045,-71.03881,0.70,74.00,34.13
"Jul 6 2009 11:25:58",42.31408,-71.03882,1.22,73.00,34.13
"Jul 6 2009 11:25:59",42.314095,-71.03885,0.90,73.00,34.13
"Jul 6 2009 11:26:00",42.314095,-71.038864,0.70,74.00,34.13
"Jul 6 2009 11:26:01",42.31407,-71.038895,0.82,74.00,34.13
"Jul 6 2009 11:26:02",42.314053,-71.03891,1.54,74.00,34.13
"Jul 6 2009 11:26:03",42.314053,-71.03892,0.98,73.00,34.13
"Jul 6 2009 11:26:05",42.314022,-71.03892,0.78,73.00,34.13
"Jul 6 2009 11:26:06",42.314014,-71.03892,0.98,73.00,34.13
"Jul 6 2009 11:26:07",42.314007,-71.03893,0.70,74.00,34.13
"Jul 6 2009 11:26:08",42.313988,-71.03895,1.22,74.00,34.13
"Jul 6 2009 11:26:09",42.31398,-71.038956,0.74,73.00,34.13
"Jul 6 2009 11:26:10",42.31398,-71.03896,1.30,73.00,34.13
"Jul 6 2009 11:26:11",42.313972,-71.03896,0.90,73.00,34.13
"Jul 6 2009 11:26:12",42.313965,-71.03897,1.06,73.00,34.13
"Jul 6 2009 11:26:13",42.31395,-71.03897,0.90,73.00,34.13
"Jul 6 2009 11:26:14",42.31395,-71.03897,0.98,74.00,34.13
"Jul 6 2009 11:26:15",42.313942,-71.03898,0.70,73.00,34.13
"Jul 6 2009 11:26:16",42.31395,-71.038994,1.58,73.00,34.13
"Jul 6 2009 11:26:18",42.31395,-71.038994,0.86,74.00,34.13
"Jul 6 2009 11:26:19",42.313942,-71.03901,1.06,75.00,34.13
"Jul 6 2009 11:26:20",42.31395,-71.03901,1.02,75.00,34.13
"Jul 6 2009 11:26:21",42.31395,-71.039024,0.78,73.00,34.13
"Jul 6 2009 11:26:22",42.313942,-71.039024,1.02,72.00,34.13
"Jul 6 2009 11:26:23",42.313942,-71.03903,0.74,72.00,34.13
"Jul 6 2009 11:26:24",42.313942,-71.03904,0.94,72.00,34.13
"Jul 6 2009 11:26:25",42.313923,-71.03905,1.70,72.00,34.13
"Jul 6 2009 11:26:26",42.31393,-71.039055,0.90,72.00,34.13
"Jul 6 2009 11:26:27",42.31393,-71.03908,0.98,73.00,34.13
"Jul 6 2009 11:26:28",42.31393,-71.03911,0.98,73.00,34.13
"Jul 6 2009 11:26:28",42.31393,-71.03911,0.74,73.00,32.75
"Jul 6 2009 11:26:31",42.313942,-71.03915,1.02,73.00,32.75
"Jul 6 2009 11:26:32",42.31393,-71.03916,1.06,74.00,32.75
"Jul 6 2009 11:26:33",42.31393,-71.03916,1.14,74.00,32.75
"Jul 6 2009 11:26:34",42.313923,-71.03916,0.94,74.00,34.13
"Jul 6 2009 11:26:35",42.313923,-71.03917,0.90,75.00,34.13
"Jul 6 2009 11:26:36",42.313923,-71.03917,0.98,75.00,34.13
"Jul 6 2009 11:26:37",42.31393,-71.03917,1.18,75.00,34.13
"Jul 6 2009 11:26:38",42.313942,-71.03917,0.66,75.00,34.13
"Jul 6 2009 11:26:39",42.31393,-71.03917,1.14,73.00,34.13
"Jul 6 2009 11:26:40",42.31393,-71.03917,1.46,73.00,34.13
"Jul 6 2009 11:26:41",42.313942,-71.03918,0.66,75.00,34.13
"Jul 6 2009 11:26:42",42.31393,-71.039185,1.18,75.00,34.13
"Jul 6 2009 11:26:44",42.313915,-71.039185,1.82,75.00,34.13
"Jul 6 2009 11:26:45",42.313915,-71.039185,0.54,75.00,34.13
"Jul 6 2009 11:26:46",42.313908,-71.039185,0.70,75.00,34.13
"Jul 6 2009 11:26:47",42.3139,-71.0392,1.30,73.00,34.13
"Jul 6 2009 11:26:48",42.313885,-71.03921,0.90,74.00,34.13
"Jul 6 2009 11:26:49",42.313877,-71.03922,0.82,74.00,34.13
"Jul 6 2009 11:26:50",42.313866,-71.03923,1.10,75.00,34.13
"Jul 6 2009 11:26:51",42.313858,-71.03923,0.94,75.00,34.13
"Jul 6 2009 11:26:52",42.31385,-71.03924,0.66,75.00,34.13
"Jul 6 2009 11:26:53",42.31385,-71.03924,1.30,75.00,34.13
"Jul 6 2009 11:26:54",42.313843,-71.03926,0.86,75.00,34.13
"Jul 6 2009 11:26:55",42.313835,-71.03928,0.86,75.00,34.13
"Jul 6 2009 11:26:57",42.313828,-71.0393,1.22,75.00,34.13
"Jul 6 2009 11:26:58",42.31382,-71.0393,1.02,73.00,34.13
"Jul 6 2009 11:26:59",42.313828,-71.03931,1.38,73.00,34.13
"Jul 6 2009 11:27:00",42.31382,-71.039314,0.90,75.00,34.13
"Jul 6 2009 11:27:01",42.31381,-71.03933,1.14,75.00,34.13
"Jul 6 2009 11:27:02",42.3138,-71.03933,0.90,75.00,34.13
"Jul 6 2009 11:27:03",42.313793,-71.03934,1.02,75.00,34.13
"Jul 6 2009 11:27:04",42.313786,-71.03935,0.94,75.00,34.13
"Jul 6 2009 11:27:05",42.313778,-71.03935,1.30,75.00,34.13
"Jul 6 2009 11:27:06",42.313778,-71.03936,0.94,74.00,34.13
"Jul 6 2009 11:27:07",42.31377,-71.0394,1.10,73.00,34.13
"Jul 6 2009 11:27:08",42.313763,-71.039406,0.78,73.00,32.75
"Jul 6 2009 11:27:09",42.313755,-71.0394,0.70,73.00,32.75
"Jul 6 2009 11:27:11",42.313763,-71.03943,1.34,73.00,32.75
"Jul 6 2009 11:27:12",42.313763,-71.03946,0.74,74.00,32.75
"Jul 6 2009 11:27:13",42.313763,-71.03945,1.30,73.00,32.75
"Jul 6 2009 11:27:14",42.313755,-71.03946,0.78,73.00,31.36
"Jul 6 2009 11:27:15",42.313755,-71.039444,1.10,73.00,31.36
"Jul 6 2009 11:27:16",42.313744,-71.03945,1.18,73.00,31.36
"Jul 6 2009 11:27:17",42.313744,-71.03945,0.70,75.00,31.36
"Jul 6 2009 11:27:18",42.313755,-71.03946,0.98,73.00,31.36
"Jul 6 2009 11:27:19",42.313744,-71.03947,1.10,73.00,31.36
"Jul 6 2009 11:27:20",42.313736,-71.03948,1.42,73.00,31.36
"Jul 6 2009 11:27:21",42.31373,-71.03948,1.10,73.00,31.36
"Jul 6 2009 11:27:22",42.31372,-71.03948,0.90,72.00,31.36
"Jul 6 2009 11:27:24",42.313705,-71.039505,1.34,74.00,31.36
"Jul 6 2009 11:27:25",42.313705,-71.03951,0.78,75.00,31.36
"Jul 6 2009 11:27:26",42.313698,-71.03951,0.78,74.00,31.36
"Jul 6 2009 11:27:27",42.313698,-71.03951,0.82,72.00,31.36
"Jul 6 2009 11:27:28",42.313663,-71.039536,1.38,71.00,31.36
"Jul 6 2009 11:27:29",42.31368,-71.03955,0.70,71.00,31.36
"Jul 6 2009 11:27:30",42.31364,-71.03958,1.02,71.00,31.36
"Jul 6 2009 11:27:31",42.31364,-71.03959,0.74,71.00,31.36
"Jul 6 2009 11:27:32",42.31364,-71.039604,0.86,71.00,31.36
"Jul 6 2009 11:27:33",42.31364,-71.03962,1.34,71.00,31.36
"Jul 6 2009 11:27:34",42.313705,-71.03957,0.58,71.00,31.36
"Jul 6 2009 11:27:34",42.313705,-71.03957,1.50,70.00,31.36
"Jul 6 2009 11:27:37",42.313778,-71.03962,0.82,70.00,31.36
"Jul 6 2009 11:27:38",42.313793,-71.03963,0.82,66.00,31.36
"Jul 6 2009 11:27:39",42.31385,-71.03962,1.38,70.00,31.36
"Jul 6 2009 11:27:40",42.313915,-71.03963,0.78,70.00,31.36
"Jul 6 2009 11:27:41",42.313877,-71.03956,0.74,70.00,31.36
"Jul 6 2009 11:27:42",42.313835,-71.03953,0.98,70.00,31.36
"Jul 6 2009 11:27:43",42.31381,-71.03953,0.74,71.00,31.36
"Jul 6 2009 11:27:44",42.3138,-71.03952,0.90,69.00,31.36
"Jul 6 2009 11:27:45",42.313744,-71.03952,1.10,69.00,31.36
"Jul 6 2009 11:27:46",42.313744,-71.03952,0.74,61.00,31.36
"Jul 6 2009 11:27:47",42.313686,-71.03956,1.06,67.00,29.98
"Jul 6 2009 11:27:48",42.313606,-71.039635,1.62,38.00,29.98
"Jul 6 2009 11:27:50",42.31355,-71.039665,0.82,69.00,29.98
"Jul 6 2009 11:27:51",42.31359,-71.03966,0.70,23.00,29.98
"Jul 6 2009 11:27:52",42.313656,-71.03966,0.82,3.00,29.98
"Jul 6 2009 11:27:53",42.31368,-71.03966,1.62,7.00,29.98
"Jul 6 2009 11:27:54",42.313663,-71.03971,1.22,3.00,29.98
"Jul 6 2009 11:27:55",42.313705,-71.0397,1.26,9.00,29.98
"Jul 6 2009 11:27:56",42.31372,-71.0397,0.90,20.00,29.98
"Jul 6 2009 11:27:57",42.313755,-71.03972,0.98,8.00,29.98
"Jul 6 2009 11:27:58",42.313778,-71.03971,0.70,0.00,29.98
"Jul 6 2009 11:27:59",42.313778,-71.03971,1.02,3.00,29.98
"Jul 6 2009 11:28:00",42.313793,-71.03971,1.42,6.00,29.98
"Jul 6 2009 11:28:01",42.3138,-71.03971,1.10,0.00,29.98
"Jul 6 2009 11:28:02",42.31382,-71.0397,0.94,0.00,29.98
"Jul 6 2009 11:28:04",42.313828,-71.0397,1.18,2.00,29.98
"Jul 6 2009 11:28:05",42.313828,-71.0397,0.86,7.00,29.98
"Jul 6 2009 11:28:06",42.313828,-71.0397,1.74,0.00,29.98
"Jul 6 2009 11:28:07",42.313828,-71.0397,0.98,8.00,29.98
"Jul 6 2009 11:28:08",42.313828,-71.0397,1.46,13.00,29.98
"Jul 6 2009 11:28:09",42.313828,-71.0397,0.94,8.00,29.98
"Jul 6 2009 11:28:10",42.313828,-71.0397,0.94,14.00,29.98
"Jul 6 2009 11:28:11",42.313828,-71.0397,0.90,20.00,29.98
"Jul 6 2009 11:28:12",42.313828,-71.0397,0.86,11.00,29.98
"Jul 6 2009 11:28:13",42.313828,-71.0397,1.18,12.00,29.98
"Jul 6 2009 11:28:15",42.313828,-71.0397,1.18,24.00,29.98
"Jul 6 2009 11:28:16",42.313828,-71.0397,1.46,29.00,29.98
"Jul 6 2009 11:28:17",42.313828,-71.0397,1.18,9.00,29.98
"Jul 6 2009 11:28:18",42.313828,-71.0397,1.86,4.00,29.98
"Jul 6 2009 11:28:19",42.313828,-71.0397,0.82,1.00,29.98
"Jul 6 2009 11:28:20",42.313828,-71.0397,0.94,4.00,29.98
"Jul 6 2009 11:28:21",42.313828,-71.0397,0.94,5.00,29.98
"Jul 6 2009 11:28:22",42.313828,-71.0397,0.94,5.00,29.98
"Jul 6 2009 11:28:23",42.313828,-71.0397,0.98,9.00,29.98
"Jul 6 2009 11:28:24",42.313828,-71.0397,0.74,0.00,29.98
"Jul 6 2009 11:28:25",42.313828,-71.0397,1.02,1.00,29.98
"Jul 6 2009 11:28:27",42.313828,-71.0397,0.98,1.00,29.98
"Jul 6 2009 11:28:28",42.313828,-71.0397,0.98,1.00,29.98
"Jul 6 2009 11:28:29",42.313828,-71.0397,0.86,1.00,29.98
"Jul 6 2009 11:28:33",42.313828,-71.0397,1.06,2.00,29.98
"Jul 6 2009 11:28:34",42.313828,-71.0397,0.94,2.00,29.98
"Jul 6 2009 11:28:35",42.313828,-71.0397,0.90,1.00,29.98
"Jul 6 2009 11:28:36",42.313828,-71.0397,1.02,1.00,29.98
"Jul 6 2009 11:28:37",42.313828,-71.0397,1.02,1.00,29.98
"Jul 6 2009 11:28:38",42.313828,-71.0397,1.02,1.00,29.98
"Jul 6 2009 11:28:39",42.313828,-71.0397,0.94,2.00,29.98
"Jul 6 2009 11:28:40",42.313828,-71.0397,0.94,1.00,29.98
"Jul 6 2009 11:28:41",42.313828,-71.0397,0.90,1.00,29.98
"Jul 6 2009 11:28:42",42.313828,-71.0397,0.90,1.00,29.98
"Jul 6 2009 11:28:43",42.313828,-71.0397,0.98,2.00,29.98
"Jul 6 2009 11:28:44",42.313828,-71.0397,1.06,2.00,29.98
"Jul 6 2009 11:28:46",42.313828,-71.0397,1.10,1.00,29.98
"Jul 6 2009 11:28:47",42.313828,-71.0397,1.06,1.00,29.98
"Jul 6 2009 11:28:48",42.313828,-71.0397,1.02,2.00,29.98
"Jul 6 2009 11:28:49",42.313828,-71.0397,1.02,1.00,29.98
"Jul 6 2009 11:28:50",42.313828,-71.0397,1.18,2.00,29.98
"Jul 6 2009 11:28:51",42.313828,-71.0397,0.98,2.00,29.98
"Jul 6 2009 11:28:52",42.313828,-71.0397,1.02,2.00,29.98
"Jul 6 2009 11:28:53",42.313828,-71.0397,0.86,3.00,29.98
"Jul 6 2009 11:28:54",42.313828,-71.0397,0.90,3.00,29.98
"Jul 6 2009 11:28:55",42.313828,-71.0397,0.86,3.00,29.98
"Jul 6 2009 11:28:56",42.313828,-71.0397,0.98,2.00,29.98
"Jul 6 2009 11:28:57",42.313828,-71.0397,1.06,3.00,29.98
"Jul 6 2009 11:28:59",42.313828,-71.0397,0.98,1.00,29.98
"Jul 6 2009 11:29:00",42.313828,-71.0397,0.98,0.00,29.98
"Jul 6 2009 11:29:01",42.313828,-71.0397,1.02,0.00,29.98
"Jul 6 2009 11:29:02",42.313828,-71.0397,1.02,3.00,29.98
"Jul 6 2009 11:29:03",42.313828,-71.0397,1.22,7.00,29.98
"Jul 6 2009 11:29:04",42.313828,-71.0397,1.10,1.00,29.98
"Jul 6 2009 11:29:05",42.313828,-71.0397,1.18,2.00,29.98
"Jul 6 2009 11:29:06",42.313828,-71.0397,1.10,5.00,29.98
"Jul 6 2009 11:29:07",42.313828,-71.0397,0.90,9.00,29.98
"Jul 6 2009 11:29:08",42.313828,-71.0397,0.94,16.00,29.98
"Jul 6 2009 11:29:09",42.313828,-71.0397,0.78,12.00,29.98
"Jul 6 2009 11:29:10",42.313828,-71.0397,0.86,1.00,29.98
"Jul 6 2009 11:29:12",42.313828,-71.0397,1.06,0.00,29.98
"Jul 6 2009 11:29:13",42.313828,-71.0397,0.94,0.00,29.98
"Jul 6 2009 11:29:14",42.313828,-71.0397,0.86,0.00,29.98
"Jul 6 2009 11:29:15",42.313828,-71.0397,0.82,1.00,29.98
"Jul 6 2009 11:29:16",42.313828,-71.0397,0.98,12.00,29.98
"Jul 6 2009 11:29:17",42.313828,-71.0397,1.06,2.00,29.98
"Jul 6 2009 11:29:18",42.313828,-71.0397,0.70,1.00,29.98
"Jul 6 2009 11:29:19",42.313828,-71.0397,1.10,1.00,29.98
"Jul 6 2009 11:29:20",42.313828,-71.0397,0.98,5.00,29.98
"Jul 6 2009 11:29:21",42.313828,-71.0397,1.02,3.00,29.98
"Jul 6 2009 11:29:22",42.313828,-71.0397,1.10,0.00,29.98
"Jul 6 2009 11:29:23",42.313828,-71.0397,1.02,1.00,29.98
"Jul 6 2009 11:29:25",42.313828,-71.0397,1.06,3.00,29.98
"Jul 6 2009 11:29:26",42.313828,-71.0397,0.98,6.00,29.98
"Jul 6 2009 11:29:27",42.313828,-71.0397,0.78,3.00,29.98
"Jul 6 2009 11:29:28",42.313828,-71.0397,0.86,6.00,29.98
"Jul 6 2009 11:29:29",42.313828,-71.0397,0.94,7.00,29.98
"Jul 6 2009 11:29:30",42.313828,-71.0397,1.42,1.00,29.98
"Jul 6 2009 11:29:31",42.313828,-71.0397,0.78,9.00,29.98
"Jul 6 2009 11:29:32",42.313828,-71.0397,0.98,18.00,29.98
"Jul 6 2009 11:29:33",42.313828,-71.0397,0.82,7.00,29.98
"Jul 6 2009 11:29:34",42.313828,-71.0397,1.10,3.00,29.98
"Jul 6 2009 11:29:35",42.313828,-71.0397,0.90,4.00,29.98
"Jul 6 2009 11:29:36",42.313828,-71.0397,0.94,7.00,29.98
"Jul 6 2009 11:29:38",42.313828,-71.0397,0.98,7.00,29.98
"Jul 6 2009 11:29:39",42.313828,-71.0397,1.14,16.00,29.98
"Jul 6 2009 11:29:40",42.313828,-71.0397,1.22,26.00,29.98
"Jul 6 2009 11:29:41",42.313828,-71.0397,0.94,45.00,29.98
"Jul 6 2009 11:29:42",42.313828,-71.0397,0.86,19.00,29.98
"Jul 6 2009 11:29:43",42.313828,-71.0397,0.86,30.00,29.98
