time,lat,lon,acc,light,temp
"Jul 6 2009 20:00:18",0.0,0.0,0.94,7.00,27.21
"Jul 6 2009 20:00:19",0.0,0.0,1.18,19.00,27.21
"Jul 6 2009 20:00:21",0.0,0.0,1.58,28.00,27.21
"Jul 6 2009 20:00:22",0.0,0.0,1.22,24.00,27.21
"Jul 6 2009 20:00:23",0.0,0.0,0.90,23.00,27.21
"Jul 6 2009 20:00:24",0.0,0.0,0.86,5.00,27.21
"Jul 6 2009 20:00:25",0.0,0.0,1.22,5.00,27.21
"Jul 6 2009 20:00:26",0.0,0.0,0.74,12.00,27.21
"Jul 6 2009 20:00:27",0.0,0.0,0.98,5.00,27.21
"Jul 6 2009 20:00:28",0.0,0.0,0.78,0.00,27.21
"Jul 6 2009 20:00:29",0.0,0.0,0.82,0.00,27.21
"Jul 6 2009 20:00:30",0.0,0.0,0.86,0.00,27.21
"Jul 6 2009 20:00:31",0.0,0.0,1.18,0.00,27.21
"Jul 6 2009 20:00:32",0.0,0.0,0.94,0.00,27.21
"Jul 6 2009 20:00:34",0.0,0.0,0.94,0.00,27.21
"Jul 6 2009 20:00:35",0.0,0.0,0.94,1.00,27.21
"Jul 6 2009 20:00:36",0.0,0.0,0.94,0.00,27.21
"Jul 6 2009 20:00:37",0.0,0.0,0.82,3.00,27.21
"Jul 6 2009 20:00:38",0.0,0.0,0.82,6.00,27.21
"Jul 6 2009 20:00:39",0.0,0.0,0.82,5.00,27.21
"Jul 6 2009 20:00:40",0.0,0.0,0.90,1.00,27.21
"Jul 6 2009 20:00:41",0.0,0.0,0.98,1.00,27.21
"Jul 6 2009 20:00:42",0.0,0.0,0.90,8.00,27.21
"Jul 6 2009 20:00:43",0.0,0.0,0.90,4.00,27.21
"Jul 6 2009 20:00:44",0.0,0.0,0.98,6.00,27.21
"Jul 6 2009 20:00:45",0.0,0.0,0.90,7.00,27.21
"Jul 6 2009 20:00:46",0.0,0.0,0.90,5.00,27.21
"Jul 6 2009 20:00:48",0.0,0.0,0.90,3.00,27.21
"Jul 6 2009 20:00:49",0.0,0.0,0.90,3.00,27.21
"Jul 6 2009 20:00:50",0.0,0.0,0.90,1.00,27.21
"Jul 6 2009 20:00:51",0.0,0.0,0.90,1.00,27.21
"Jul 6 2009 20:00:52",0.0,0.0,0.90,1.00,27.21
"Jul 6 2009 20:00:53",0.0,0.0,0.86,1.00,27.21
"Jul 6 2009 20:00:54",0.0,0.0,0.90,0.00,27.21
"Jul 6 2009 20:00:55",0.0,0.0,0.98,0.00,27.21
"Jul 6 2009 20:00:56",0.0,0.0,0.82,0.00,27.21
"Jul 6 2009 20:00:57",0.0,0.0,0.94,1.00,27.21
"Jul 6 2009 20:00:58",0.0,0.0,0.86,0.00,27.21
"Jul 6 2009 20:00:59",0.0,0.0,1.18,0.00,27.21
"Jul 6 2009 20:01:01",0.0,0.0,0.86,1.00,27.21
"Jul 6 2009 20:01:02",0.0,0.0,0.90,1.00,27.21
"Jul 6 2009 20:01:03",0.0,0.0,0.86,1.00,27.21
"Jul 6 2009 20:01:04",0.0,0.0,0.90,1.00,27.21
"Jul 6 2009 20:01:05",0.0,0.0,0.94,0.00,27.21
"Jul 6 2009 20:01:06",0.0,0.0,0.90,0.00,27.21
"Jul 6 2009 20:01:07",0.0,0.0,0.90,0.00,27.21
"Jul 6 2009 20:01:08",0.0,0.0,0.86,0.00,27.21
"Jul 6 2009 20:01:09",0.0,0.0,0.94,0.00,27.21
"Jul 6 2009 20:01:10",0.0,0.0,1.02,0.00,27.21
"Jul 6 2009 20:01:11",0.0,0.0,0.94,0.00,27.21
"Jul 6 2009 20:01:12",0.0,0.0,0.98,0.00,27.21
"Jul 6 2009 20:01:14",0.0,0.0,0.98,0.00,27.21
"Jul 6 2009 20:01:15",0.0,0.0,1.02,0.00,27.21
"Jul 6 2009 20:01:16",0.0,0.0,1.02,1.00,27.21
"Jul 6 2009 20:01:17",0.0,0.0,0.98,2.00,27.21
"Jul 6 2009 20:01:18",0.0,0.0,1.14,3.00,27.21
"Jul 6 2009 20:01:19",0.0,0.0,1.06,3.00,27.21
"Jul 6 2009 20:01:20",0.0,0.0,1.10,3.00,27.21
"Jul 6 2009 20:01:21",0.0,0.0,1.10,3.00,27.21
"Jul 6 2009 20:01:22",0.0,0.0,1.02,3.00,27.21
"Jul 6 2009 20:01:23",0.0,0.0,1.02,3.00,27.21
"Jul 6 2009 20:01:24",0.0,0.0,0.98,3.00,28.60
"Jul 6 2009 20:01:25",0.0,0.0,0.86,3.00,27.21
"Jul 6 2009 20:01:26",0.0,0.0,1.06,3.00,28.60
"Jul 6 2009 20:01:28",0.0,0.0,1.02,3.00,28.60
"Jul 6 2009 20:01:29",0.0,0.0,0.98,3.00,28.60
"Jul 6 2009 20:01:30",0.0,0.0,1.02,3.00,27.21
"Jul 6 2009 20:01:31",0.0,0.0,0.98,3.00,27.21
"Jul 6 2009 20:01:32",0.0,0.0,1.06,3.00,27.21
"Jul 6 2009 20:01:33",0.0,0.0,1.02,3.00,28.60
"Jul 6 2009 20:01:34",0.0,0.0,0.94,3.00,28.60
"Jul 6 2009 20:01:35",0.0,0.0,1.02,3.00,28.60
"Jul 6 2009 20:01:36",0.0,0.0,1.02,3.00,28.60
"Jul 6 2009 20:01:37",0.0,0.0,1.02,3.00,28.60
"Jul 6 2009 20:01:38",0.0,0.0,0.98,3.00,28.60
"Jul 6 2009 20:01:39",0.0,0.0,1.10,2.00,28.60
"Jul 6 2009 20:01:41",0.0,0.0,0.90,3.00,28.60
"Jul 6 2009 20:01:42",0.0,0.0,1.02,2.00,28.60
"Jul 6 2009 20:01:43",0.0,0.0,0.90,0.00,28.60
"Jul 6 2009 20:01:44",0.0,0.0,1.14,12.00,28.60
"Jul 6 2009 20:01:45",0.0,0.0,1.10,9.00,28.60
"Jul 6 2009 20:01:46",0.0,0.0,1.30,10.00,28.60
"Jul 6 2009 20:01:47",0.0,0.0,0.98,14.00,28.60
"Jul 6 2009 20:01:48",0.0,0.0,0.82,4.00,28.60
"Jul 6 2009 20:01:49",0.0,0.0,1.22,0.00,28.60
"Jul 6 2009 20:01:50",0.0,0.0,1.10,0.00,28.60
"Jul 6 2009 20:01:51",0.0,0.0,1.18,0.00,28.60
"Jul 6 2009 20:01:52",0.0,0.0,1.14,1.00,28.60
"Jul 6 2009 20:01:54",0.0,0.0,0.98,4.00,28.60
"Jul 6 2009 20:01:55",0.0,0.0,0.62,11.00,28.60
"Jul 6 2009 20:01:56",0.0,0.0,0.86,11.00,28.60
"Jul 6 2009 20:01:57",0.0,0.0,0.90,0.00,28.60
"Jul 6 2009 20:01:58",0.0,0.0,0.98,0.00,28.60
"Jul 6 2009 20:01:59",0.0,0.0,0.98,0.00,28.60
"Jul 6 2009 20:02:00",0.0,0.0,0.86,0.00,28.60
"Jul 6 2009 20:02:01",0.0,0.0,0.90,0.00,28.60
"Jul 6 2009 20:02:02",0.0,0.0,1.10,1.00,28.60
"Jul 6 2009 20:02:03",0.0,0.0,0.86,1.00,28.60
"Jul 6 2009 20:02:04",0.0,0.0,0.58,0.00,28.60
"Jul 6 2009 20:02:05",0.0,0.0,1.06,0.00,28.60
"Jul 6 2009 20:02:07",0.0,0.0,1.46,0.00,28.60
"Jul 6 2009 20:02:08",0.0,0.0,1.22,6.00,28.60
"Jul 6 2009 20:02:09",0.0,0.0,1.18,1.00,28.60
"Jul 6 2009 20:02:10",0.0,0.0,1.46,2.00,28.60
"Jul 6 2009 20:02:11",0.0,0.0,1.06,10.00,28.60
"Jul 6 2009 20:02:12",0.0,0.0,1.14,1.00,28.60
"Jul 6 2009 20:02:13",0.0,0.0,0.70,5.00,28.60
"Jul 6 2009 20:02:14",0.0,0.0,1.02,3.00,28.60
"Jul 6 2009 20:02:15",0.0,0.0,0.54,5.00,28.60
"Jul 6 2009 20:02:16",0.0,0.0,1.34,7.00,28.60
"Jul 6 2009 20:02:17",0.0,0.0,1.18,9.00,28.60
"Jul 6 2009 20:02:18",0.0,0.0,1.70,69.00,28.60
"Jul 6 2009 20:02:20",0.0,0.0,1.38,69.00,28.60
"Jul 6 2009 20:02:21",0.0,0.0,1.10,57.00,28.60
"Jul 6 2009 20:02:22",0.0,0.0,0.98,65.00,28.60
"Jul 6 2009 20:02:23",0.0,0.0,0.82,50.00,28.60
"Jul 6 2009 20:02:24",0.0,0.0,0.70,41.00,28.60
"Jul 6 2009 20:02:25",0.0,0.0,1.06,29.00,28.60
"Jul 6 2009 20:02:26",0.0,0.0,1.02,45.00,28.60
"Jul 6 2009 20:02:27",0.0,0.0,0.66,41.00,28.60
"Jul 6 2009 20:02:28",0.0,0.0,0.78,41.00,28.60
"Jul 6 2009 20:02:29",0.0,0.0,0.90,57.00,28.60
"Jul 6 2009 20:02:30",0.0,0.0,1.86,69.00,28.60
"Jul 6 2009 20:02:31",0.0,0.0,1.94,66.00,28.60
"Jul 6 2009 20:02:32",0.0,0.0,1.06,66.00,28.60
"Jul 6 2009 20:02:34",0.0,0.0,1.14,70.00,28.60
"Jul 6 2009 20:02:35",0.0,0.0,0.74,71.00,28.60
"Jul 6 2009 20:02:36",0.0,0.0,1.06,72.00,28.60
"Jul 6 2009 20:02:37",0.0,0.0,1.78,72.00,28.60
"Jul 6 2009 20:02:38",0.0,0.0,1.74,72.00,28.60
"Jul 6 2009 20:02:39",0.0,0.0,1.34,72.00,28.60
"Jul 6 2009 20:02:40",0.0,0.0,0.54,71.00,28.60
"Jul 6 2009 20:02:41",0.0,0.0,0.86,72.00,28.60
"Jul 6 2009 20:02:42",0.0,0.0,0.90,72.00,28.60
"Jul 6 2009 20:02:43",0.0,0.0,0.82,75.00,28.60
"Jul 6 2009 20:02:44",0.0,0.0,0.62,75.00,28.60
"Jul 6 2009 20:02:45",0.0,0.0,0.62,75.00,28.60
"Jul 6 2009 20:02:47",0.0,0.0,0.66,75.00,28.60
"Jul 6 2009 20:02:48",0.0,0.0,0.66,74.00,28.60
"Jul 6 2009 20:02:49",0.0,0.0,0.94,74.00,28.60
"Jul 6 2009 20:02:50",0.0,0.0,1.06,75.00,28.60
"Jul 6 2009 20:02:51",0.0,0.0,0.86,73.00,28.60
"Jul 6 2009 20:02:52",0.0,0.0,0.98,73.00,28.60
"Jul 6 2009 20:02:53",0.0,0.0,0.98,73.00,28.60
"Jul 6 2009 20:02:54",0.0,0.0,0.98,74.00,28.60
"Jul 6 2009 20:02:57",0.0,0.0,0.98,74.00,28.60
"Jul 6 2009 20:02:58",0.0,0.0,0.94,74.00,28.60
"Jul 6 2009 20:02:59",0.0,0.0,0.98,73.00,28.60
"Jul 6 2009 20:03:01",0.0,0.0,0.98,74.00,28.60
"Jul 6 2009 20:03:02",0.0,0.0,0.94,74.00,28.60
"Jul 6 2009 20:03:03",0.0,0.0,0.90,74.00,28.60
"Jul 6 2009 20:03:04",0.0,0.0,0.90,74.00,28.60
"Jul 6 2009 20:03:05",0.0,0.0,0.78,73.00,28.60
"Jul 6 2009 20:03:06",0.0,0.0,0.90,73.00,28.60
"Jul 6 2009 20:03:07",0.0,0.0,0.94,73.00,28.60
"Jul 6 2009 20:03:08",0.0,0.0,0.94,73.00,28.60
"Jul 6 2009 20:03:09",0.0,0.0,1.02,73.00,28.60
"Jul 6 2009 20:03:10",0.0,0.0,1.02,75.00,28.60
"Jul 6 2009 20:03:11",0.0,0.0,0.90,73.00,29.98
"Jul 6 2009 20:03:12",0.0,0.0,0.98,75.00,29.98
"Jul 6 2009 11:02:49",0.0,0.0,0.82,75.00,29.98
"Jul 6 2009 11:02:50",0.0,0.0,1.02,74.00,29.98
"Jul 6 2009 11:02:51",0.0,0.0,0.82,74.00,29.98
"Jul 6 2009 11:02:52",0.0,0.0,0.94,74.00,29.98
"Jul 6 2009 11:02:53",0.0,0.0,0.90,74.00,29.98
"Jul 6 2009 11:02:54",0.0,0.0,0.90,74.00,29.98
"Jul 6 2009 11:02:55",0.0,0.0,0.94,74.00,29.98
"Jul 6 2009 11:02:56",0.0,0.0,0.90,75.00,29.98
"Jul 6 2009 11:02:57",0.0,0.0,1.14,75.00,29.98
"Jul 6 2009 11:02:58",0.0,0.0,1.02,75.00,29.98
"Jul 6 2009 11:02:59",0.0,0.0,0.82,75.00,31.36
"Jul 6 2009 11:03:00",0.0,0.0,0.94,75.00,31.36
"Jul 6 2009 11:03:01",0.0,0.0,0.98,75.00,31.36
"Jul 6 2009 11:03:03",0.0,0.0,1.02,75.00,31.36
"Jul 6 2009 11:03:04",0.0,0.0,0.94,75.00,31.36
"Jul 6 2009 11:03:05",0.0,0.0,0.94,75.00,31.36
"Jul 6 2009 11:03:06",0.0,0.0,0.86,75.00,31.36
"Jul 6 2009 11:03:07",0.0,0.0,0.94,75.00,31.36
"Jul 6 2009 11:03:08",0.0,0.0,0.94,75.00,31.36
"Jul 6 2009 11:03:09",0.0,0.0,0.90,75.00,32.75
"Jul 6 2009 11:03:10",0.0,0.0,0.94,74.00,31.36
"Jul 6 2009 11:03:11",0.0,0.0,1.02,75.00,32.75
"Jul 6 2009 11:03:12",0.0,0.0,0.90,75.00,31.36
"Jul 6 2009 11:03:13",0.0,0.0,0.90,73.00,31.36
"Jul 6 2009 11:03:14",0.0,0.0,1.06,74.00,31.36
"Jul 6 2009 11:03:16",0.0,0.0,0.98,74.00,31.36
"Jul 6 2009 11:03:17",0.0,0.0,0.98,73.00,32.75
"Jul 6 2009 11:03:18",0.0,0.0,0.90,73.00,32.75
"Jul 6 2009 11:03:19",0.0,0.0,1.06,74.00,32.75
"Jul 6 2009 11:03:20",0.0,0.0,0.94,75.00,32.75
"Jul 6 2009 11:03:21",0.0,0.0,0.90,75.00,32.75
"Jul 6 2009 11:03:22",0.0,0.0,0.98,73.00,32.75
"Jul 6 2009 11:03:23",0.0,0.0,0.94,74.00,32.75
"Jul 6 2009 11:03:24",0.0,0.0,0.94,74.00,32.75
"Jul 6 2009 11:03:25",0.0,0.0,0.90,75.00,32.75
"Jul 6 2009 11:03:26",0.0,0.0,0.98,74.00,32.75
"Jul 6 2009 11:03:27",0.0,0.0,0.94,73.00,32.75
"Jul 6 2009 11:03:28",0.0,0.0,0.98,73.00,32.75
"Jul 6 2009 11:03:30",0.0,0.0,0.98,74.00,32.75
"Jul 6 2009 11:03:31",0.0,0.0,0.98,75.00,32.75
"Jul 6 2009 11:03:32",0.0,0.0,1.06,75.00,32.75
"Jul 6 2009 11:03:33",0.0,0.0,0.94,75.00,32.75
"Jul 6 2009 11:03:34",0.0,0.0,0.94,75.00,32.75
"Jul 6 2009 11:03:35",0.0,0.0,0.94,73.00,32.75
"Jul 6 2009 11:03:36",0.0,0.0,0.94,74.00,32.75
"Jul 6 2009 11:03:37",0.0,0.0,1.02,75.00,32.75
"Jul 6 2009 11:03:38",0.0,0.0,0.98,75.00,32.75
"Jul 6 2009 11:03:39",0.0,0.0,0.90,75.00,32.75
"Jul 6 2009 11:03:40",0.0,0.0,0.94,75.00,32.75
"Jul 6 2009 11:03:41",0.0,0.0,0.94,75.00,32.75
"Jul 6 2009 11:03:43",0.0,0.0,0.86,75.00,32.75
"Jul 6 2009 11:03:44",0.0,0.0,1.14,74.00,32.75
"Jul 6 2009 11:03:45",0.0,0.0,1.02,73.00,32.75
"Jul 6 2009 11:03:46",0.0,0.0,0.98,75.00,32.75
"Jul 6 2009 11:03:47",0.0,0.0,0.94,75.00,32.75
"Jul 6 2009 11:03:48",0.0,0.0,1.06,73.00,32.75
"Jul 6 2009 11:03:49",0.0,0.0,0.98,75.00,32.75
"Jul 6 2009 11:03:50",0.0,0.0,0.98,75.00,32.75
"Jul 6 2009 11:03:51",0.0,0.0,0.98,75.00,32.75
"Jul 6 2009 11:03:52",0.0,0.0,1.10,73.00,32.75
"Jul 6 2009 11:03:53",0.0,0.0,1.02,74.00,32.75
"Jul 6 2009 11:03:54",0.0,0.0,1.06,74.00,32.75
"Jul 6 2009 11:03:55",0.0,0.0,1.10,74.00,32.75
"Jul 6 2009 11:03:57",0.0,0.0,0.98,74.00,32.75
"Jul 6 2009 11:03:58",0.0,0.0,0.94,73.00,32.75
"Jul 6 2009 11:03:59",0.0,0.0,0.94,73.00,32.75
"Jul 6 2009 11:04:00",0.0,0.0,0.86,74.00,32.75
"Jul 6 2009 11:04:01",0.0,0.0,0.94,75.00,32.75
"Jul 6 2009 11:04:02",0.0,0.0,0.90,75.00,32.75
"Jul 6 2009 11:04:03",0.0,0.0,0.90,74.00,32.75
"Jul 6 2009 11:04:04",0.0,0.0,0.86,75.00,32.75
"Jul 6 2009 11:04:05",0.0,0.0,0.94,75.00,32.75
"Jul 6 2009 11:04:06",0.0,0.0,0.98,75.00,32.75
"Jul 6 2009 11:04:07",0.0,0.0,0.90,75.00,32.75
"Jul 6 2009 11:04:08",0.0,0.0,0.90,75.00,32.75
"Jul 6 2009 11:04:10",0.0,0.0,0.98,75.00,32.75
"Jul 6 2009 11:04:11",0.0,0.0,0.90,75.00,32.75
"Jul 6 2009 11:04:12",0.0,0.0,0.98,75.00,32.75
"Jul 6 2009 11:04:13",0.0,0.0,0.98,75.00,32.75
"Jul 6 2009 11:04:14",0.0,0.0,1.06,73.00,32.75
"Jul 6 2009 11:04:15",0.0,0.0,0.98,73.00,32.75
"Jul 6 2009 11:04:16",0.0,0.0,0.94,73.00,32.75
"Jul 6 2009 11:04:17",0.0,0.0,0.94,73.00,32.75
"Jul 6 2009 11:04:18",0.0,0.0,0.94,73.00,32.75
"Jul 6 2009 11:04:19",0.0,0.0,0.94,73.00,32.75
"Jul 6 2009 11:04:20",0.0,0.0,0.98,73.00,32.75
"Jul 6 2009 11:04:21",0.0,0.0,0.90,75.00,32.75
"Jul 6 2009 11:04:22",0.0,0.0,0.90,75.00,32.75
"Jul 6 2009 11:04:24",0.0,0.0,0.98,75.00,32.75
"Jul 6 2009 11:04:25",0.0,0.0,1.02,73.00,32.75
"Jul 6 2009 11:04:26",0.0,0.0,1.02,73.00,32.75
"Jul 6 2009 11:04:27",0.0,0.0,0.94,75.00,32.75
"Jul 6 2009 11:04:28",0.0,0.0,0.78,75.00,32.75
"Jul 6 2009 11:04:29",0.0,0.0,0.94,75.00,34.13
"Jul 6 2009 11:04:30",0.0,0.0,0.90,75.00,34.13
"Jul 6 2009 11:04:31",0.0,0.0,1.02,75.00,34.13
"Jul 6 2009 11:04:32",0.0,0.0,0.90,75.00,34.13
"Jul 6 2009 11:04:33",0.0,0.0,1.06,75.00,34.13
"Jul 6 2009 11:04:34",42.3138,-71.03934,0.98,75.00,34.13
"Jul 6 2009 11:04:35",42.313793,-71.03932,0.82,75.00,34.13
"Jul 6 2009 11:04:36",42.313736,-71.03933,1.06,75.00,34.13
"Jul 6 2009 11:04:37",42.3136,-71.0394,0.82,75.00,34.13
"Jul 6 2009 11:04:39",42.31377,-71.03928,1.18,74.00,34.13
"Jul 6 2009 11:04:40",42.31381,-71.03928,0.78,75.00,34.13
"Jul 6 2009 11:04:41",42.3129,-71.03965,0.94,74.00,34.13
"Jul 6 2009 11:04:42",42.313786,-71.0393,1.26,74.00,34.13
"Jul 6 2009 11:04:43",42.313793,-71.039276,0.78,74.00,34.13
"Jul 6 2009 11:04:44",42.313755,-71.03928,0.66,74.00,34.13
"Jul 6 2009 11:04:45",42.313793,-71.03926,1.14,74.00,34.13
"Jul 6 2009 11:04:46",42.313793,-71.03925,0.98,74.00,34.13
"Jul 6 2009 11:04:47",42.313736,-71.03926,0.62,74.00,35.52
"Jul 6 2009 11:04:48",42.31372,-71.03926,0.62,74.00,35.52
"Jul 6 2009 11:04:49",42.313786,-71.03922,0.98,73.00,35.52
"Jul 6 2009 11:04:50",42.3139,-71.03918,1.22,73.00,35.52
"Jul 6 2009 11:04:51",42.31385,-71.03918,1.46,73.00,35.52
"Jul 6 2009 11:04:52",42.31381,-71.03916,1.82,73.00,35.52
"Jul 6 2009 11:04:53",42.313858,-71.039116,1.22,73.00,35.52
"Jul 6 2009 11:04:55",42.313866,-71.03917,0.74,73.00,35.52
"Jul 6 2009 11:04:56",42.313885,-71.03915,0.74,73.00,35.52
"Jul 6 2009 11:04:57",42.313885,-71.039116,1.34,73.00,35.52
"Jul 6 2009 11:04:58",42.313892,-71.03909,2.22,73.00,35.52
"Jul 6 2009 11:04:59",42.3139,-71.03908,1.58,73.00,35.52
"Jul 6 2009 11:05:00",42.3139,-71.03908,1.10,73.00,35.52
"Jul 6 2009 11:05:01",42.3139,-71.039085,0.94,73.00,35.52
"Jul 6 2009 11:05:02",42.313908,-71.039085,0.58,73.00,35.52
"Jul 6 2009 11:05:03",42.313908,-71.039085,1.02,73.00,35.52
"Jul 6 2009 11:05:04",42.313915,-71.03908,0.74,73.00,35.52
"Jul 6 2009 11:05:05",42.313923,-71.03907,0.70,73.00,35.52
"Jul 6 2009 11:05:06",42.31393,-71.03908,1.18,73.00,35.52
"Jul 6 2009 11:05:07",42.31393,-71.03909,1.34,73.00,35.52
"Jul 6 2009 11:05:09",42.31393,-71.0391,0.90,73.00,35.52
"Jul 6 2009 11:05:10",42.313942,-71.0391,1.34,73.00,35.52
"Jul 6 2009 11:05:11",42.313942,-71.0391,0.94,73.00,35.52
"Jul 6 2009 11:05:12",42.31395,-71.03909,0.90,73.00,35.52
"Jul 6 2009 11:05:13",42.313942,-71.03911,0.98,72.00,35.52
"Jul 6 2009 11:05:14",42.313942,-71.03911,0.94,72.00,35.52
"Jul 6 2009 11:05:15",42.313942,-71.039085,0.94,72.00,35.52
"Jul 6 2009 11:05:16",42.313942,-71.03909,0.94,72.00,35.52
"Jul 6 2009 11:05:17",42.31393,-71.03909,0.90,72.00,35.52
"Jul 6 2009 11:05:18",42.313923,-71.03909,0.98,72.00,35.52
"Jul 6 2009 11:05:19",42.313923,-71.03909,0.94,72.00,35.52
"Jul 6 2009 11:05:20",42.313923,-71.03909,0.90,73.00,35.52
"Jul 6 2009 11:05:21",42.313923,-71.039085,0.94,73.00,35.52
"Jul 6 2009 11:05:22",42.313923,-71.03908,0.98,73.00,35.52
"Jul 6 2009 11:05:24",42.313915,-71.0391,0.98,73.00,35.52
"Jul 6 2009 11:05:25",42.313915,-71.03911,0.90,73.00,35.52
"Jul 6 2009 11:05:26",42.313915,-71.03911,0.94,73.00,35.52
"Jul 6 2009 11:05:27",42.313915,-71.0391,1.14,73.00,35.52
"Jul 6 2009 11:05:28",42.313915,-71.03909,0.90,73.00,35.52
"Jul 6 2009 11:05:29",42.313923,-71.039085,0.98,73.00,35.52
"Jul 6 2009 11:05:30",42.313923,-71.03908,0.98,73.00,35.52
"Jul 6 2009 11:05:31",42.31393,-71.03908,0.94,73.00,35.52
"Jul 6 2009 11:05:32",42.31393,-71.03908,1.06,73.00,35.52
"Jul 6 2009 11:05:33",42.31393,-71.03907,1.02,74.00,35.52
"Jul 6 2009 11:05:34",42.31393,-71.03907,0.98,74.00,35.52
"Jul 6 2009 11:05:35",42.31393,-71.03907,0.98,74.00,35.52
"Jul 6 2009 11:05:36",42.31393,-71.03906,0.98,74.00,34.13
"Jul 6 2009 11:05:38",42.31393,-71.03907,1.06,74.00,34.13
"Jul 6 2009 11:05:39",42.31393,-71.03907,0.98,74.00,34.13
"Jul 6 2009 11:05:40",42.31393,-71.03908,1.10,74.00,34.13
"Jul 6 2009 11:05:41",42.31393,-71.03908,1.10,74.00,34.13
"Jul 6 2009 11:05:42",42.31393,-71.03909,0.94,73.00,34.13
"Jul 6 2009 11:05:43",42.31393,-71.0391,0.94,74.00,34.13
"Jul 6 2009 11:05:44",42.313915,-71.03913,0.94,75.00,34.13
"Jul 6 2009 11:05:45",42.313908,-71.03913,0.82,73.00,34.13
"Jul 6 2009 11:05:46",42.313915,-71.03913,0.94,75.00,34.13
"Jul 6 2009 11:05:47",42.313915,-71.039116,0.94,75.00,34.13
"Jul 6 2009 11:05:48",42.313923,-71.03911,0.82,75.00,34.13
"Jul 6 2009 11:05:49",42.313923,-71.03911,0.94,74.00,34.13
"Jul 6 2009 11:05:50",42.313915,-71.039116,0.90,74.00,34.13
"Jul 6 2009 11:05:51",42.313923,-71.0391,0.94,74.00,34.13
"Jul 6 2009 11:05:53",42.31393,-71.039116,0.94,74.00,34.13
"Jul 6 2009 11:05:54",42.31393,-71.039116,0.94,75.00,34.13
"Jul 6 2009 11:05:55",42.31393,-71.039116,0.94,75.00,34.13
"Jul 6 2009 11:05:56",42.31393,-71.039116,0.94,74.00,34.13
"Jul 6 2009 11:05:57",42.31393,-71.03913,0.90,73.00,34.13
"Jul 6 2009 11:05:58",42.313923,-71.03914,0.94,75.00,34.13
"Jul 6 2009 11:05:59",42.31393,-71.03915,0.86,74.00,34.13
"Jul 6 2009 11:06:00",42.31395,-71.039154,0.98,73.00,34.13
"Jul 6 2009 11:06:01",42.313957,-71.03915,0.94,73.00,34.13
"Jul 6 2009 11:06:02",42.313965,-71.03915,0.94,73.00,34.13
"Jul 6 2009 11:06:03",42.313972,-71.03913,0.90,74.00,34.13
"Jul 6 2009 11:06:04",42.313965,-71.039116,0.90,75.00,34.13
"Jul 6 2009 11:06:05",42.313965,-71.039116,0.94,75.00,34.13
"Jul 6 2009 11:06:07",42.313965,-71.039085,0.94,74.00,34.13
"Jul 6 2009 11:06:08",42.313965,-71.03907,0.94,75.00,34.13
"Jul 6 2009 11:06:09",42.313957,-71.03905,1.02,75.00,34.13
"Jul 6 2009 11:06:10",42.313965,-71.03906,0.94,75.00,34.13
"Jul 6 2009 11:06:11",42.313957,-71.03906,0.94,74.00,34.13
"Jul 6 2009 11:06:12",42.31395,-71.03904,0.98,75.00,34.13
"Jul 6 2009 11:06:13",42.31395,-71.03902,0.98,75.00,34.13
"Jul 6 2009 11:06:14",42.31395,-71.039024,0.98,75.00,34.13
"Jul 6 2009 11:06:15",42.31395,-71.03903,0.98,74.00,34.13
"Jul 6 2009 11:06:16",42.313942,-71.03908,0.94,73.00,34.13
"Jul 6 2009 11:06:17",42.313942,-71.039055,1.06,74.00,34.13
"Jul 6 2009 11:06:18",42.3139,-71.03905,1.06,74.00,34.13
"Jul 6 2009 11:06:19",42.313892,-71.03895,0.98,74.00,34.13
"Jul 6 2009 11:06:20",42.313892,-71.03897,0.90,73.00,34.13
"Jul 6 2009 11:06:22",42.313915,-71.03902,0.98,73.00,34.13
"Jul 6 2009 11:06:23",42.313908,-71.03905,1.02,73.00,34.13
"Jul 6 2009 11:06:24",42.313908,-71.03906,0.90,74.00,34.13
"Jul 6 2009 11:06:25",42.313915,-71.03906,0.86,73.00,34.13
"Jul 6 2009 11:06:26",42.313923,-71.03907,0.94,73.00,34.13
"Jul 6 2009 11:06:27",42.313923,-71.03907,0.98,72.00,34.13
"Jul 6 2009 11:06:28",42.31393,-71.03907,1.14,73.00,34.13
"Jul 6 2009 11:07:58",42.313892,-71.03895,0.98,73.00,32.75
"Jul 6 2009 11:07:59",42.313892,-71.038956,0.98,73.00,32.75
"Jul 6 2009 11:08:00",42.313892,-71.03896,0.98,73.00,32.75
"Jul 6 2009 11:08:01",42.313892,-71.03897,1.02,73.00,32.75
"Jul 6 2009 11:08:02",42.3139,-71.038994,0.94,75.00,32.75
"Jul 6 2009 11:08:03",42.313908,-71.03902,0.94,73.00,32.75
"Jul 6 2009 11:08:04",42.313908,-71.039024,0.98,73.00,32.75
"Jul 6 2009 11:08:06",42.3139,-71.03905,0.94,75.00,34.13
"Jul 6 2009 11:08:07",42.3139,-71.03904,0.98,74.00,34.13
"Jul 6 2009 11:08:08",42.3139,-71.03904,0.90,73.00,34.13
"Jul 6 2009 11:08:09",42.3139,-71.03904,0.94,75.00,34.13
"Jul 6 2009 11:08:10",42.3139,-71.03904,0.94,73.00,34.13
"Jul 6 2009 11:08:11",42.3139,-71.03904,0.94,73.00,34.13
"Jul 6 2009 11:08:12",42.313892,-71.03904,0.94,73.00,32.75
"Jul 6 2009 11:08:13",42.3139,-71.03904,1.02,73.00,32.75
"Jul 6 2009 11:08:14",42.3139,-71.03904,0.94,75.00,34.13
"Jul 6 2009 11:08:15",42.3139,-71.03903,0.94,75.00,34.13
"Jul 6 2009 11:08:16",42.3139,-71.03903,1.38,75.00,34.13
"Jul 6 2009 11:08:17",42.313892,-71.03902,0.98,75.00,34.13
"Jul 6 2009 11:08:18",42.313892,-71.039024,1.02,75.00,34.13
"Jul 6 2009 11:08:19",42.313892,-71.039024,0.74,75.00,34.13
"Jul 6 2009 11:08:21",42.313892,-71.03904,0.90,75.00,34.13
"Jul 6 2009 11:08:22",42.313892,-71.039055,0.86,75.00,34.13
"Jul 6 2009 11:08:23",42.313892,-71.03907,0.94,75.00,34.13
"Jul 6 2009 11:08:24",42.3139,-71.03907,0.94,73.00,34.13
"Jul 6 2009 11:08:25",42.3139,-71.039085,1.02,75.00,34.13
"Jul 6 2009 11:08:26",42.3139,-71.03909,0.94,75.00,34.13
"Jul 6 2009 11:08:27",42.3139,-71.0391,0.86,75.00,34.13
"Jul 6 2009 11:08:28",42.3139,-71.03911,0.90,75.00,34.13
"Jul 6 2009 11:08:29",42.3139,-71.039116,0.86,75.00,34.13
"Jul 6 2009 11:08:30",42.313892,-71.03911,0.98,75.00,34.13
"Jul 6 2009 11:08:31",42.313892,-71.03909,0.86,75.00,34.13
"Jul 6 2009 11:08:32",42.313892,-71.039085,0.94,75.00,34.13
"Jul 6 2009 11:08:33",42.3139,-71.03907,0.90,75.00,34.13
"Jul 6 2009 11:08:35",42.313915,-71.03904,0.82,75.00,34.13
"Jul 6 2009 11:08:36",42.313915,-71.03904,0.86,75.00,34.13
"Jul 6 2009 11:08:37",42.313908,-71.03905,1.54,74.00,34.13
"Jul 6 2009 11:08:38",42.3139,-71.03907,2.14,73.00,34.13
"Jul 6 2009 11:08:39",42.313892,-71.03907,0.90,75.00,34.13
"Jul 6 2009 11:08:40",42.313885,-71.03908,0.82,75.00,32.75
"Jul 6 2009 11:08:41",42.313892,-71.0391,0.70,73.00,32.75
"Jul 6 2009 11:08:42",42.313877,-71.039116,2.06,72.00,34.13
"Jul 6 2009 11:08:43",42.313885,-71.039116,0.82,75.00,32.75
"Jul 6 2009 11:08:44",42.313892,-71.039116,0.90,75.00,32.75
"Jul 6 2009 11:08:45",42.313892,-71.039116,0.90,75.00,32.75
"Jul 6 2009 11:08:46",42.313885,-71.039116,0.90,75.00,32.75
"Jul 6 2009 11:08:47",42.313885,-71.039085,0.66,73.00,32.75
"Jul 6 2009 11:08:49",42.313877,-71.03909,0.98,72.00,32.75
"Jul 6 2009 11:08:50",42.313885,-71.039116,0.86,72.00,32.75
"Jul 6 2009 11:08:51",42.313915,-71.03913,0.94,72.00,32.75
"Jul 6 2009 11:08:52",42.313915,-71.03911,0.98,73.00,32.75
"Jul 6 2009 11:08:53",42.313923,-71.03909,0.90,73.00,32.75
"Jul 6 2009 11:08:54",42.31393,-71.039055,0.94,74.00,32.75
"Jul 6 2009 11:08:55",42.313942,-71.03903,0.90,75.00,32.75
"Jul 6 2009 11:08:56",42.313942,-71.03902,0.86,75.00,32.75
"Jul 6 2009 11:08:57",42.31393,-71.03901,1.02,75.00,32.75
"Jul 6 2009 11:08:58",42.31393,-71.038994,0.58,75.00,32.75
"Jul 6 2009 11:08:59",42.313923,-71.03904,1.54,73.00,32.75
"Jul 6 2009 11:09:00",42.31393,-71.03906,0.78,72.00,32.75
"Jul 6 2009 11:09:01",42.31393,-71.039055,2.98,72.00,32.75
"Jul 6 2009 11:09:02",42.31393,-71.03906,1.02,74.00,32.75
"Jul 6 2009 11:09:04",42.313942,-71.039055,0.90,75.00,32.75
"Jul 6 2009 11:09:05",42.313942,-71.03906,1.06,75.00,32.75
"Jul 6 2009 11:09:06",42.313942,-71.03909,0.94,75.00,32.75
"Jul 6 2009 11:09:07",42.313957,-71.03913,0.58,74.00,32.75
"Jul 6 2009 11:09:08",42.313965,-71.039215,1.86,72.00,32.75
"Jul 6 2009 11:09:09",42.313972,-71.03923,1.18,73.00,32.75
"Jul 6 2009 11:09:10",42.313965,-71.0393,0.98,73.00,32.75
"Jul 6 2009 11:09:11",42.313957,-71.039314,0.98,73.00,32.75
"Jul 6 2009 11:09:12",42.313957,-71.039276,0.94,73.00,32.75
"Jul 6 2009 11:09:13",42.31395,-71.03919,0.78,73.00,32.75
"Jul 6 2009 11:09:14",42.313942,-71.039185,0.70,75.00,32.75
"Jul 6 2009 11:09:15",42.31393,-71.03917,0.98,74.00,32.75
"Jul 6 2009 11:09:16",42.313942,-71.03915,1.22,73.00,32.75
"Jul 6 2009 11:09:18",42.313957,-71.03919,0.70,74.00,32.75
"Jul 6 2009 11:09:19",42.313942,-71.03923,0.94,75.00,32.75
"Jul 6 2009 11:09:20",42.31395,-71.03922,1.06,74.00,32.75
"Jul 6 2009 11:09:21",42.31395,-71.03922,1.02,73.00,32.75
"Jul 6 2009 11:09:22",42.31395,-71.03924,0.90,75.00,32.75
"Jul 6 2009 11:09:23",42.31395,-71.03924,0.86,74.00,32.75
"Jul 6 2009 11:09:24",42.31395,-71.03926,0.94,75.00,32.75
"Jul 6 2009 11:09:25",42.313942,-71.03927,1.06,74.00,32.75
"Jul 6 2009 11:09:26",42.313942,-71.039276,0.86,75.00,32.75
"Jul 6 2009 11:09:27",42.31393,-71.03928,0.78,75.00,32.75
"Jul 6 2009 11:09:28",42.31393,-71.03929,0.94,75.00,32.75
"Jul 6 2009 11:09:29",42.31393,-71.0393,0.82,75.00,32.75
"Jul 6 2009 11:09:30",42.313923,-71.03931,1.06,75.00,32.75
"Jul 6 2009 11:09:31",42.313923,-71.039314,0.54,75.00,32.75
"Jul 6 2009 11:09:33",42.3139,-71.039345,1.10,75.00,32.75
"Jul 6 2009 11:09:34",42.3139,-71.03936,0.94,75.00,32.75
"Jul 6 2009 11:09:35",42.313892,-71.039375,0.78,75.00,32.75
"Jul 6 2009 11:09:36",42.313885,-71.03938,1.30,75.00,32.75
"Jul 6 2009 11:09:37",42.313877,-71.03939,1.14,75.00,32.75
"Jul 6 2009 11:09:38",42.313866,-71.0394,0.90,73.00,32.75
"Jul 6 2009 11:09:39",42.313858,-71.039406,0.94,74.00,32.75
"Jul 6 2009 11:09:40",42.313858,-71.039406,0.94,74.00,32.75
"Jul 6 2009 11:09:41",42.313858,-71.039406,0.98,75.00,34.13
"Jul 6 2009 11:09:42",42.313866,-71.0394,1.02,74.00,34.13
"Jul 6 2009 11:09:43",42.313877,-71.0394,0.90,74.00,34.13
"Jul 6 2009 11:09:44",42.313877,-71.03938,0.94,74.00,34.13
"Jul 6 2009 11:09:45",42.313866,-71.03939,0.90,74.00,34.13
"Jul 6 2009 11:09:47",42.313866,-71.03938,0.94,74.00,34.13
"Jul 6 2009 11:09:48",42.313866,-71.039375,0.98,74.00,34.13
"Jul 6 2009 11:09:49",42.313866,-71.039375,0.90,75.00,34.13
"Jul 6 2009 11:09:50",42.313866,-71.039375,0.98,75.00,34.13
"Jul 6 2009 11:09:51",42.313858,-71.03936,0.90,75.00,34.13
"Jul 6 2009 11:09:52",42.313858,-71.03936,0.90,75.00,34.13
"Jul 6 2009 11:09:53",42.313858,-71.03935,0.90,75.00,34.13
"Jul 6 2009 11:09:54",42.313858,-71.03935,0.98,75.00,34.13
"Jul 6 2009 11:09:55",42.313858,-71.03934,0.94,74.00,34.13
"Jul 6 2009 11:09:56",42.313866,-71.03934,0.94,74.00,34.13
"Jul 6 2009 11:09:57",42.313858,-71.03934,0.90,73.00,34.13
"Jul 6 2009 11:09:58",42.313858,-71.03934,0.94,73.00,34.13
"Jul 6 2009 11:09:59",42.313858,-71.03934,0.98,74.00,34.13
"Jul 6 2009 11:10:00",42.313866,-71.03929,0.94,75.00,35.52
"Jul 6 2009 11:10:02",42.313828,-71.03925,0.98,74.00,34.13
"Jul 6 2009 11:10:03",42.313843,-71.039276,0.46,74.00,34.13
"Jul 6 2009 11:10:04",42.313858,-71.0393,2.06,75.00,34.13
"Jul 6 2009 11:10:05",42.31385,-71.03929,1.46,75.00,34.13
"Jul 6 2009 11:10:06",42.313835,-71.03928,1.06,75.00,34.13
"Jul 6 2009 11:10:07",42.31385,-71.03928,0.90,74.00,34.13
"Jul 6 2009 11:10:08",42.313858,-71.03929,0.90,74.00,34.13
"Jul 6 2009 11:10:09",42.313877,-71.0393,0.90,74.00,34.13
"Jul 6 2009 11:10:10",42.313866,-71.03929,1.02,74.00,34.13
"Jul 6 2009 11:10:11",42.313866,-71.03928,0.94,74.00,34.13
"Jul 6 2009 11:10:22",42.31385,-71.03934,0.90,74.00,34.13
"Jul 6 2009 11:10:23",42.313858,-71.03934,0.98,74.00,35.52
"Jul 6 2009 11:10:24",42.313866,-71.03936,0.98,74.00,35.52
"Jul 6 2009 11:10:25",42.313866,-71.03935,0.90,75.00,35.52
"Jul 6 2009 11:10:26",42.313877,-71.03935,0.98,75.00,35.52
"Jul 6 2009 11:10:27",42.313877,-71.03935,0.86,75.00,35.52
"Jul 6 2009 11:10:28",42.313877,-71.03935,0.94,75.00,35.52
"Jul 6 2009 11:10:29",42.313877,-71.03936,0.98,74.00,35.52
"Jul 6 2009 11:10:30",42.313885,-71.039345,1.02,74.00,35.52
"Jul 6 2009 11:10:31",42.313885,-71.03934,1.14,75.00,35.52
"Jul 6 2009 11:10:33",42.313892,-71.03935,0.98,75.00,35.52
"Jul 6 2009 11:10:34",42.313892,-71.03935,0.98,75.00,35.52
"Jul 6 2009 11:10:35",42.313885,-71.03935,0.98,75.00,35.52
"Jul 6 2009 11:10:36",42.313892,-71.039345,0.98,75.00,35.52
"Jul 6 2009 11:10:37",42.313892,-71.03933,0.90,75.00,35.52
"Jul 6 2009 11:10:38",42.313892,-71.03932,0.90,75.00,35.52
"Jul 6 2009 11:10:39",42.313892,-71.03931,0.94,76.00,35.52
"Jul 6 2009 11:10:40",42.3139,-71.03931,0.98,75.00,35.52
"Jul 6 2009 11:10:41",42.3139,-71.0393,0.94,75.00,35.52
"Jul 6 2009 11:10:42",42.3139,-71.03928,0.86,76.00,35.52
"Jul 6 2009 11:10:43",42.313892,-71.03929,0.94,75.00,35.52
"Jul 6 2009 11:10:44",42.313885,-71.0393,0.94,75.00,35.52
"Jul 6 2009 11:10:45",42.313877,-71.0393,0.98,75.00,35.52
"Jul 6 2009 11:10:46",42.313877,-71.0393,0.98,76.00,36.90
"Jul 6 2009 11:10:48",42.313858,-71.0393,0.86,75.00,35.52
"Jul 6 2009 11:10:49",42.313877,-71.03932,1.18,75.00,35.52
"Jul 6 2009 11:10:50",42.313866,-71.039314,0.98,75.00,35.52
"Jul 6 2009 11:10:51",42.313877,-71.039314,3.97,73.00,35.52
"Jul 6 2009 11:10:52",42.313885,-71.03932,1.62,74.00,35.52
"Jul 6 2009 11:10:53",42.313877,-71.03931,-5.12,74.00,35.52
"Jul 6 2009 11:10:54",42.313858,-71.03931,1.22,74.00,35.52
"Jul 6 2009 11:10:55",42.313835,-71.03932,1.06,74.00,35.52
"Jul 6 2009 11:10:56",42.313843,-71.03929,1.22,75.00,35.52
"Jul 6 2009 11:10:57",42.313858,-71.03927,2.06,75.00,35.52
"Jul 6 2009 11:10:58",42.313858,-71.03923,1.58,73.00,35.52
"Jul 6 2009 11:10:59",42.313877,-71.0392,1.34,73.00,35.52
"Jul 6 2009 11:11:00",42.313885,-71.0391,0.82,73.00,35.52
"Jul 6 2009 11:11:01",42.3139,-71.039085,0.90,73.00,35.52
"Jul 6 2009 11:11:03",42.31393,-71.03906,0.94,73.00,35.52
"Jul 6 2009 11:11:04",42.31393,-71.03905,0.90,73.00,35.52
"Jul 6 2009 11:11:05",42.31393,-71.03904,0.98,73.00,35.52
"Jul 6 2009 11:11:06",42.31393,-71.039024,1.02,73.00,35.52
"Jul 6 2009 11:11:07",42.313915,-71.03905,1.42,73.00,35.52
"Jul 6 2009 11:11:08",42.313915,-71.03908,0.50,73.00,35.52
"Jul 6 2009 11:11:09",42.313915,-71.0391,0.98,73.00,35.52
"Jul 6 2009 11:11:10",42.31393,-71.03911,1.02,73.00,35.52
"Jul 6 2009 11:11:11",42.313957,-71.03913,0.94,73.00,35.52
"Jul 6 2009 11:11:12",42.313972,-71.03913,0.94,73.00,34.13
"Jul 6 2009 11:11:13",42.313988,-71.03913,0.94,73.00,34.13
"Jul 6 2009 11:11:14",42.313972,-71.03907,0.98,73.00,34.13
"Jul 6 2009 11:11:15",42.31393,-71.03905,0.98,73.00,34.13
"Jul 6 2009 11:11:17",42.313988,-71.03917,1.02,73.00,34.13
"Jul 6 2009 11:11:18",42.314014,-71.03919,0.98,73.00,34.13
"Jul 6 2009 11:11:19",42.31403,-71.03922,0.90,73.00,34.13
"Jul 6 2009 11:11:20",42.314037,-71.03924,1.02,73.00,34.13
"Jul 6 2009 11:11:21",42.314064,-71.039276,1.22,73.00,34.13
"Jul 6 2009 11:11:22",42.314053,-71.03925,1.02,73.00,34.13
"Jul 6 2009 11:11:23",42.314037,-71.039215,1.02,73.00,34.13
"Jul 6 2009 11:11:24",42.314022,-71.0392,0.98,73.00,34.13
"Jul 6 2009 11:11:25",42.314007,-71.039185,0.94,73.00,34.13
"Jul 6 2009 11:11:26",42.314007,-71.039185,0.74,73.00,34.13
"Jul 6 2009 11:11:27",42.314022,-71.039215,1.26,72.00,34.13
"Jul 6 2009 11:11:28",42.31403,-71.039215,0.94,72.00,34.13
"Jul 6 2009 11:11:29",42.31403,-71.039215,0.98,72.00,34.13
"Jul 6 2009 11:11:30",42.314037,-71.03923,1.02,72.00,34.13
"Jul 6 2009 11:11:32",42.314037,-71.03925,1.02,72.00,34.13
"Jul 6 2009 11:11:33",42.314022,-71.03921,0.98,72.00,34.13
"Jul 6 2009 11:11:34",42.314007,-71.0392,1.02,72.00,34.13
"Jul 6 2009 11:11:35",42.31398,-71.03918,0.98,72.00,34.13
"Jul 6 2009 11:11:36",42.31398,-71.039116,0.94,72.00,34.13
"Jul 6 2009 11:11:37",42.313988,-71.03909,1.02,72.00,34.13
"Jul 6 2009 11:11:38",42.31398,-71.03905,1.10,73.00,34.13
"Jul 6 2009 11:11:39",42.313972,-71.038994,0.98,73.00,34.13
"Jul 6 2009 11:11:40",42.31398,-71.03899,0.74,74.00,34.13
"Jul 6 2009 11:11:41",42.31398,-71.039024,1.10,73.00,34.13
"Jul 6 2009 11:11:42",42.31398,-71.039024,1.14,74.00,34.13
"Jul 6 2009 11:11:43",42.313972,-71.039024,1.14,73.00,34.13
"Jul 6 2009 11:11:44",42.31393,-71.03902,0.98,73.00,34.13
"Jul 6 2009 11:11:45",42.313908,-71.03905,1.06,74.00,34.13
"Jul 6 2009 11:11:47",42.313915,-71.0391,0.94,75.00,34.13
"Jul 6 2009 11:11:48",42.313923,-71.039116,0.98,75.00,34.13
"Jul 6 2009 11:11:49",42.313942,-71.039154,1.58,73.00,34.13
"Jul 6 2009 11:11:50",42.313965,-71.03914,1.06,73.00,34.13
"Jul 6 2009 11:11:51",42.31398,-71.039116,0.98,74.00,34.13
"Jul 6 2009 11:11:52",42.314014,-71.03908,0.98,74.00,34.13
"Jul 6 2009 11:11:53",42.314037,-71.03905,1.02,75.00,34.13
"Jul 6 2009 11:11:54",42.31403,-71.039055,0.98,75.00,34.13
"Jul 6 2009 11:11:55",42.314022,-71.03906,1.02,75.00,34.13
"Jul 6 2009 11:11:56",42.31403,-71.039055,0.94,73.00,34.13
"Jul 6 2009 11:11:57",42.314022,-71.03907,0.90,73.00,34.13
"Jul 6 2009 11:11:58",42.314014,-71.03908,1.02,74.00,34.13
"Jul 6 2009 11:11:59",42.314022,-71.03907,1.02,73.00,34.13
"Jul 6 2009 11:12:01",42.314014,-71.0391,1.26,73.00,34.13
"Jul 6 2009 11:12:02",42.314007,-71.03913,1.50,73.00,34.13
"Jul 6 2009 11:12:03",42.314,-71.03915,0.86,74.00,34.13
"Jul 6 2009 11:12:04",42.313988,-71.03917,1.02,73.00,34.13
"Jul 6 2009 11:12:05",42.31398,-71.03919,1.10,72.00,34.13
"Jul 6 2009 11:12:06",42.313972,-71.039185,0.98,73.00,32.75
"Jul 6 2009 11:12:07",42.313957,-71.03919,1.02,73.00,32.75
"Jul 6 2009 11:12:08",42.314045,-71.03921,1.02,73.00,34.13
"Jul 6 2009 11:12:09",42.314045,-71.03921,1.14,72.00,32.75
"Jul 6 2009 11:12:10",42.314045,-71.03921,0.90,73.00,32.75
"Jul 6 2009 11:12:11",42.314045,-71.03921,1.14,73.00,34.13
"Jul 6 2009 11:12:12",42.314,-71.03917,1.02,75.00,34.13
"Jul 6 2009 11:12:13",42.313957,-71.03915,1.02,75.00,34.13
"Jul 6 2009 11:12:14",42.313923,-71.03915,1.14,75.00,34.13
"Jul 6 2009 11:12:16",42.313915,-71.03916,0.98,75.00,34.13
"Jul 6 2009 11:12:17",42.313908,-71.039154,1.46,75.00,34.13
"Jul 6 2009 11:12:18",42.3139,-71.039154,1.38,75.00,34.13
"Jul 6 2009 11:12:19",42.313892,-71.039154,1.02,75.00,34.13
"Jul 6 2009 11:12:20",42.313885,-71.03916,0.82,75.00,34.13
"Jul 6 2009 11:12:21",42.313866,-71.03917,1.18,75.00,34.13
"Jul 6 2009 11:12:22",42.313858,-71.03918,1.14,75.00,35.52
"Jul 6 2009 11:12:23",42.31385,-71.039185,0.98,75.00,35.52
"Jul 6 2009 11:12:24",42.31385,-71.03921,0.58,75.00,35.52
"Jul 6 2009 11:12:25",42.31385,-71.039215,0.70,75.00,35.52
"Jul 6 2009 11:12:26",42.31385,-71.03923,1.42,75.00,35.52
"Jul 6 2009 11:12:27",42.313843,-71.03924,1.14,75.00,35.52
"Jul 6 2009 11:12:28",42.313843,-71.03926,0.82,75.00,35.52
"Jul 6 2009 11:12:30",42.313843,-71.03928,0.50,75.00,35.52
"Jul 6 2009 11:12:31",42.313835,-71.03929,0.50,75.00,35.52
"Jul 6 2009 11:12:32",42.313828,-71.03931,0.58,75.00,35.52
"Jul 6 2009 11:12:33",42.31382,-71.03932,0.66,75.00,35.52
"Jul 6 2009 11:12:34",42.31382,-71.03933,0.66,75.00,35.52
"Jul 6 2009 11:12:35",42.31381,-71.039345,0.94,75.00,35.52
"Jul 6 2009 11:12:36",42.313793,-71.03936,1.02,75.00,35.52
"Jul 6 2009 11:12:37",42.313786,-71.039375,1.22,75.00,35.52
"Jul 6 2009 11:12:38",42.313763,-71.03938,1.22,75.00,35.52
"Jul 6 2009 11:12:39",42.313755,-71.0394,1.42,75.00,35.52
"Jul 6 2009 11:12:40",42.313755,-71.03941,1.02,75.00,35.52
"Jul 6 2009 11:12:41",42.313755,-71.03942,0.82,75.00,34.13
"Jul 6 2009 11:12:42",42.313744,-71.03943,0.58,75.00,35.52
"Jul 6 2009 11:12:44",42.31372,-71.03944,0.66,75.00,34.13
"Jul 6 2009 11:12:45",42.31372,-71.03943,1.30,75.00,34.13
"Jul 6 2009 11:12:46",42.313705,-71.03943,0.94,75.00,34.13
"Jul 6 2009 11:12:47",42.313705,-71.03941,0.86,75.00,34.13
"Jul 6 2009 11:12:48",42.313698,-71.03943,0.82,75.00,34.13
"Jul 6 2009 11:12:49",42.313698,-71.039444,0.94,75.00,34.13
"Jul 6 2009 11:12:50",42.31368,-71.039474,0.98,75.00,34.13
"Jul 6 2009 11:12:51",42.31368,-71.03952,1.02,75.00,34.13
"Jul 6 2009 11:12:52",42.313686,-71.039536,0.98,75.00,35.52
"Jul 6 2009 11:12:53",42.313698,-71.03955,0.90,75.00,35.52
"Jul 6 2009 11:12:54",42.313705,-71.039566,1.06,75.00,34.13
"Jul 6 2009 11:12:55",42.313698,-71.0396,0.86,75.00,35.52
"Jul 6 2009 11:12:56",42.31368,-71.03964,0.94,75.00,34.13
"Jul 6 2009 11:12:57",42.31367,-71.03965,1.02,75.00,35.52
"Jul 6 2009 11:12:59",42.31368,-71.03963,1.02,75.00,35.52
"Jul 6 2009 11:13:00",42.31367,-71.039635,1.02,75.00,35.52
"Jul 6 2009 11:13:01",42.31368,-71.03962,0.98,75.00,35.52
"Jul 6 2009 11:13:02",42.313663,-71.039635,0.94,75.00,35.52
"Jul 6 2009 11:13:03",42.313663,-71.039604,1.02,74.00,35.52
"Jul 6 2009 11:13:04",42.31367,-71.0396,1.02,74.00,34.13
"Jul 6 2009 11:13:05",42.313656,-71.039604,1.02,74.00,34.13
"Jul 6 2009 11:13:06",42.31365,-71.03963,0.98,74.00,34.13
"Jul 6 2009 11:13:07",42.31364,-71.03964,0.98,74.00,34.13
"Jul 6 2009 11:13:08",42.313633,-71.03965,0.98,74.00,34.13
"Jul 6 2009 11:13:09",42.313633,-71.03966,0.94,74.00,34.13
"Jul 6 2009 11:13:10",42.313614,-71.03968,0.90,74.00,34.13
"Jul 6 2009 11:13:11",42.31359,-71.03971,0.98,74.00,34.13
"Jul 6 2009 11:13:13",42.31355,-71.039764,0.98,74.00,34.13
"Jul 6 2009 11:13:14",42.31354,-71.03978,0.98,74.00,34.13
"Jul 6 2009 11:13:15",42.313534,-71.03979,0.94,74.00,34.13
"Jul 6 2009 11:13:16",42.313534,-71.03979,0.94,74.00,34.13
"Jul 6 2009 11:13:17",42.31354,-71.03979,0.98,74.00,34.13
"Jul 6 2009 11:13:18",42.31355,-71.03979,0.94,74.00,34.13
"Jul 6 2009 11:13:19",42.313557,-71.03978,0.98,74.00,34.13
"Jul 6 2009 11:13:20",42.313576,-71.03976,0.90,74.00,34.13
"Jul 6 2009 11:13:21",42.313583,-71.03975,0.90,74.00,34.13
"Jul 6 2009 11:13:22",42.313557,-71.03978,0.98,74.00,34.13
"Jul 6 2009 11:13:23",42.31354,-71.039795,0.94,74.00,34.13
"Jul 6 2009 11:13:24",42.313526,-71.039825,0.98,73.00,34.13
"Jul 6 2009 11:13:25",42.31352,-71.03983,1.02,73.00,34.13
"Jul 6 2009 11:13:27",42.3135,-71.03985,1.06,75.00,34.13
"Jul 6 2009 11:13:28",42.31351,-71.039825,1.58,75.00,34.13
"Jul 6 2009 11:13:29",42.313534,-71.03979,0.94,74.00,34.13
"Jul 6 2009 11:13:30",42.313557,-71.03976,0.98,74.00,34.13
"Jul 6 2009 11:13:31",42.313576,-71.03973,0.98,74.00,34.13
"Jul 6 2009 11:13:32",42.31359,-71.03972,0.90,74.00,34.13
"Jul 6 2009 11:13:33",42.31359,-71.03972,0.94,74.00,34.13
"Jul 6 2009 11:13:34",42.31359,-71.03978,0.98,75.00,34.13
"Jul 6 2009 11:13:35",42.313614,-71.03971,0.78,75.00,34.13
"Jul 6 2009 11:13:36",42.31364,-71.039665,0.98,75.00,32.75
"Jul 6 2009 11:13:37",42.313656,-71.039635,0.98,74.00,34.13
"Jul 6 2009 11:13:38",42.313663,-71.0396,1.02,74.00,34.13
"Jul 6 2009 11:13:39",42.31368,-71.03958,1.02,74.00,32.75
"Jul 6 2009 11:13:40",42.313686,-71.03954,0.98,74.00,32.75
"Jul 6 2009 11:13:42",42.313698,-71.0395,0.94,74.00,32.75
"Jul 6 2009 11:13:43",42.313698,-71.03945,0.98,75.00,32.75
"Jul 6 2009 11:13:44",42.313705,-71.03945,0.90,74.00,34.13
"Jul 6 2009 11:13:45",42.313713,-71.03947,1.06,75.00,32.75
"Jul 6 2009 11:13:46",42.31372,-71.03948,0.98,75.00,32.75
"Jul 6 2009 11:13:47",42.313713,-71.03948,0.90,73.00,32.75
"Jul 6 2009 11:13:48",42.313705,-71.03948,0.90,75.00,32.75
"Jul 6 2009 11:13:49",42.313705,-71.0395,1.06,75.00,32.75
"Jul 6 2009 11:13:50",42.313705,-71.039505,0.82,75.00,32.75
"Jul 6 2009 11:13:51",42.313713,-71.03951,1.06,75.00,32.75
"Jul 6 2009 11:13:52",42.31372,-71.03947,0.98,75.00,32.75
"Jul 6 2009 11:13:53",42.31372,-71.03944,0.98,75.00,32.75
"Jul 6 2009 11:13:54",42.31372,-71.039406,0.94,74.00,32.75
"Jul 6 2009 11:13:56",42.31377,-71.03938,0.94,74.00,32.75
"Jul 6 2009 11:13:57",42.31381,-71.03935,0.94,75.00,32.75
"Jul 6 2009 11:13:58",42.313858,-71.039345,0.94,75.00,32.75
"Jul 6 2009 11:13:59",42.313858,-71.039375,0.94,75.00,32.75
"Jul 6 2009 11:14:00",42.313892,-71.03939,0.94,75.00,32.75
"Jul 6 2009 11:14:01",42.313915,-71.03938,0.94,75.00,32.75
"Jul 6 2009 11:14:02",42.313957,-71.0394,0.90,75.00,32.75
"Jul 6 2009 11:14:03",42.313965,-71.03939,0.94,75.00,32.75
"Jul 6 2009 11:14:04",42.31398,-71.03942,0.98,75.00,31.36
"Jul 6 2009 11:14:05",42.31398,-71.03944,0.94,75.00,31.36
"Jul 6 2009 11:14:06",42.31398,-71.03946,0.94,75.00,31.36
"Jul 6 2009 11:14:07",42.313988,-71.03946,0.94,75.00,31.36
"Jul 6 2009 11:14:08",42.31398,-71.03946,0.94,75.00,31.36
"Jul 6 2009 11:14:09",42.313972,-71.03947,0.94,75.00,31.36
"Jul 6 2009 11:14:11",42.313972,-71.03947,0.94,75.00,31.36
"Jul 6 2009 11:14:12",42.313965,-71.03947,1.02,75.00,31.36
"Jul 6 2009 11:14:13",42.313965,-71.03947,0.98,75.00,31.36
"Jul 6 2009 11:14:14",42.313915,-71.0395,0.90,75.00,31.36
"Jul 6 2009 11:14:15",42.3139,-71.039505,0.94,75.00,31.36
"Jul 6 2009 11:14:16",42.313885,-71.039505,0.98,75.00,31.36
"Jul 6 2009 11:14:17",42.313866,-71.039505,0.94,75.00,32.75
"Jul 6 2009 11:14:18",42.31385,-71.039505,0.94,75.00,32.75
"Jul 6 2009 11:14:19",42.313843,-71.0395,0.98,75.00,32.75
"Jul 6 2009 11:14:20",42.313843,-71.0395,0.94,75.00,32.75
"Jul 6 2009 11:14:21",42.313843,-71.03948,0.94,75.00,32.75
"Jul 6 2009 11:14:22",42.313843,-71.039474,0.98,75.00,32.75
"Jul 6 2009 11:14:23",42.313843,-71.039474,0.94,75.00,32.75
"Jul 6 2009 11:14:25",42.31385,-71.039474,0.94,75.00,32.75
"Jul 6 2009 11:14:26",42.31385,-71.03947,0.94,75.00,32.75
"Jul 6 2009 11:14:27",42.31385,-71.03946,0.94,75.00,32.75
"Jul 6 2009 11:14:28",42.31385,-71.03947,0.98,75.00,32.75
"Jul 6 2009 11:14:29",42.313843,-71.03947,0.98,75.00,32.75
"Jul 6 2009 11:14:30",42.313843,-71.03947,0.98,75.00,32.75
"Jul 6 2009 11:14:31",42.313843,-71.03947,0.98,75.00,32.75
"Jul 6 2009 11:14:32",42.313843,-71.03947,0.90,75.00,32.75
"Jul 6 2009 11:14:33",42.313843,-71.03946,0.94,75.00,32.75
"Jul 6 2009 11:14:34",42.313843,-71.03946,0.94,75.00,32.75
"Jul 6 2009 11:14:35",42.313843,-71.03945,0.94,75.00,32.75
"Jul 6 2009 11:14:36",42.313843,-71.039444,0.94,75.00,32.75
"Jul 6 2009 11:14:37",42.313835,-71.039444,0.98,75.00,32.75
"Jul 6 2009 11:14:39",42.313828,-71.03946,0.94,75.00,32.75
"Jul 6 2009 11:14:40",42.313828,-71.03946,0.86,75.00,34.13
"Jul 6 2009 11:14:41",42.31382,-71.03946,0.98,75.00,34.13
"Jul 6 2009 11:14:42",42.31382,-71.03946,0.94,75.00,34.13
"Jul 6 2009 11:14:43",42.31382,-71.03946,0.90,75.00,32.75
"Jul 6 2009 11:14:44",42.31382,-71.03946,1.02,75.00,34.13
"Jul 6 2009 11:14:45",42.313828,-71.03947,1.02,75.00,34.13
"Jul 6 2009 11:14:46",42.313828,-71.03946,1.78,75.00,34.13
"Jul 6 2009 11:14:47",42.31382,-71.03946,1.10,75.00,34.13
"Jul 6 2009 11:14:48",42.31382,-71.039444,0.86,75.00,34.13
"Jul 6 2009 11:14:49",42.31382,-71.03944,0.94,75.00,34.13
"Jul 6 2009 11:14:50",42.31381,-71.03943,0.90,75.00,34.13
"Jul 6 2009 11:14:51",42.31381,-71.03942,0.74,75.00,34.13
"Jul 6 2009 11:14:52",42.31382,-71.03941,0.94,75.00,34.13
"Jul 6 2009 11:14:54",42.313835,-71.03939,0.62,75.00,34.13
"Jul 6 2009 11:14:55",42.313835,-71.03938,0.70,75.00,34.13
"Jul 6 2009 11:14:56",42.313835,-71.039375,0.70,75.00,34.13
"Jul 6 2009 11:14:57",42.313843,-71.03936,1.18,74.00,34.13
"Jul 6 2009 11:14:58",42.31385,-71.03936,0.62,75.00,34.13
"Jul 6 2009 11:14:59",42.31385,-71.03935,0.98,75.00,34.13
"Jul 6 2009 11:15:00",42.313858,-71.039345,0.66,75.00,34.13
"Jul 6 2009 11:15:01",42.313858,-71.03935,0.94,75.00,35.52
"Jul 6 2009 11:15:02",42.313858,-71.039345,1.38,74.00,34.13
"Jul 6 2009 11:15:03",42.313858,-71.03933,0.78,74.00,35.52
"Jul 6 2009 11:15:04",42.313858,-71.03931,0.78,75.00,35.52
"Jul 6 2009 11:15:05",42.313858,-71.03929,0.94,75.00,35.52
"Jul 6 2009 11:15:06",42.313858,-71.039276,0.86,75.00,35.52
"Jul 6 2009 11:15:08",42.313858,-71.03925,1.06,75.00,35.52
"Jul 6 2009 11:15:09",42.313866,-71.03925,0.58,75.00,34.13
"Jul 6 2009 11:15:10",42.313877,-71.03926,0.66,75.00,34.13
"Jul 6 2009 11:15:11",42.313885,-71.03926,1.14,75.00,34.13
"Jul 6 2009 11:15:12",42.313892,-71.03926,1.02,75.00,34.13
"Jul 6 2009 11:15:13",42.313892,-71.03924,1.14,74.00,34.13
"Jul 6 2009 11:15:14",42.3139,-71.03923,0.94,73.00,34.13
"Jul 6 2009 11:15:15",42.313908,-71.03923,0.98,75.00,34.13
"Jul 6 2009 11:15:16",42.313915,-71.039215,1.02,75.00,34.13
"Jul 6 2009 11:15:17",42.313915,-71.03921,0.78,75.00,34.13
"Jul 6 2009 11:15:18",42.313923,-71.03921,1.82,75.00,34.13
"Jul 6 2009 11:15:19",42.31393,-71.0392,0.90,75.00,32.75
"Jul 6 2009 11:15:20",42.313942,-71.039215,1.62,75.00,32.75
"Jul 6 2009 11:15:22",42.313942,-71.03925,0.86,75.00,32.75
"Jul 6 2009 11:15:23",42.313923,-71.03924,0.86,75.00,32.75
"Jul 6 2009 11:15:24",42.313915,-71.03923,1.06,74.00,32.75
"Jul 6 2009 11:15:25",42.3139,-71.03919,1.02,75.00,32.75
"Jul 6 2009 11:15:26",42.313908,-71.039185,1.02,75.00,32.75
"Jul 6 2009 11:15:27",42.3139,-71.03918,0.94,75.00,34.13
"Jul 6 2009 11:15:28",42.313892,-71.03918,0.98,75.00,34.13
"Jul 6 2009 11:15:29",42.313892,-71.03917,0.98,75.00,34.13
"Jul 6 2009 11:15:30",42.3139,-71.03917,1.02,75.00,34.13
"Jul 6 2009 11:15:31",42.313915,-71.039185,1.02,75.00,34.13
"Jul 6 2009 11:15:32",42.313908,-71.03916,1.02,75.00,34.13
"Jul 6 2009 11:15:33",42.313915,-71.03918,1.02,75.00,34.13
"Jul 6 2009 11:15:34",42.313923,-71.03917,0.78,75.00,34.13
"Jul 6 2009 11:15:35",42.313915,-71.039154,0.90,75.00,34.13
"Jul 6 2009 11:15:37",42.3139,-71.03913,0.94,75.00,34.13
"Jul 6 2009 11:15:38",42.3139,-71.039116,0.90,75.00,34.13
"Jul 6 2009 11:15:39",42.313915,-71.03913,1.10,75.00,34.13
"Jul 6 2009 11:15:40",42.313923,-71.03913,1.06,75.00,34.13
"Jul 6 2009 11:15:41",42.313908,-71.03913,0.90,75.00,34.13
"Jul 6 2009 11:15:42",42.313908,-71.03913,0.94,75.00,34.13
"Jul 6 2009 11:15:43",42.3139,-71.03913,0.78,75.00,34.13
"Jul 6 2009 11:15:44",42.313892,-71.03916,0.70,75.00,34.13
"Jul 6 2009 11:15:45",42.313858,-71.03916,1.62,74.00,34.13
"Jul 6 2009 11:15:46",42.31385,-71.03914,0.90,75.00,34.13
"Jul 6 2009 11:15:47",42.31385,-71.03916,1.06,74.00,34.13
"Jul 6 2009 11:15:48",42.313858,-71.03917,1.02,74.00,34.13
"Jul 6 2009 11:15:49",42.313866,-71.0392,0.82,74.00,34.13
"Jul 6 2009 11:15:51",42.313877,-71.03924,2.14,74.00,34.13
"Jul 6 2009 11:15:52",42.313866,-71.03928,0.90,74.00,34.13
"Jul 6 2009 11:15:53",42.313866,-71.0393,2.06,72.00,34.13
"Jul 6 2009 11:15:54",42.313843,-71.03929,0.82,75.00,32.75
"Jul 6 2009 11:15:55",42.313843,-71.03931,0.78,74.00,32.75
"Jul 6 2009 11:15:56",42.313858,-71.039345,0.98,73.00,32.75
"Jul 6 2009 11:15:57",42.313877,-71.03935,1.34,72.00,32.75
"Jul 6 2009 11:15:58",42.313892,-71.039375,0.94,73.00,32.75
"Jul 6 2009 11:15:59",42.313877,-71.03938,0.94,73.00,32.75
"Jul 6 2009 11:16:00",42.313858,-71.03939,0.74,75.00,32.75
"Jul 6 2009 11:16:01",42.313858,-71.039375,0.98,74.00,32.75
"Jul 6 2009 11:16:02",42.31385,-71.03935,0.86,74.00,32.75
"Jul 6 2009 11:16:03",42.313828,-71.03932,1.10,72.00,32.75
"Jul 6 2009 11:16:05",42.3138,-71.03934,1.22,73.00,32.75
"Jul 6 2009 11:16:06",42.313786,-71.03936,1.54,75.00,32.75
"Jul 6 2009 11:16:07",42.313786,-71.03938,0.86,73.00,32.75
"Jul 6 2009 11:16:08",42.313793,-71.03939,0.74,73.00,32.75
"Jul 6 2009 11:16:09",42.31382,-71.03939,0.94,73.00,32.75
"Jul 6 2009 11:16:10",42.313835,-71.03939,0.90,73.00,32.75
"Jul 6 2009 11:16:11",42.313858,-71.03942,0.86,73.00,32.75
"Jul 6 2009 11:16:12",42.313885,-71.039444,1.02,74.00,32.75
"Jul 6 2009 11:16:13",42.313892,-71.03945,0.90,73.00,32.75
"Jul 6 2009 11:16:14",42.3139,-71.039444,0.78,73.00,32.75
"Jul 6 2009 11:16:15",42.313885,-71.03946,0.90,73.00,32.75
"Jul 6 2009 11:16:16",42.313866,-71.03945,0.90,73.00,32.75
"Jul 6 2009 11:16:17",42.313885,-71.03946,0.90,73.00,32.75
"Jul 6 2009 11:16:19",42.313858,-71.03945,0.78,73.00,32.75
"Jul 6 2009 11:16:20",42.313858,-71.03946,0.90,73.00,32.75
"Jul 6 2009 11:16:21",42.313858,-71.03946,0.94,73.00,32.75
"Jul 6 2009 11:16:22",42.313858,-71.0395,0.90,75.00,32.75
"Jul 6 2009 11:16:23",42.31385,-71.0395,0.94,75.00,32.75
"Jul 6 2009 11:16:24",42.313843,-71.03945,0.94,74.00,32.75
"Jul 6 2009 11:16:25",42.313835,-71.03942,0.94,75.00,32.75
"Jul 6 2009 11:16:26",42.313835,-71.03942,0.94,75.00,32.75
"Jul 6 2009 11:16:27",42.313828,-71.0394,0.90,75.00,32.75
"Jul 6 2009 11:16:28",42.313828,-71.039406,0.94,75.00,32.75
"Jul 6 2009 11:16:29",42.31382,-71.0394,0.94,73.00,32.75
"Jul 6 2009 11:16:30",42.31381,-71.03938,0.94,74.00,32.75
"Jul 6 2009 11:16:31",42.3138,-71.03935,0.94,75.00,32.75
"Jul 6 2009 11:16:32",42.313793,-71.03934,0.86,75.00,32.75
"Jul 6 2009 11:16:34",42.31377,-71.03932,0.98,75.00,32.75
"Jul 6 2009 11:16:35",42.313763,-71.03932,0.94,75.00,32.75
"Jul 6 2009 11:16:36",42.313763,-71.03932,0.94,75.00,32.75
"Jul 6 2009 11:16:37",42.313755,-71.03932,0.94,75.00,32.75
"Jul 6 2009 11:16:38",42.313744,-71.03932,0.86,75.00,32.75
"Jul 6 2009 11:16:39",42.313744,-71.039314,0.94,75.00,32.75
"Jul 6 2009 11:16:40",42.313736,-71.0393,0.98,75.00,32.75
"Jul 6 2009 11:16:41",42.31373,-71.03929,0.94,75.00,32.75
"Jul 6 2009 11:16:42",42.31373,-71.039276,0.98,75.00,32.75
"Jul 6 2009 11:16:43",42.31372,-71.03927,0.94,75.00,32.75
"Jul 6 2009 11:16:44",42.313713,-71.03925,0.90,75.00,32.75
"Jul 6 2009 11:16:45",42.313705,-71.03926,0.94,74.00,32.75
"Jul 6 2009 11:16:46",42.313705,-71.03926,0.94,75.00,32.75
"Jul 6 2009 11:16:48",42.313698,-71.03927,0.94,74.00,32.75
"Jul 6 2009 11:16:49",42.313686,-71.039276,0.94,73.00,32.75
"Jul 6 2009 11:16:50",42.313686,-71.03928,0.74,73.00,32.75
"Jul 6 2009 11:16:51",42.313686,-71.039276,0.94,71.00,32.75
"Jul 6 2009 11:16:52",42.313698,-71.039276,0.58,72.00,32.75
"Jul 6 2009 11:16:53",42.313698,-71.03927,0.90,72.00,31.36
"Jul 6 2009 11:16:54",42.313698,-71.03927,0.90,73.00,31.36
"Jul 6 2009 11:16:55",42.313698,-71.039276,0.90,73.00,31.36
"Jul 6 2009 11:16:56",42.313713,-71.03925,0.86,73.00,31.36
"Jul 6 2009 11:16:57",42.31372,-71.03925,0.82,73.00,31.36
"Jul 6 2009 11:16:58",42.31373,-71.03925,0.94,73.00,31.36
"Jul 6 2009 11:16:59",42.313736,-71.03925,0.94,73.00,31.36
"Jul 6 2009 11:17:00",42.313736,-71.03923,0.78,73.00,31.36
"Jul 6 2009 11:17:02",42.31373,-71.03924,0.90,73.00,31.36
"Jul 6 2009 11:17:03",42.313736,-71.03924,0.90,73.00,31.36
"Jul 6 2009 11:17:04",42.313744,-71.03925,0.98,73.00,31.36
"Jul 6 2009 11:17:05",42.313744,-71.03927,0.90,72.00,31.36
"Jul 6 2009 11:17:06",42.313755,-71.03927,0.94,73.00,31.36
"Jul 6 2009 11:17:07",42.313755,-71.039276,0.90,73.00,31.36
"Jul 6 2009 11:17:08",42.313755,-71.03929,1.02,71.00,31.36
"Jul 6 2009 11:17:09",42.313755,-71.0393,0.94,71.00,31.36
"Jul 6 2009 11:17:10",42.313763,-71.03929,1.10,71.00,31.36
"Jul 6 2009 11:17:11",42.313778,-71.03935,1.10,71.00,31.36
"Jul 6 2009 11:17:12",42.313763,-71.03936,1.02,71.00,31.36
"Jul 6 2009 11:17:13",42.313786,-71.03932,1.22,71.00,31.36
"Jul 6 2009 11:17:14",42.313786,-71.03929,1.18,71.00,31.36
"Jul 6 2009 11:17:15",42.3138,-71.03928,1.10,71.00,31.36
"Jul 6 2009 11:17:17",42.31382,-71.03927,1.02,71.00,31.36
"Jul 6 2009 11:17:18",42.313835,-71.03927,1.10,71.00,31.36
"Jul 6 2009 11:17:19",42.313866,-71.03925,1.10,71.00,31.36
"Jul 6 2009 11:17:20",42.313885,-71.03923,1.06,71.00,31.36
"Jul 6 2009 11:17:21",42.313892,-71.03926,1.06,71.00,31.36
"Jul 6 2009 11:17:22",42.313915,-71.03922,1.06,71.00,31.36
"Jul 6 2009 11:17:23",42.313915,-71.03921,1.10,71.00,31.36
"Jul 6 2009 11:17:24",42.313892,-71.03921,1.06,71.00,31.36
"Jul 6 2009 11:17:25",42.313835,-71.03928,1.10,71.00,31.36
"Jul 6 2009 11:17:26",42.31382,-71.03925,1.10,71.00,31.36
"Jul 6 2009 11:17:27",42.31381,-71.03924,1.10,71.00,31.36
"Jul 6 2009 11:17:28",42.313793,-71.03923,1.06,71.00,31.36
"Jul 6 2009 11:17:29",42.313786,-71.03922,1.10,71.00,31.36
"Jul 6 2009 11:17:31",42.313793,-71.03925,0.74,71.00,31.36
"Jul 6 2009 11:17:32",42.3138,-71.03921,1.42,72.00,29.98
"Jul 6 2009 11:17:33",42.31382,-71.0392,1.02,71.00,29.98
"Jul 6 2009 11:17:34",42.313828,-71.03919,0.98,72.00,31.36
"Jul 6 2009 11:17:35",42.313835,-71.03918,1.10,72.00,31.36
"Jul 6 2009 11:17:36",42.313835,-71.03914,0.86,73.00,29.98
"Jul 6 2009 11:17:37",42.313843,-71.039055,0.98,72.00,31.36
"Jul 6 2009 11:17:38",42.313866,-71.03909,1.18,73.00,31.36
"Jul 6 2009 11:17:39",42.313858,-71.03917,1.06,71.00,31.36
"Jul 6 2009 11:17:40",42.31385,-71.039185,1.06,71.00,31.36
"Jul 6 2009 11:17:41",42.31385,-71.03919,1.02,71.00,29.98
"Jul 6 2009 11:17:42",42.313843,-71.03921,1.22,72.00,29.98
"Jul 6 2009 11:17:43",42.313828,-71.039185,0.98,72.00,31.36
"Jul 6 2009 11:17:45",42.313736,-71.039185,0.30,71.00,29.98
"Jul 6 2009 11:17:46",42.313713,-71.03919,0.98,72.00,29.98
"Jul 6 2009 11:17:47",42.313686,-71.0392,0.94,72.00,31.36
"Jul 6 2009 11:17:48",42.313663,-71.03921,0.94,72.00,29.98
"Jul 6 2009 11:17:49",42.31364,-71.039215,1.22,72.00,29.98
"Jul 6 2009 11:17:50",42.313656,-71.03927,1.02,72.00,29.98
"Jul 6 2009 11:17:51",42.313606,-71.03917,1.02,72.00,29.98
"Jul 6 2009 11:17:52",42.313557,-71.03909,1.02,72.00,29.98
"Jul 6 2009 11:17:53",42.313557,-71.03901,-4.96,72.00,29.98
"Jul 6 2009 11:17:54",42.313557,-71.038994,3.66,72.00,29.98
"Jul 6 2009 11:17:55",42.313557,-71.03899,4.81,70.00,29.98
"Jul 6 2009 11:17:56",42.313557,-71.03898,-3.85,72.00,29.98
"Jul 6 2009 11:17:58",42.313557,-71.03897,1.18,72.00,29.98
"Jul 6 2009 11:17:59",42.313557,-71.03897,1.22,72.00,29.98
"Jul 6 2009 11:18:00",42.313557,-71.03897,0.82,71.00,29.98
"Jul 6 2009 11:18:01",42.31334,-71.03902,0.90,71.00,29.98
"Jul 6 2009 11:18:02",42.313454,-71.03905,0.82,71.00,29.98
"Jul 6 2009 11:18:03",42.3135,-71.03906,0.82,72.00,29.98
"Jul 6 2009 11:18:04",42.313526,-71.03911,1.06,71.00,29.98
"Jul 6 2009 11:18:05",42.31359,-71.03911,-4.56,72.00,29.98
"Jul 6 2009 11:18:06",42.313606,-71.03908,0.14,72.00,29.98
"Jul 6 2009 11:18:07",42.313633,-71.03915,1.50,72.00,29.98
"Jul 6 2009 11:18:08",42.313686,-71.03928,1.02,71.00,29.98
"Jul 6 2009 11:18:09",42.313686,-71.03935,0.74,72.00,29.98
"Jul 6 2009 11:18:10",42.31373,-71.03939,0.66,72.00,29.98
"Jul 6 2009 11:18:11",42.313744,-71.03942,1.02,72.00,29.98
"Jul 6 2009 11:18:13",42.313778,-71.0394,0.98,72.00,29.98
"Jul 6 2009 11:18:14",42.31381,-71.039375,0.98,72.00,29.98
"Jul 6 2009 11:18:15",42.313866,-71.03943,0.70,72.00,29.98
"Jul 6 2009 11:18:16",42.313877,-71.03938,1.14,72.00,29.98
"Jul 6 2009 11:18:17",42.313866,-71.039345,1.02,72.00,29.98
"Jul 6 2009 11:18:18",42.313885,-71.03935,0.90,72.00,29.98
"Jul 6 2009 11:18:19",42.313915,-71.039375,0.62,73.00,29.98
"Jul 6 2009 11:18:20",42.313885,-71.039345,3.30,73.00,29.98
"Jul 6 2009 11:18:21",42.313892,-71.039345,3.22,73.00,29.98
"Jul 6 2009 11:18:22",42.313885,-71.03934,0.66,72.00,29.98
"Jul 6 2009 11:18:23",42.313885,-71.03938,1.66,72.00,29.98
"Jul 6 2009 11:18:24",42.313942,-71.03945,1.38,73.00,29.98
"Jul 6 2009 11:18:25",42.313988,-71.03947,1.10,73.00,29.98
"Jul 6 2009 11:18:27",42.31403,-71.039604,0.86,72.00,29.98
"Jul 6 2009 11:18:28",42.31403,-71.039604,1.46,74.00,29.98
"Jul 6 2009 11:18:29",42.314037,-71.039635,2.22,73.00,29.98
"Jul 6 2009 11:18:30",42.314064,-71.03965,0.66,72.00,29.98
"Jul 6 2009 11:18:31",42.31407,-71.03964,2.02,74.00,29.98
"Jul 6 2009 11:18:32",42.31411,-71.03975,0.66,73.00,29.98
"Jul 6 2009 11:18:33",42.314144,-71.03982,1.38,74.00,29.98
"Jul 6 2009 11:18:34",42.3142,-71.03989,1.30,74.00,29.98
"Jul 6 2009 11:18:35",42.314217,-71.03985,1.22,74.00,29.98
"Jul 6 2009 11:18:36",42.314243,-71.039795,1.06,74.00,29.98
"Jul 6 2009 11:18:37",42.31425,-71.03977,0.82,75.00,29.98
"Jul 6 2009 11:18:38",42.314224,-71.039795,0.90,72.00,29.98
"Jul 6 2009 11:18:39",42.314224,-71.039795,0.90,75.00,29.98
"Jul 6 2009 11:18:41",42.31416,-71.03976,1.26,75.00,29.98
"Jul 6 2009 11:18:42",42.314144,-71.03972,1.30,74.00,29.98
"Jul 6 2009 11:18:43",42.31411,-71.039696,1.62,74.00,29.98
"Jul 6 2009 11:18:44",42.314102,-71.03965,1.06,74.00,29.98
"Jul 6 2009 11:18:45",42.31408,-71.039604,3.74,74.00,29.98
"Jul 6 2009 11:18:46",42.314053,-71.03952,0.86,72.00,29.98
"Jul 6 2009 11:18:47",42.31403,-71.03946,0.70,72.00,29.98
"Jul 6 2009 11:18:48",42.314007,-71.03948,0.78,72.00,29.98
"Jul 6 2009 11:18:49",42.314,-71.03946,0.98,72.00,29.98
"Jul 6 2009 11:18:50",42.313972,-71.03945,1.02,75.00,29.98
"Jul 6 2009 11:18:51",42.314,-71.03948,0.98,73.00,29.98
"Jul 6 2009 11:18:52",42.313988,-71.039474,0.98,74.00,29.98
"Jul 6 2009 11:18:53",42.313965,-71.03945,0.94,73.00,29.98
"Jul 6 2009 11:18:55",42.313965,-71.039444,0.98,75.00,29.98
"Jul 6 2009 11:18:56",42.313965,-71.03943,0.98,75.00,29.98
"Jul 6 2009 11:18:57",42.313965,-71.0394,0.94,75.00,29.98
"Jul 6 2009 11:18:58",42.31398,-71.03938,0.98,75.00,29.98
"Jul 6 2009 11:18:59",42.314,-71.03933,0.94,75.00,31.36
"Jul 6 2009 11:19:00",42.313988,-71.03931,0.98,75.00,31.36
"Jul 6 2009 11:19:01",42.314,-71.03932,0.98,75.00,31.36
"Jul 6 2009 11:19:02",42.314,-71.03932,0.98,75.00,31.36
"Jul 6 2009 11:19:03",42.313988,-71.039314,0.98,75.00,31.36
"Jul 6 2009 11:19:04",42.313988,-71.03933,0.98,75.00,31.36
"Jul 6 2009 11:19:05",42.313988,-71.03932,0.94,75.00,31.36
"Jul 6 2009 11:19:06",42.313988,-71.03935,1.06,75.00,31.36
"Jul 6 2009 11:19:07",42.313972,-71.03934,1.10,73.00,31.36
"Jul 6 2009 11:19:09",42.313972,-71.03934,0.98,73.00,31.36
"Jul 6 2009 11:19:10",42.313972,-71.03935,0.94,75.00,31.36
"Jul 6 2009 11:19:11",42.31398,-71.039375,1.06,75.00,31.36
"Jul 6 2009 11:19:12",42.313965,-71.03936,1.02,74.00,31.36
"Jul 6 2009 11:19:13",42.313965,-71.03936,0.98,74.00,31.36
"Jul 6 2009 11:19:14",42.313957,-71.039375,0.94,74.00,31.36
"Jul 6 2009 11:19:15",42.313957,-71.03936,0.94,74.00,31.36
"Jul 6 2009 11:19:16",42.313957,-71.03935,0.70,73.00,31.36
"Jul 6 2009 11:19:17",42.31395,-71.039345,1.06,73.00,31.36
"Jul 6 2009 11:19:18",42.313942,-71.03933,1.14,73.00,31.36
"Jul 6 2009 11:19:19",42.313942,-71.03934,1.06,73.00,31.36
"Jul 6 2009 11:19:20",42.313942,-71.03932,1.10,73.00,31.36
"Jul 6 2009 11:19:21",42.313942,-71.03931,1.02,74.00,31.36
"Jul 6 2009 11:19:23",42.31395,-71.0393,1.02,73.00,31.36
"Jul 6 2009 11:19:24",42.313923,-71.0393,0.94,73.00,31.36
"Jul 6 2009 11:19:25",42.313915,-71.03928,0.94,73.00,31.36
"Jul 6 2009 11:19:26",42.313915,-71.03926,0.94,73.00,31.36
"Jul 6 2009 11:19:27",42.313915,-71.03926,0.94,73.00,31.36
"Jul 6 2009 11:19:28",42.313915,-71.039276,0.94,73.00,31.36
"Jul 6 2009 11:19:29",42.313915,-71.0393,0.94,73.00,31.36
"Jul 6 2009 11:19:30",42.313915,-71.03929,0.90,73.00,31.36
"Jul 6 2009 11:19:31",42.313915,-71.0393,0.74,73.00,31.36
"Jul 6 2009 11:19:32",42.313908,-71.03927,0.82,73.00,31.36
"Jul 6 2009 11:19:33",42.313908,-71.03927,0.90,73.00,31.36
"Jul 6 2009 11:19:34",42.3139,-71.03925,0.94,73.00,31.36
"Jul 6 2009 11:19:35",42.313885,-71.03923,0.98,72.00,31.36
"Jul 6 2009 11:19:37",42.3139,-71.03923,1.10,73.00,31.36
"Jul 6 2009 11:19:38",42.313892,-71.03922,0.82,73.00,31.36
"Jul 6 2009 11:19:39",42.313877,-71.03923,0.74,73.00,31.36
"Jul 6 2009 11:19:40",42.313885,-71.03925,0.94,73.00,31.36
"Jul 6 2009 11:19:41",42.313885,-71.03925,0.94,73.00,31.36
"Jul 6 2009 11:19:42",42.313892,-71.03923,0.90,73.00,31.36
"Jul 6 2009 11:19:43",42.3139,-71.03923,0.90,72.00,31.36
"Jul 6 2009 11:19:44",42.313908,-71.03926,0.90,72.00,31.36
"Jul 6 2009 11:19:45",42.313915,-71.03928,0.94,72.00,31.36
"Jul 6 2009 11:19:46",42.313915,-71.03929,0.90,72.00,31.36
"Jul 6 2009 11:19:47",42.313923,-71.0393,0.86,72.00,31.36
"Jul 6 2009 11:19:48",42.313923,-71.039314,0.78,73.00,31.36
"Jul 6 2009 11:19:49",42.313942,-71.039314,0.98,72.00,31.36
"Jul 6 2009 11:19:51",42.31395,-71.03929,1.06,72.00,31.36
"Jul 6 2009 11:19:52",42.313965,-71.03927,0.90,72.00,31.36
"Jul 6 2009 11:19:53",42.313965,-71.03924,0.90,72.00,31.36
"Jul 6 2009 11:19:54",42.313972,-71.039215,0.90,72.00,31.36
"Jul 6 2009 11:19:55",42.31398,-71.039215,0.90,72.00,31.36
"Jul 6 2009 11:19:56",42.313972,-71.03922,0.90,72.00,31.36
"Jul 6 2009 11:19:57",42.313965,-71.039215,0.90,72.00,31.36
"Jul 6 2009 11:19:58",42.313965,-71.03921,0.90,72.00,31.36
"Jul 6 2009 11:19:59",42.313972,-71.039215,0.90,72.00,31.36
"Jul 6 2009 11:20:00",42.313972,-71.03922,0.74,72.00,31.36
"Jul 6 2009 11:20:01",42.313965,-71.03925,0.98,74.00,31.36
"Jul 6 2009 11:20:02",42.313965,-71.03925,1.14,70.00,31.36
"Jul 6 2009 11:20:03",42.313957,-71.03923,2.54,71.00,31.36
"Jul 6 2009 11:20:05",42.313942,-71.03919,1.14,71.00,31.36
"Jul 6 2009 11:20:06",42.31393,-71.03918,1.02,71.00,31.36
"Jul 6 2009 11:20:07",42.31393,-71.03914,1.10,71.00,31.36
"Jul 6 2009 11:20:08",42.313942,-71.03909,1.02,71.00,31.36
"Jul 6 2009 11:20:09",42.313957,-71.03913,1.02,72.00,31.36
"Jul 6 2009 11:20:10",42.313957,-71.03914,1.02,72.00,31.36
"Jul 6 2009 11:20:11",42.313957,-71.03914,1.06,72.00,31.36
"Jul 6 2009 11:20:12",42.313957,-71.039154,1.06,72.00,31.36
"Jul 6 2009 11:20:13",42.313965,-71.03918,1.06,72.00,31.36
"Jul 6 2009 11:20:14",42.313957,-71.03917,1.02,72.00,31.36
"Jul 6 2009 11:20:15",42.313957,-71.03917,1.02,71.00,31.36
"Jul 6 2009 11:20:16",42.313942,-71.03916,1.14,71.00,31.36
"Jul 6 2009 11:20:17",42.31393,-71.039154,1.06,71.00,31.36
"Jul 6 2009 11:20:19",42.313923,-71.03917,1.06,71.00,31.36
"Jul 6 2009 11:20:20",42.313923,-71.039185,1.06,71.00,31.36
"Jul 6 2009 11:20:21",42.313915,-71.039185,1.06,71.00,31.36
"Jul 6 2009 11:20:22",42.313915,-71.03921,1.02,71.00,31.36
"Jul 6 2009 11:20:23",42.313923,-71.03922,1.06,72.00,31.36
"Jul 6 2009 11:20:24",42.31393,-71.03924,0.22,73.00,31.36
"Jul 6 2009 11:20:25",42.31393,-71.03922,1.06,71.00,31.36
"Jul 6 2009 11:20:26",42.31393,-71.03923,1.06,71.00,31.36
"Jul 6 2009 11:20:27",42.31393,-71.03922,1.06,71.00,31.36
"Jul 6 2009 11:20:28",42.31393,-71.03921,1.10,72.00,31.36
"Jul 6 2009 11:20:29",42.313923,-71.03921,1.02,72.00,31.36
"Jul 6 2009 11:20:30",42.31393,-71.039215,1.02,72.00,31.36
"Jul 6 2009 11:20:31",42.31393,-71.039215,1.10,72.00,31.36
"Jul 6 2009 11:20:32",42.31393,-71.039215,1.02,72.00,31.36
"Jul 6 2009 11:20:34",42.31393,-71.03921,1.06,72.00,31.36
"Jul 6 2009 11:20:35",42.313923,-71.03921,1.06,72.00,31.36
"Jul 6 2009 11:20:36",42.313923,-71.03922,1.06,72.00,31.36
"Jul 6 2009 11:20:37",42.31393,-71.039215,1.06,72.00,31.36
"Jul 6 2009 11:20:38",42.313923,-71.03919,0.70,73.00,31.36
"Jul 6 2009 11:20:39",42.313923,-71.03919,0.98,72.00,31.36
"Jul 6 2009 11:20:40",42.313923,-71.03919,1.06,72.00,31.36
"Jul 6 2009 11:20:41",42.313915,-71.0392,1.06,72.00,31.36
"Jul 6 2009 11:20:42",42.313915,-71.03921,1.06,72.00,31.36
"Jul 6 2009 11:20:43",42.313908,-71.03921,1.06,72.00,31.36
"Jul 6 2009 11:20:44",42.313915,-71.03919,1.10,72.00,31.36
"Jul 6 2009 11:20:45",42.313915,-71.03919,1.06,72.00,31.36
"Jul 6 2009 11:20:46",42.313908,-71.0392,1.06,72.00,31.36
"Jul 6 2009 11:20:48",42.313866,-71.03921,1.06,72.00,31.36
"Jul 6 2009 11:20:49",42.313835,-71.03921,1.02,72.00,31.36
"Jul 6 2009 11:20:50",42.313828,-71.039215,1.02,72.00,31.36
"Jul 6 2009 11:20:51",42.31382,-71.0392,1.06,72.00,31.36
"Jul 6 2009 11:20:52",42.31382,-71.03921,1.10,72.00,31.36
"Jul 6 2009 11:20:53",42.31381,-71.0392,1.02,72.00,31.36
"Jul 6 2009 11:20:54",42.31385,-71.03914,1.10,72.00,31.36
"Jul 6 2009 11:20:55",42.313858,-71.039116,0.58,73.00,31.36
"Jul 6 2009 11:20:56",42.313858,-71.03911,0.90,75.00,31.36
"Jul 6 2009 11:20:57",42.313858,-71.03911,0.94,75.00,31.36
"Jul 6 2009 11:20:58",42.313835,-71.03911,0.82,74.00,31.36
"Jul 6 2009 11:20:59",42.313877,-71.03915,0.98,72.00,31.36
"Jul 6 2009 11:21:00",42.3139,-71.03909,0.98,71.00,31.36
"Jul 6 2009 11:21:02",42.313915,-71.03901,1.02,71.00,31.36
"Jul 6 2009 11:21:03",42.313942,-71.038994,0.82,71.00,31.36
"Jul 6 2009 11:21:04",42.313965,-71.038994,0.90,71.00,31.36
"Jul 6 2009 11:21:05",42.314022,-71.03905,0.82,71.00,31.36
"Jul 6 2009 11:21:06",42.31407,-71.03906,0.94,71.00,31.36
"Jul 6 2009 11:21:07",42.314144,-71.03909,0.90,71.00,31.36
"Jul 6 2009 11:21:08",42.314167,-71.039055,0.90,71.00,31.36
"Jul 6 2009 11:21:09",42.314217,-71.039024,0.90,71.00,31.36
"Jul 6 2009 11:21:10",42.314224,-71.03891,0.90,72.00,31.36
"Jul 6 2009 11:21:11",42.314217,-71.03892,0.94,72.00,31.36
"Jul 6 2009 11:21:12",42.314167,-71.03891,0.90,72.00,31.36
"Jul 6 2009 11:21:13",42.31413,-71.038826,0.90,72.00,31.36
"Jul 6 2009 11:21:14",42.31413,-71.03886,0.90,72.00,31.36
"Jul 6 2009 11:21:16",42.314087,-71.03892,0.90,72.00,31.36
"Jul 6 2009 11:21:17",42.314053,-71.03887,0.94,72.00,31.36
"Jul 6 2009 11:21:18",42.314045,-71.03889,0.94,72.00,31.36
"Jul 6 2009 11:21:19",42.31403,-71.03887,0.82,72.00,31.36
"Jul 6 2009 11:21:20",42.314022,-71.038864,0.94,72.00,31.36
"Jul 6 2009 11:21:21",42.314022,-71.03887,1.06,72.00,31.36
"Jul 6 2009 11:21:22",42.314037,-71.03891,0.86,72.00,31.36
"Jul 6 2009 11:21:23",42.314037,-71.038956,0.90,72.00,31.36
"Jul 6 2009 11:21:24",42.314045,-71.03899,0.82,71.00,31.36
"Jul 6 2009 11:21:25",42.31403,-71.03902,0.90,72.00,31.36
"Jul 6 2009 11:21:26",42.31403,-71.03906,0.94,70.00,31.36
"Jul 6 2009 11:21:27",42.314037,-71.039116,0.94,71.00,31.36
"Jul 6 2009 11:21:28",42.314064,-71.03918,0.94,71.00,31.36
"Jul 6 2009 11:21:30",42.314095,-71.03926,1.02,71.00,31.36
"Jul 6 2009 11:21:31",42.31413,-71.03933,0.94,71.00,31.36
"Jul 6 2009 11:21:32",42.31416,-71.03943,1.06,72.00,31.36
"Jul 6 2009 11:21:33",42.3142,-71.03948,0.98,72.00,31.36
"Jul 6 2009 11:21:34",42.314186,-71.03944,0.98,71.00,31.36
"Jul 6 2009 11:21:35",42.31416,-71.03941,1.06,72.00,31.36
"Jul 6 2009 11:21:36",42.314095,-71.0393,1.06,72.00,31.36
"Jul 6 2009 11:21:37",42.31407,-71.03928,0.78,72.00,31.36
"Jul 6 2009 11:21:38",42.31407,-71.039276,1.14,71.00,31.36
"Jul 6 2009 11:21:39",42.314064,-71.03927,1.02,71.00,31.36
"Jul 6 2009 11:21:40",42.314014,-71.039215,1.14,72.00,31.36
"Jul 6 2009 11:21:41",42.314014,-71.03914,0.90,72.00,31.36
"Jul 6 2009 11:21:42",42.313988,-71.0391,0.94,72.00,31.36
"Jul 6 2009 11:21:44",42.313942,-71.03907,1.02,72.00,31.36
"Jul 6 2009 11:21:45",42.31393,-71.03907,0.98,72.00,31.36
"Jul 6 2009 11:21:46",42.31393,-71.03905,0.90,72.00,31.36
"Jul 6 2009 11:21:47",42.313923,-71.03906,0.86,71.00,31.36
"Jul 6 2009 11:21:48",42.313923,-71.03904,1.06,72.00,31.36
"Jul 6 2009 11:21:49",42.31393,-71.03904,1.02,72.00,31.36
"Jul 6 2009 11:21:50",42.31393,-71.03903,1.06,72.00,31.36
"Jul 6 2009 11:21:51",42.313965,-71.03906,1.02,71.00,31.36
"Jul 6 2009 11:21:52",42.313972,-71.03905,1.02,71.00,29.98
"Jul 6 2009 11:21:53",42.313965,-71.03903,1.02,71.00,31.36
"Jul 6 2009 11:21:54",42.313965,-71.03903,0.98,71.00,31.36
"Jul 6 2009 11:21:55",42.313965,-71.03904,0.98,71.00,31.36
"Jul 6 2009 11:21:56",42.313972,-71.03905,0.98,71.00,31.36
"Jul 6 2009 11:21:57",42.313972,-71.03906,1.02,71.00,31.36
"Jul 6 2009 11:21:59",42.313957,-71.03905,0.78,72.00,31.36
"Jul 6 2009 11:22:00",42.313957,-71.03904,1.22,72.00,31.36
"Jul 6 2009 11:22:01",42.31395,-71.03902,2.50,70.00,31.36
"Jul 6 2009 11:22:02",42.31395,-71.038994,0.90,72.00,31.36
"Jul 6 2009 11:22:03",42.31395,-71.03902,0.90,71.00,31.36
"Jul 6 2009 11:22:04",42.313942,-71.03906,0.98,72.00,31.36
"Jul 6 2009 11:22:05",42.313942,-71.03915,0.90,72.00,31.36
"Jul 6 2009 11:22:06",42.313957,-71.03924,0.78,72.00,31.36
"Jul 6 2009 11:22:07",42.31395,-71.03925,0.74,72.00,31.36
"Jul 6 2009 11:22:08",42.313957,-71.039276,3.26,71.00,31.36
"Jul 6 2009 11:22:09",42.313957,-71.03924,0.70,71.00,31.36
"Jul 6 2009 11:22:10",42.31395,-71.039215,0.70,72.00,31.36
"Jul 6 2009 11:22:11",42.31395,-71.039215,1.14,72.00,31.36
"Jul 6 2009 11:22:13",42.313957,-71.03911,0.86,72.00,31.36
"Jul 6 2009 11:22:14",42.313957,-71.03906,0.90,73.00,31.36
"Jul 6 2009 11:22:15",42.313965,-71.03904,1.06,73.00,31.36
"Jul 6 2009 11:22:16",42.313965,-71.03904,0.98,73.00,31.36
"Jul 6 2009 11:22:17",42.313965,-71.03901,1.02,73.00,31.36
"Jul 6 2009 11:22:18",42.313957,-71.03903,1.06,72.00,29.98
"Jul 6 2009 11:22:19",42.31395,-71.039055,1.14,72.00,29.98
"Jul 6 2009 11:22:20",42.313942,-71.03907,1.18,72.00,31.36
"Jul 6 2009 11:22:21",42.31395,-71.03909,0.98,74.00,31.36
"Jul 6 2009 11:22:22",42.313942,-71.03908,0.86,75.00,29.98
"Jul 6 2009 11:22:23",42.313923,-71.03908,0.94,73.00,31.36
"Jul 6 2009 11:22:24",42.313923,-71.0391,1.90,73.00,31.36
"Jul 6 2009 11:22:25",42.313942,-71.03913,0.70,72.00,31.36
"Jul 6 2009 11:22:27",42.313957,-71.039154,1.46,74.00,31.36
"Jul 6 2009 11:22:28",42.313965,-71.03918,0.22,71.00,31.36
"Jul 6 2009 11:22:29",42.313972,-71.03919,4.29,71.00,31.36
"Jul 6 2009 11:22:30",42.314007,-71.03916,1.26,72.00,31.36
"Jul 6 2009 11:22:31",42.314022,-71.03915,0.90,72.00,31.36
"Jul 6 2009 11:22:32",42.314175,-71.039276,1.06,72.00,31.36
"Jul 6 2009 11:22:33",42.31416,-71.03941,0.94,72.00,31.36
"Jul 6 2009 11:22:34",42.31395,-71.03925,0.98,73.00,31.36
"Jul 6 2009 11:22:43",42.313923,-71.03917,0.90,73.00,31.36
"Jul 6 2009 11:22:44",42.313942,-71.03918,0.70,75.00,31.36
"Jul 6 2009 11:22:45",42.313965,-71.039185,0.94,75.00,31.36
"Jul 6 2009 11:22:46",42.313957,-71.039185,0.94,75.00,31.36
"Jul 6 2009 11:22:47",42.31395,-71.0392,0.90,75.00,31.36
"Jul 6 2009 11:22:48",42.313942,-71.0392,0.94,75.00,31.36
"Jul 6 2009 11:22:49",42.31393,-71.03919,0.98,75.00,31.36
"Jul 6 2009 11:22:50",42.31393,-71.0392,0.94,75.00,31.36
"Jul 6 2009 11:22:51",42.313923,-71.03921,1.02,75.00,31.36
"Jul 6 2009 11:22:52",42.313908,-71.03921,0.82,75.00,31.36
"Jul 6 2009 11:22:54",42.313923,-71.039215,0.98,75.00,31.36
"Jul 6 2009 11:22:55",42.313923,-71.03921,0.94,75.00,31.36
"Jul 6 2009 11:22:56",42.313923,-71.0392,0.98,75.00,31.36
"Jul 6 2009 11:22:57",42.313915,-71.03919,0.94,75.00,31.36
"Jul 6 2009 11:22:58",42.313915,-71.039185,0.98,75.00,31.36
"Jul 6 2009 11:22:59",42.313915,-71.03918,1.06,75.00,31.36
"Jul 6 2009 11:23:00",42.313915,-71.03917,0.94,75.00,31.36
"Jul 6 2009 11:23:01",42.313908,-71.03916,0.94,75.00,31.36
"Jul 6 2009 11:23:02",42.313908,-71.03916,0.98,75.00,31.36
"Jul 6 2009 11:23:03",42.313908,-71.03916,0.94,75.00,31.36
"Jul 6 2009 11:23:04",42.313908,-71.039185,0.94,75.00,31.36
"Jul 6 2009 11:23:05",42.313908,-71.039185,0.94,75.00,31.36
"Jul 6 2009 11:23:06",42.313908,-71.039185,0.94,75.00,31.36
"Jul 6 2009 11:23:08",42.313915,-71.03917,0.94,75.00,31.36
"Jul 6 2009 11:23:09",42.313915,-71.03917,0.94,75.00,31.36
"Jul 6 2009 11:23:10",42.313915,-71.03917,0.90,75.00,31.36
"Jul 6 2009 11:23:11",42.313908,-71.03918,0.98,75.00,31.36
"Jul 6 2009 11:23:12",42.313908,-71.03918,0.98,75.00,31.36
"Jul 6 2009 11:23:13",42.3139,-71.039185,0.98,75.00,31.36
"Jul 6 2009 11:23:14",42.3139,-71.039185,0.94,75.00,32.75
"Jul 6 2009 11:23:15",42.3139,-71.039185,0.94,75.00,31.36
"Jul 6 2009 11:23:16",42.3139,-71.03919,1.06,75.00,32.75
"Jul 6 2009 11:23:17",42.3139,-71.03919,0.94,75.00,31.36
"Jul 6 2009 11:23:18",42.3139,-71.03919,0.98,75.00,32.75
"Jul 6 2009 11:23:19",42.313892,-71.03919,0.98,75.00,32.75
"Jul 6 2009 11:23:20",42.313892,-71.03919,0.94,75.00,32.75
"Jul 6 2009 11:23:22",42.313892,-71.03919,0.98,75.00,32.75
"Jul 6 2009 11:23:23",42.313892,-71.03919,0.98,75.00,32.75
"Jul 6 2009 11:23:24",42.313892,-71.0392,0.94,75.00,32.75
"Jul 6 2009 11:23:25",42.313892,-71.0392,0.94,75.00,32.75
"Jul 6 2009 11:23:26",42.313892,-71.0392,0.98,75.00,32.75
"Jul 6 2009 11:23:27",42.313892,-71.0392,0.94,75.00,32.75
"Jul 6 2009 11:23:28",42.313892,-71.0392,0.98,75.00,32.75
"Jul 6 2009 11:23:29",42.313892,-71.0392,0.90,76.00,32.75
"Jul 6 2009 11:23:30",42.313892,-71.0392,0.94,75.00,32.75
"Jul 6 2009 11:23:31",42.313892,-71.0392,0.98,75.00,32.75
"Jul 6 2009 11:23:32",42.313892,-71.03919,0.86,76.00,32.75
"Jul 6 2009 11:23:33",42.313892,-71.03919,0.94,76.00,32.75
"Jul 6 2009 11:23:34",42.313892,-71.03919,0.90,76.00,32.75
"Jul 6 2009 11:23:35",42.313885,-71.03919,0.94,76.00,32.75
"Jul 6 2009 11:23:37",42.313885,-71.03919,0.94,76.00,32.75
"Jul 6 2009 11:23:38",42.313885,-71.039185,0.98,76.00,32.75
"Jul 6 2009 11:23:39",42.313877,-71.039185,0.94,75.00,32.75
"Jul 6 2009 11:23:40",42.313877,-71.039185,0.94,76.00,32.75
"Jul 6 2009 11:23:41",42.313877,-71.039185,0.86,75.00,32.75
"Jul 6 2009 11:23:42",42.313877,-71.039185,0.94,76.00,32.75
"Jul 6 2009 11:23:43",42.313866,-71.039185,0.94,76.00,32.75
"Jul 6 2009 11:23:44",42.313866,-71.039185,0.90,76.00,32.75
"Jul 6 2009 11:23:45",42.313866,-71.039185,1.02,75.00,32.75
"Jul 6 2009 11:23:46",42.313866,-71.039185,0.90,75.00,32.75
"Jul 6 2009 11:23:47",42.313866,-71.039185,0.98,75.00,34.13
"Jul 6 2009 11:23:48",42.313858,-71.039185,1.02,76.00,34.13
"Jul 6 2009 11:23:49",42.313858,-71.039185,0.94,75.00,34.13
"Jul 6 2009 11:23:51",42.313858,-71.039185,0.98,75.00,34.13
"Jul 6 2009 11:23:52",42.313858,-71.03918,0.94,76.00,32.75
"Jul 6 2009 11:23:53",42.31385,-71.03918,0.98,76.00,32.75
"Jul 6 2009 11:23:54",42.31385,-71.03918,0.94,76.00,32.75
"Jul 6 2009 11:23:55",42.31385,-71.03918,0.94,76.00,32.75
"Jul 6 2009 11:23:56",42.31385,-71.03918,0.98,76.00,32.75
"Jul 6 2009 11:23:57",42.31385,-71.03918,0.98,75.00,32.75
"Jul 6 2009 11:23:58",42.31385,-71.03918,0.98,75.00,32.75
"Jul 6 2009 11:23:59",42.31385,-71.03918,0.98,76.00,32.75
"Jul 6 2009 11:24:00",42.31385,-71.03918,0.94,75.00,32.75
"Jul 6 2009 11:24:01",42.313843,-71.03917,0.94,76.00,34.13
"Jul 6 2009 11:24:02",42.313843,-71.03917,0.94,75.00,34.13
"Jul 6 2009 11:24:03",42.313843,-71.03917,0.94,75.00,34.13
"Jul 6 2009 11:24:04",42.313843,-71.03917,0.98,76.00,32.75
"Jul 6 2009 11:24:06",42.313843,-71.03917,0.98,76.00,34.13
"Jul 6 2009 11:24:07",42.313843,-71.03917,0.90,76.00,34.13
"Jul 6 2009 11:24:08",42.313843,-71.03917,0.98,76.00,34.13
"Jul 6 2009 11:24:09",42.313843,-71.03917,0.94,76.00,34.13
"Jul 6 2009 11:24:10",42.313843,-71.03917,0.94,76.00,34.13
"Jul 6 2009 11:24:11",42.313843,-71.03917,0.94,76.00,34.13
"Jul 6 2009 11:24:12",42.313843,-71.03917,0.98,76.00,34.13
"Jul 6 2009 11:24:13",42.313843,-71.03916,0.98,76.00,34.13
"Jul 6 2009 11:24:14",42.313843,-71.03916,0.98,76.00,34.13
"Jul 6 2009 11:24:15",42.313843,-71.03916,0.94,76.00,34.13
"Jul 6 2009 11:24:16",42.313843,-71.03916,0.98,76.00,34.13
"Jul 6 2009 11:24:17",42.313843,-71.039154,0.94,76.00,34.13
"Jul 6 2009 11:24:18",42.313843,-71.039154,0.90,76.00,34.13
"Jul 6 2009 11:24:20",42.313843,-71.039154,0.90,76.00,34.13
"Jul 6 2009 11:24:21",42.313843,-71.039154,0.94,76.00,34.13
"Jul 6 2009 11:24:22",42.313843,-71.03915,0.94,75.00,34.13
"Jul 6 2009 11:24:23",42.313843,-71.03915,1.06,76.00,34.13
"Jul 6 2009 11:24:24",42.31385,-71.03915,1.42,76.00,34.13
"Jul 6 2009 11:24:25",42.31385,-71.03915,0.78,76.00,34.13
"Jul 6 2009 11:24:26",42.313858,-71.03914,0.98,75.00,34.13
"Jul 6 2009 11:24:27",42.313858,-71.03914,1.02,75.00,34.13
"Jul 6 2009 11:24:28",42.313866,-71.03915,0.86,75.00,34.13
"Jul 6 2009 11:24:29",42.313877,-71.03915,1.02,75.00,34.13
"Jul 6 2009 11:24:30",42.313877,-71.039154,1.02,75.00,35.52
"Jul 6 2009 11:24:31",42.313885,-71.03916,1.02,75.00,35.52
"Jul 6 2009 11:24:32",42.313885,-71.03916,0.98,75.00,35.52
"Jul 6 2009 11:24:33",42.313892,-71.03916,1.02,75.00,35.52
"Jul 6 2009 11:24:35",42.3139,-71.03916,1.02,75.00,35.52
"Jul 6 2009 11:24:36",42.3139,-71.03916,1.10,75.00,35.52
"Jul 6 2009 11:24:37",42.3139,-71.03917,1.02,75.00,35.52
"Jul 6 2009 11:24:38",42.3139,-71.03917,1.02,75.00,35.52
"Jul 6 2009 11:24:39",42.3139,-71.03917,1.02,75.00,35.52
"Jul 6 2009 11:24:40",42.3139,-71.03918,1.06,75.00,35.52
"Jul 6 2009 11:24:41",42.3139,-71.03918,0.98,75.00,35.52
"Jul 6 2009 11:24:42",42.313908,-71.03918,1.02,75.00,35.52
"Jul 6 2009 11:24:43",42.313908,-71.03918,1.02,75.00,35.52
"Jul 6 2009 11:24:44",42.313908,-71.03918,0.94,75.00,35.52
"Jul 6 2009 11:24:45",42.313915,-71.03918,0.98,75.00,35.52
"Jul 6 2009 11:24:46",42.313923,-71.03917,1.02,75.00,35.52
"Jul 6 2009 11:24:47",42.313923,-71.03916,0.98,75.00,35.52
"Jul 6 2009 11:24:49",42.31393,-71.039154,1.06,75.00,35.52
"Jul 6 2009 11:24:50",42.313923,-71.039154,0.98,75.00,35.52
"Jul 6 2009 11:24:51",42.31393,-71.039154,0.94,75.00,35.52
"Jul 6 2009 11:24:52",42.313923,-71.039154,1.10,73.00,35.52
"Jul 6 2009 11:24:53",42.313923,-71.03915,0.98,73.00,35.52
"Jul 6 2009 11:24:54",42.313923,-71.03916,0.98,74.00,35.52
"Jul 6 2009 11:24:55",42.313923,-71.03916,0.90,74.00,35.52
"Jul 6 2009 11:24:56",42.31393,-71.03916,0.90,74.00,35.52
"Jul 6 2009 11:24:57",42.31393,-71.03916,0.70,74.00,35.52
"Jul 6 2009 11:24:58",42.31393,-71.039154,1.10,74.00,35.52
"Jul 6 2009 11:24:59",42.31393,-71.039154,0.98,74.00,35.52
"Jul 6 2009 11:25:00",42.31393,-71.03915,1.02,74.00,35.52
"Jul 6 2009 11:25:01",42.313923,-71.03914,3.50,74.00,35.52
"Jul 6 2009 11:25:02",42.313923,-71.039154,1.02,74.00,35.52
"Jul 6 2009 11:25:04",42.3139,-71.03917,4.77,72.00,34.13
"Jul 6 2009 11:25:05",42.313877,-71.039185,-0.02,72.00,34.13
"Jul 6 2009 11:25:06",42.313835,-71.03921,3.58,72.00,34.13
"Jul 6 2009 11:25:07",42.3138,-71.03921,0.74,73.00,34.13
"Jul 6 2009 11:25:08",42.313763,-71.03923,2.58,74.00,34.13
"Jul 6 2009 11:25:09",42.313763,-71.03924,1.74,73.00,34.13
"Jul 6 2009 11:25:10",42.313705,-71.03922,1.10,74.00,34.13
"Jul 6 2009 11:25:11",42.31367,-71.03924,1.06,73.00,34.13
"Jul 6 2009 11:25:12",42.31365,-71.03928,-3.29,75.00,34.13
"Jul 6 2009 11:25:13",42.31364,-71.03931,1.70,74.00,34.13
"Jul 6 2009 11:25:14",42.313614,-71.039314,0.74,74.00,34.13
"Jul 6 2009 11:25:15",42.31362,-71.03934,2.62,74.00,34.13
"Jul 6 2009 11:25:16",42.3136,-71.03934,2.02,74.00,34.13
"Jul 6 2009 11:25:18",42.313686,-71.0394,0.86,74.00,34.13
"Jul 6 2009 11:25:19",42.31377,-71.03936,0.90,73.00,34.13
"Jul 6 2009 11:25:20",42.313843,-71.03932,2.14,73.00,34.13
"Jul 6 2009 11:25:21",42.313858,-71.039375,0.66,73.00,34.13
"Jul 6 2009 11:25:22",42.313858,-71.03943,1.70,73.00,34.13
"Jul 6 2009 11:25:23",42.313866,-71.03946,3.38,73.00,34.13
"Jul 6 2009 11:25:24",42.313858,-71.03945,0.90,74.00,34.13
"Jul 6 2009 11:25:25",42.313835,-71.03934,0.98,74.00,34.13
"Jul 6 2009 11:25:26",42.31382,-71.039276,0.94,74.00,34.13
"Jul 6 2009 11:25:27",42.313877,-71.03929,0.98,74.00,34.13
"Jul 6 2009 11:25:28",42.313885,-71.03924,2.14,74.00,34.13
"Jul 6 2009 11:25:29",42.3139,-71.0392,0.46,74.00,34.13
"Jul 6 2009 11:25:30",42.313908,-71.03917,0.94,75.00,34.13
"Jul 6 2009 11:25:32",42.31393,-71.03911,1.10,73.00,34.13
"Jul 6 2009 11:25:33",42.314022,-71.03904,0.66,73.00,34.13
"Jul 6 2009 11:25:34",42.313957,-71.03913,-4.96,75.00,34.13
"Jul 6 2009 11:25:35",42.313915,-71.03931,2.94,74.00,34.13
"Jul 6 2009 11:25:36",42.313866,-71.03934,1.34,73.00,34.13
"Jul 6 2009 11:25:37",42.313843,-71.03935,2.70,73.00,32.75
"Jul 6 2009 11:25:38",42.31385,-71.03935,0.82,73.00,32.75
"Jul 6 2009 11:25:39",42.31385,-71.039314,3.30,73.00,32.75
"Jul 6 2009 11:25:40",42.313828,-71.03927,3.42,74.00,32.75
"Jul 6 2009 11:25:41",42.313828,-71.03925,0.90,74.00,32.75
"Jul 6 2009 11:25:42",42.313835,-71.03925,0.90,73.00,32.75
"Jul 6 2009 11:25:43",42.313858,-71.03925,0.90,73.00,32.75
"Jul 6 2009 11:25:44",42.313892,-71.03926,0.94,74.00,32.75
"Jul 6 2009 11:25:45",42.313915,-71.03925,0.98,72.00,32.75
"Jul 6 2009 11:25:47",42.313957,-71.03925,0.86,72.00,32.75
"Jul 6 2009 11:25:48",42.313957,-71.03926,0.90,72.00,32.75
"Jul 6 2009 11:25:49",42.31395,-71.03928,0.90,72.00,32.75
"Jul 6 2009 11:25:50",42.313965,-71.03928,0.90,72.00,32.75
"Jul 6 2009 11:25:51",42.313988,-71.039276,0.90,72.00,32.75
"Jul 6 2009 11:25:52",42.314,-71.039276,0.90,72.00,32.75
"Jul 6 2009 11:25:53",42.314007,-71.03927,0.90,72.00,32.75
"Jul 6 2009 11:25:54",42.314007,-71.03927,0.90,72.00,32.75
"Jul 6 2009 11:25:55",42.314014,-71.03925,0.90,72.00,32.75
"Jul 6 2009 11:25:56",42.314022,-71.03925,0.90,72.00,32.75
"Jul 6 2009 11:25:57",42.314007,-71.03925,0.90,72.00,32.75
"Jul 6 2009 11:25:58",42.314007,-71.03924,0.90,72.00,32.75
"Jul 6 2009 11:25:59",42.313988,-71.03923,0.90,72.00,32.75
"Jul 6 2009 11:26:01",42.31398,-71.03924,0.90,72.00,32.75
"Jul 6 2009 11:26:02",42.31398,-71.03924,0.86,72.00,32.75
"Jul 6 2009 11:26:03",42.314,-71.03924,0.86,72.00,32.75
"Jul 6 2009 11:26:04",42.314,-71.03924,0.90,72.00,32.75
"Jul 6 2009 11:26:05",42.313988,-71.03924,0.90,72.00,32.75
"Jul 6 2009 11:26:06",42.313988,-71.03925,0.90,72.00,32.75
"Jul 6 2009 11:26:07",42.313988,-71.03924,0.90,72.00,32.75
"Jul 6 2009 11:26:08",42.313988,-71.03925,0.90,72.00,32.75
"Jul 6 2009 11:26:09",42.31398,-71.03925,0.90,72.00,32.75
"Jul 6 2009 11:26:10",42.31398,-71.03924,0.86,72.00,32.75
"Jul 6 2009 11:26:11",42.313972,-71.03924,0.90,72.00,32.75
"Jul 6 2009 11:26:12",42.31398,-71.03925,0.94,72.00,32.75
"Jul 6 2009 11:26:13",42.313972,-71.03926,0.46,75.00,32.75
"Jul 6 2009 11:26:14",42.31393,-71.039276,0.98,75.00,32.75
"Jul 6 2009 11:26:16",42.31385,-71.03935,0.94,75.00,32.75
"Jul 6 2009 11:26:17",42.313828,-71.039314,0.94,75.00,34.13
"Jul 6 2009 11:26:18",42.313877,-71.03922,1.18,75.00,32.75
"Jul 6 2009 11:26:19",42.313915,-71.03919,1.14,74.00,32.75
"Jul 6 2009 11:26:20",42.31393,-71.039154,0.90,75.00,34.13
"Jul 6 2009 11:26:21",42.31393,-71.03916,1.10,75.00,32.75
"Jul 6 2009 11:26:22",42.313923,-71.03918,1.06,74.00,34.13
"Jul 6 2009 11:26:23",42.31393,-71.03917,0.90,73.00,34.13
"Jul 6 2009 11:26:24",42.31393,-71.03917,0.90,74.00,32.75
"Jul 6 2009 11:26:25",42.31393,-71.03916,0.58,73.00,32.75
"Jul 6 2009 11:26:26",42.313942,-71.03916,0.94,73.00,32.75
"Jul 6 2009 11:26:27",42.313942,-71.03918,0.90,74.00,34.13
"Jul 6 2009 11:26:28",42.31395,-71.039185,0.86,73.00,34.13
"Jul 6 2009 11:26:30",42.31393,-71.0392,0.90,73.00,32.75
"Jul 6 2009 11:26:31",42.31393,-71.03919,0.90,73.00,32.75
"Jul 6 2009 11:26:32",42.31393,-71.03918,0.98,73.00,32.75
"Jul 6 2009 11:26:33",42.31393,-71.03917,0.82,74.00,34.13
"Jul 6 2009 11:26:34",42.313923,-71.03917,0.94,75.00,34.13
"Jul 6 2009 11:26:35",42.313915,-71.03916,0.86,75.00,34.13
"Jul 6 2009 11:26:36",42.313915,-71.03917,1.30,75.00,34.13
"Jul 6 2009 11:26:37",42.313908,-71.03918,0.98,75.00,34.13
"Jul 6 2009 11:26:38",42.313908,-71.03918,1.22,75.00,34.13
"Jul 6 2009 11:26:39",42.313908,-71.039185,0.82,75.00,34.13
"Jul 6 2009 11:28:46",0.0,0.0,1.06,1.00,27.21
"Jul 6 2009 11:28:47",0.0,0.0,1.06,1.00,27.21
"Jul 6 2009 11:28:48",0.0,0.0,1.06,1.00,27.21
"Jul 6 2009 11:28:49",0.0,0.0,1.02,1.00,27.21
"Jul 6 2009 11:28:50",0.0,0.0,1.02,1.00,27.21
"Jul 6 2009 11:28:51",0.0,0.0,1.06,1.00,27.21
"Jul 6 2009 11:28:52",0.0,0.0,1.02,1.00,27.21
"Jul 6 2009 11:28:54",0.0,0.0,0.98,1.00,28.60
"Jul 6 2009 11:28:55",0.0,0.0,1.06,1.00,28.60
"Jul 6 2009 11:28:56",0.0,0.0,1.02,1.00,28.60
"Jul 6 2009 11:28:57",0.0,0.0,1.02,0.00,28.60
