time,lat,lon,acc,light,temp
"Jul 6 2009 15:28:30",0.0,0.0,0.98,9.00,34.13
"Jul 6 2009 15:28:31",0.0,0.0,0.98,8.00,34.13
"Jul 6 2009 15:28:33",0.0,0.0,0.98,7.00,32.75
"Jul 6 2009 15:28:34",0.0,0.0,0.98,7.00,34.13
"Jul 6 2009 15:28:35",0.0,0.0,0.94,7.00,32.75
"Jul 6 2009 15:28:36",0.0,0.0,0.98,7.00,32.75
"Jul 6 2009 15:28:37",0.0,0.0,0.98,7.00,34.13
"Jul 6 2009 15:28:38",0.0,0.0,0.98,7.00,32.75
"Jul 6 2009 15:28:39",0.0,0.0,0.98,7.00,32.75
"Jul 6 2009 15:28:40",0.0,0.0,0.98,7.00,34.13
"Jul 6 2009 15:28:41",0.0,0.0,0.98,7.00,32.75
"Jul 6 2009 15:28:42",0.0,0.0,0.98,7.00,34.13
"Jul 6 2009 15:28:43",0.0,0.0,0.98,7.00,34.13
"Jul 6 2009 15:28:44",0.0,0.0,0.94,7.00,32.75
"Jul 6 2009 15:28:46",0.0,0.0,0.98,9.00,34.13
"Jul 6 2009 15:28:47",0.0,0.0,0.98,9.00,34.13
"Jul 6 2009 15:28:48",0.0,0.0,1.02,9.00,34.13
"Jul 6 2009 15:28:49",0.0,0.0,1.02,9.00,34.13
"Jul 6 2009 15:28:50",0.0,0.0,0.98,9.00,34.13
"Jul 6 2009 15:28:51",0.0,0.0,0.98,9.00,34.13
"Jul 6 2009 15:28:52",0.0,0.0,0.98,9.00,34.13
"Jul 6 2009 15:28:53",0.0,0.0,0.98,9.00,34.13
"Jul 6 2009 15:28:54",0.0,0.0,0.98,9.00,34.13
"Jul 6 2009 15:28:55",0.0,0.0,0.98,9.00,34.13
"Jul 6 2009 15:28:56",0.0,0.0,1.02,9.00,34.13
"Jul 6 2009 15:28:57",0.0,0.0,0.98,9.00,32.75
"Jul 6 2009 15:28:58",0.0,0.0,0.98,9.00,34.13
"Jul 6 2009 15:29:00",0.0,0.0,0.98,9.00,34.13
"Jul 6 2009 15:29:01",0.0,0.0,0.98,7.00,34.13
"Jul 6 2009 15:29:02",0.0,0.0,0.98,8.00,32.75
"Jul 6 2009 15:29:03",0.0,0.0,0.98,8.00,34.13
"Jul 6 2009 15:29:04",0.0,0.0,1.02,8.00,34.13
"Jul 6 2009 15:29:05",0.0,0.0,0.98,9.00,32.75
"Jul 6 2009 15:29:06",0.0,0.0,0.94,9.00,34.13
"Jul 6 2009 15:29:07",0.0,0.0,0.98,9.00,32.75
"Jul 6 2009 15:29:08",0.0,0.0,0.98,5.00,34.13
"Jul 6 2009 15:29:09",0.0,0.0,0.98,7.00,34.13
"Jul 6 2009 15:29:10",0.0,0.0,1.02,7.00,34.13
"Jul 6 2009 15:29:11",0.0,0.0,0.98,8.00,34.13
"Jul 6 2009 15:29:12",0.0,0.0,0.98,9.00,34.13
"Jul 6 2009 15:29:14",0.0,0.0,0.98,9.00,34.13
"Jul 6 2009 15:29:15",0.0,0.0,0.98,7.00,32.75
"Jul 6 2009 15:29:16",0.0,0.0,0.98,8.00,32.75
"Jul 6 2009 20:01:25",0.0,0.0,0.98,13.00,36.90
"Jul 6 2009 20:01:26",0.0,0.0,1.02,26.00,36.90
"Jul 6 2009 20:01:27",0.0,0.0,1.02,26.00,36.90
"Jul 6 2009 20:01:28",0.0,0.0,0.98,25.00,36.90
"Jul 6 2009 20:01:29",0.0,0.0,0.98,26.00,36.90
"Jul 6 2009 20:01:30",0.0,0.0,0.98,26.00,36.90
"Jul 6 2009 20:01:32",0.0,0.0,0.98,25.00,36.90
"Jul 6 2009 20:01:33",0.0,0.0,0.98,25.00,36.90
"Jul 6 2009 20:01:34",0.0,0.0,1.02,25.00,36.90
"Jul 6 2009 20:01:35",0.0,0.0,0.98,25.00,36.90
"Jul 6 2009 20:01:36",0.0,0.0,1.02,25.00,36.90
"Jul 6 2009 20:03:53",0.0,0.0,1.22,10.00,36.90
"Jul 6 2009 20:03:54",0.0,0.0,0.86,12.00,36.90
"Jul 6 2009 20:03:55",0.0,0.0,1.10,3.00,36.90
"Jul 6 2009 20:03:57",0.0,0.0,0.98,7.00,36.90
"Jul 6 2009 20:03:58",0.0,0.0,1.22,17.00,36.90
"Jul 6 2009 20:03:59",0.0,0.0,0.98,2.00,36.90
"Jul 6 2009 20:04:00",0.0,0.0,1.02,2.00,36.90
"Jul 6 2009 20:04:01",0.0,0.0,1.10,1.00,36.90
"Jul 6 2009 20:04:02",0.0,0.0,0.82,4.00,36.90
"Jul 6 2009 20:04:03",0.0,0.0,0.86,5.00,36.90
"Jul 6 2009 20:04:04",0.0,0.0,1.10,7.00,36.90
"Jul 6 2009 20:04:05",0.0,0.0,0.82,5.00,36.90
"Jul 6 2009 20:04:06",0.0,0.0,0.98,0.00,36.90
"Jul 6 2009 19:59:50",0.0,0.0,1.22,45.00,36.90
"Jul 6 2009 19:59:51",0.0,0.0,0.74,47.00,36.90
"Jul 6 2009 19:59:52",0.0,0.0,1.26,30.00,36.90
"Jul 6 2009 19:59:53",0.0,0.0,1.02,53.00,36.90
"Jul 6 2009 19:59:54",0.0,0.0,0.94,69.00,36.90
"Jul 6 2009 19:59:56",0.0,0.0,1.14,70.00,36.90
"Jul 6 2009 19:59:57",0.0,0.0,1.06,70.00,36.90
"Jul 6 2009 19:59:58",0.0,0.0,0.86,70.00,36.90
"Jul 6 2009 19:59:59",0.0,0.0,0.78,70.00,36.90
"Jul 6 2009 20:00:00",0.0,0.0,1.50,70.00,36.90
"Jul 6 2009 20:00:01",0.0,0.0,0.90,71.00,36.90
"Jul 6 2009 20:00:02",0.0,0.0,1.18,71.00,36.90
"Jul 6 2009 20:00:03",0.0,0.0,1.10,71.00,36.90
"Jul 6 2009 20:00:04",0.0,0.0,0.90,74.00,36.90
"Jul 6 2009 20:00:05",0.0,0.0,1.02,74.00,36.90
"Jul 6 2009 20:00:06",0.0,0.0,1.02,74.00,36.90
"Jul 6 2009 20:00:07",0.0,0.0,0.82,74.00,36.90
"Jul 6 2009 20:00:08",0.0,0.0,0.86,74.00,36.90
"Jul 6 2009 20:00:10",0.0,0.0,0.94,74.00,36.90
"Jul 6 2009 20:00:11",0.0,0.0,0.98,74.00,36.90
"Jul 6 2009 20:00:12",0.0,0.0,1.02,74.00,38.29
"Jul 6 2009 20:00:13",0.0,0.0,1.14,74.00,38.29
"Jul 6 2009 11:02:29",0.0,0.0,1.22,74.00,38.29
"Jul 6 2009 11:02:30",0.0,0.0,0.90,74.00,38.29
"Jul 6 2009 11:02:31",0.0,0.0,0.78,74.00,38.29
"Jul 6 2009 11:02:32",0.0,0.0,0.94,74.00,38.29
"Jul 6 2009 11:02:33",0.0,0.0,0.62,74.00,38.29
"Jul 6 2009 11:02:34",0.0,0.0,1.74,74.00,38.29
"Jul 6 2009 11:02:35",0.0,0.0,1.14,74.00,38.29
"Jul 6 2009 11:02:36",0.0,0.0,1.38,74.00,38.29
"Jul 6 2009 11:02:38",0.0,0.0,1.22,74.00,38.29
"Jul 6 2009 11:02:39",0.0,0.0,1.18,74.00,38.29
"Jul 6 2009 11:02:40",0.0,0.0,1.02,74.00,38.29
"Jul 6 2009 11:02:41",0.0,0.0,1.14,74.00,38.29
"Jul 6 2009 11:02:42",0.0,0.0,1.14,72.00,38.29
"Jul 6 2009 11:02:43",0.0,0.0,1.02,72.00,38.29
"Jul 6 2009 11:02:44",0.0,0.0,1.10,74.00,38.29
"Jul 6 2009 11:02:45",0.0,0.0,0.98,72.00,38.29
"Jul 6 2009 11:02:46",0.0,0.0,1.02,72.00,38.29
"Jul 6 2009 11:02:47",0.0,0.0,0.94,72.00,38.29
"Jul 6 2009 11:02:48",0.0,0.0,0.94,72.00,39.67
"Jul 6 2009 11:02:49",0.0,0.0,0.98,72.00,39.67
"Jul 6 2009 11:02:50",0.0,0.0,1.14,72.00,39.67
"Jul 6 2009 11:02:51",0.0,0.0,0.90,72.00,39.67
"Jul 6 2009 11:02:53",0.0,0.0,1.14,72.00,39.67
"Jul 6 2009 11:02:54",0.0,0.0,0.82,72.00,39.67
"Jul 6 2009 11:02:55",0.0,0.0,1.02,72.00,39.67
"Jul 6 2009 11:02:56",0.0,0.0,1.14,72.00,39.67
"Jul 6 2009 11:02:57",0.0,0.0,1.26,72.00,39.67
"Jul 6 2009 11:02:58",0.0,0.0,0.90,72.00,39.67
"Jul 6 2009 11:02:59",0.0,0.0,0.82,72.00,39.67
"Jul 6 2009 11:03:00",0.0,0.0,0.82,74.00,39.67
"Jul 6 2009 11:03:01",0.0,0.0,0.70,72.00,39.67
"Jul 6 2009 11:03:02",0.0,0.0,1.02,72.00,39.67
"Jul 6 2009 11:03:03",0.0,0.0,1.06,72.00,39.67
"Jul 6 2009 11:03:04",0.0,0.0,1.42,72.00,39.67
"Jul 6 2009 11:03:06",0.0,0.0,1.10,72.00,39.67
"Jul 6 2009 11:03:07",0.0,0.0,1.26,72.00,39.67
"Jul 6 2009 11:03:08",0.0,0.0,0.82,72.00,39.67
"Jul 6 2009 11:03:09",0.0,0.0,0.74,72.00,39.67
"Jul 6 2009 11:03:10",0.0,0.0,1.06,72.00,39.67
"Jul 6 2009 11:03:11",0.0,0.0,0.70,72.00,39.67
"Jul 6 2009 11:03:12",0.0,0.0,0.70,72.00,39.67
"Jul 6 2009 11:03:13",0.0,0.0,0.86,72.00,39.67
"Jul 6 2009 11:03:14",0.0,0.0,0.98,72.00,39.67
"Jul 6 2009 11:03:15",0.0,0.0,1.14,72.00,39.67
"Jul 6 2009 11:03:16",0.0,0.0,0.86,72.00,39.67
"Jul 6 2009 11:03:17",0.0,0.0,1.02,71.00,39.67
"Jul 6 2009 11:03:18",0.0,0.0,1.14,71.00,39.67
"Jul 6 2009 11:03:20",0.0,0.0,0.98,72.00,39.67
"Jul 6 2009 11:03:21",0.0,0.0,1.14,71.00,39.67
"Jul 6 2009 11:03:22",0.0,0.0,0.98,72.00,39.67
"Jul 6 2009 11:03:23",0.0,0.0,0.90,72.00,39.67
"Jul 6 2009 11:03:24",0.0,0.0,0.62,73.00,39.67
"Jul 6 2009 11:03:25",0.0,0.0,0.90,71.00,39.67
"Jul 6 2009 11:03:26",0.0,0.0,0.90,70.00,39.67
"Jul 6 2009 11:03:27",0.0,0.0,1.42,71.00,39.67
"Jul 6 2009 11:03:28",0.0,0.0,0.90,71.00,39.67
"Jul 6 2009 11:03:29",0.0,0.0,1.14,71.00,39.67
"Jul 6 2009 11:03:30",0.0,0.0,1.10,74.00,39.67
"Jul 6 2009 11:03:31",0.0,0.0,1.22,72.00,39.67
"Jul 6 2009 11:03:33",0.0,0.0,1.14,74.00,39.67
"Jul 6 2009 11:03:34",0.0,0.0,1.14,73.00,39.67
"Jul 6 2009 11:03:35",0.0,0.0,1.22,74.00,39.67
"Jul 6 2009 11:03:36",0.0,0.0,1.02,73.00,39.67
"Jul 6 2009 11:03:37",0.0,0.0,0.90,74.00,39.67
"Jul 6 2009 11:03:38",0.0,0.0,0.90,74.00,39.67
"Jul 6 2009 11:03:39",0.0,0.0,1.30,74.00,39.67
"Jul 6 2009 11:03:40",0.0,0.0,0.98,73.00,39.67
"Jul 6 2009 11:03:41",0.0,0.0,1.06,73.00,39.67
"Jul 6 2009 11:03:42",0.0,0.0,0.90,74.00,39.67
"Jul 6 2009 11:03:43",0.0,0.0,1.02,73.00,39.67
"Jul 6 2009 11:03:44",0.0,0.0,0.94,72.00,39.67
"Jul 6 2009 11:03:45",0.0,0.0,1.10,74.00,41.05
"Jul 6 2009 11:03:47",0.0,0.0,0.86,73.00,41.05
"Jul 6 2009 11:03:48",0.0,0.0,1.18,72.00,39.67
"Jul 6 2009 11:03:49",0.0,0.0,0.94,72.00,39.67
"Jul 6 2009 11:03:50",0.0,0.0,0.90,72.00,39.67
"Jul 6 2009 11:03:51",0.0,0.0,0.74,71.00,39.67
"Jul 6 2009 11:03:52",0.0,0.0,0.90,71.00,39.67
"Jul 6 2009 11:03:53",0.0,0.0,1.26,71.00,39.67
"Jul 6 2009 11:03:54",0.0,0.0,1.10,71.00,39.67
"Jul 6 2009 11:03:55",0.0,0.0,1.22,71.00,39.67
"Jul 6 2009 11:03:56",0.0,0.0,1.18,71.00,39.67
"Jul 6 2009 11:03:57",0.0,0.0,1.30,71.00,39.67
"Jul 6 2009 11:03:58",0.0,0.0,1.42,71.00,39.67
"Jul 6 2009 11:04:00",0.0,0.0,1.14,71.00,39.67
"Jul 6 2009 11:04:01",0.0,0.0,1.50,72.00,39.67
"Jul 6 2009 11:04:02",0.0,0.0,1.10,72.00,39.67
"Jul 6 2009 11:04:03",0.0,0.0,1.10,71.00,39.67
"Jul 6 2009 11:04:04",0.0,0.0,0.98,72.00,39.67
"Jul 6 2009 11:04:05",0.0,0.0,0.98,72.00,39.67
"Jul 6 2009 11:04:06",0.0,0.0,0.70,72.00,39.67
"Jul 6 2009 11:04:07",0.0,0.0,0.86,72.00,39.67
"Jul 6 2009 11:04:08",0.0,0.0,0.94,72.00,39.67
"Jul 6 2009 11:04:09",0.0,0.0,0.98,72.00,39.67
"Jul 6 2009 11:04:10",0.0,0.0,1.10,72.00,39.67
"Jul 6 2009 11:04:11",0.0,0.0,0.90,72.00,39.67
"Jul 6 2009 11:04:12",0.0,0.0,0.90,72.00,39.67
"Jul 6 2009 11:04:14",0.0,0.0,1.14,72.00,39.67
"Jul 6 2009 11:04:15",0.0,0.0,1.10,74.00,39.67
"Jul 6 2009 11:04:16",0.0,0.0,1.02,74.00,39.67
"Jul 6 2009 11:04:17",0.0,0.0,0.98,72.00,39.67
"Jul 6 2009 11:04:18",0.0,0.0,0.98,72.00,39.67
"Jul 6 2009 11:04:19",0.0,0.0,0.98,73.00,39.67
"Jul 6 2009 11:04:20",0.0,0.0,1.10,74.00,39.67
"Jul 6 2009 11:04:21",0.0,0.0,1.26,73.00,39.67
"Jul 6 2009 11:04:22",0.0,0.0,0.94,73.00,39.67
"Jul 6 2009 11:04:23",0.0,0.0,1.18,73.00,39.67
"Jul 6 2009 11:04:24",0.0,0.0,1.02,72.00,39.67
"Jul 6 2009 11:04:25",0.0,0.0,1.06,71.00,39.67
"Jul 6 2009 11:04:26",0.0,0.0,0.94,70.00,39.67
"Jul 6 2009 11:04:28",0.0,0.0,0.98,72.00,39.67
"Jul 6 2009 11:04:29",0.0,0.0,0.86,70.00,39.67
"Jul 6 2009 11:04:30",0.0,0.0,1.02,71.00,39.67
"Jul 6 2009 11:04:31",0.0,0.0,1.10,72.00,39.67
"Jul 6 2009 11:04:32",0.0,0.0,0.90,72.00,39.67
"Jul 6 2009 11:04:33",0.0,0.0,0.94,72.00,39.67
"Jul 6 2009 11:04:34",42.31381,-71.03887,0.90,72.00,39.67
"Jul 6 2009 11:04:35",42.313786,-71.03902,1.02,71.00,39.67
"Jul 6 2009 11:04:36",42.313778,-71.039055,0.98,71.00,39.67
"Jul 6 2009 11:04:37",42.31377,-71.039116,0.90,71.00,39.67
"Jul 6 2009 11:04:38",42.313793,-71.03895,1.26,72.00,39.67
"Jul 6 2009 11:04:39",42.313778,-71.03903,1.22,71.00,39.67
"Jul 6 2009 11:04:40",42.313736,-71.03931,0.94,71.00,39.67
"Jul 6 2009 11:04:41",42.313755,-71.039154,1.06,71.00,39.67
"Jul 6 2009 11:04:43",42.313763,-71.03897,0.82,72.00,39.67
"Jul 6 2009 11:04:44",42.313736,-71.039154,0.98,72.00,39.67
"Jul 6 2009 11:04:45",42.31373,-71.039154,1.10,71.00,39.67
"Jul 6 2009 11:04:46",42.31373,-71.039154,1.06,72.00,39.67
"Jul 6 2009 11:04:47",42.31372,-71.039154,0.66,72.00,39.67
"Jul 6 2009 11:04:48",42.313698,-71.039345,1.06,72.00,39.67
"Jul 6 2009 11:04:49",42.313614,-71.03948,0.94,72.00,39.67
"Jul 6 2009 11:04:50",42.313663,-71.03953,1.10,72.00,39.67
"Jul 6 2009 11:04:51",42.313663,-71.03953,0.94,72.00,39.67
"Jul 6 2009 11:04:52",42.313663,-71.03953,0.78,71.00,39.67
"Jul 6 2009 11:04:53",42.313663,-71.03953,0.94,72.00,39.67
"Jul 6 2009 11:04:54",42.313663,-71.03953,1.26,72.00,39.67
"Jul 6 2009 11:04:55",42.31355,-71.04019,1.10,72.00,39.67
"Jul 6 2009 11:04:57",42.313557,-71.04036,1.10,72.00,39.67
"Jul 6 2009 11:04:58",42.313526,-71.04046,0.98,72.00,38.29
"Jul 6 2009 11:04:59",42.313454,-71.04085,1.02,72.00,38.29
"Jul 6 2009 11:05:00",42.313454,-71.04085,0.98,72.00,38.29
"Jul 6 2009 11:05:01",42.313454,-71.04085,1.06,72.00,38.29
"Jul 6 2009 11:05:02",42.313454,-71.04085,0.98,72.00,38.29
"Jul 6 2009 11:05:03",42.313454,-71.04085,0.78,72.00,38.29
"Jul 6 2009 11:05:04",42.313454,-71.04085,1.06,72.00,38.29
"Jul 6 2009 11:05:05",42.31337,-71.041466,0.94,72.00,38.29
"Jul 6 2009 11:05:06",42.313305,-71.0415,0.98,71.00,38.29
"Jul 6 2009 11:05:07",42.313404,-71.041336,1.02,71.00,38.29
"Jul 6 2009 11:05:08",42.313427,-71.04123,0.90,71.00,38.29
"Jul 6 2009 11:05:09",42.31342,-71.041306,0.98,71.00,38.29
"Jul 6 2009 11:05:11",42.313377,-71.04116,1.02,71.00,38.29
"Jul 6 2009 11:05:12",42.313377,-71.04106,1.10,71.00,38.29
"Jul 6 2009 11:05:13",42.3135,-71.04094,0.86,72.00,38.29
"Jul 6 2009 11:05:14",42.31332,-71.04137,1.02,72.00,38.29
"Jul 6 2009 11:05:15",42.31332,-71.041405,0.94,72.00,38.29
"Jul 6 2009 11:05:16",42.313282,-71.04156,0.94,72.00,38.29
"Jul 6 2009 11:05:17",42.313347,-71.04114,1.14,71.00,39.67
"Jul 6 2009 11:05:18",42.313255,-71.04122,0.94,72.00,38.29
"Jul 6 2009 11:05:19",42.31337,-71.0408,0.82,72.00,38.29
"Jul 6 2009 11:05:20",42.313248,-71.04121,1.22,72.00,38.29
"Jul 6 2009 11:05:21",42.313354,-71.040924,0.86,72.00,38.29
"Jul 6 2009 11:05:22",42.313305,-71.04126,1.14,72.00,38.29
"Jul 6 2009 11:05:24",42.31329,-71.0413,0.98,72.00,38.29
"Jul 6 2009 11:05:25",42.313282,-71.041275,0.86,72.00,38.29
"Jul 6 2009 11:05:26",42.313297,-71.04115,1.02,71.00,38.29
"Jul 6 2009 11:05:27",42.313313,-71.040924,1.26,71.00,39.67
"Jul 6 2009 11:05:28",42.313362,-71.040504,1.14,71.00,38.29
"Jul 6 2009 11:05:29",42.313377,-71.040306,0.86,72.00,38.29
"Jul 6 2009 11:05:30",42.31341,-71.04036,0.82,72.00,38.29
"Jul 6 2009 11:05:31",42.313396,-71.04052,1.10,71.00,38.29
"Jul 6 2009 11:05:32",42.313297,-71.040665,0.94,71.00,38.29
"Jul 6 2009 11:05:33",42.31339,-71.04027,0.94,70.00,38.29
"Jul 6 2009 11:05:34",42.31346,-71.0398,0.86,70.00,38.29
"Jul 6 2009 11:05:35",42.31354,-71.03921,1.06,70.00,38.29
"Jul 6 2009 11:05:36",42.313557,-71.03909,0.86,70.00,38.29
"Jul 6 2009 11:05:37",42.31355,-71.03919,0.98,70.00,38.29
"Jul 6 2009 11:05:39",42.31355,-71.03905,1.14,70.00,38.29
"Jul 6 2009 11:05:40",42.313534,-71.039085,0.94,71.00,38.29
"Jul 6 2009 11:05:41",42.313454,-71.03908,0.94,72.00,38.29
"Jul 6 2009 11:05:42",42.313442,-71.039085,0.74,71.00,38.29
"Jul 6 2009 11:05:43",42.31351,-71.039116,1.06,72.00,38.29
"Jul 6 2009 11:05:44",42.313435,-71.0391,1.18,72.00,38.29
"Jul 6 2009 11:05:45",42.313297,-71.03929,1.02,72.00,39.67
"Jul 6 2009 11:05:46",42.313354,-71.03921,0.74,72.00,39.67
"Jul 6 2009 11:05:47",42.313354,-71.03921,0.62,72.00,38.29
"Jul 6 2009 11:05:48",42.313354,-71.03921,0.74,71.00,39.67
"Jul 6 2009 11:05:49",42.313354,-71.03921,1.06,72.00,39.67
"Jul 6 2009 11:05:50",42.313354,-71.03921,0.94,71.00,39.67
"Jul 6 2009 11:05:52",42.313103,-71.03927,1.02,71.00,38.29
"Jul 6 2009 11:05:53",42.313255,-71.039276,0.98,71.00,39.67
"Jul 6 2009 11:05:54",42.313354,-71.03941,0.90,71.00,38.29
"Jul 6 2009 11:05:55",42.313305,-71.03916,0.98,71.00,38.29
"Jul 6 2009 11:05:56",42.31329,-71.03908,0.94,72.00,39.67
"Jul 6 2009 11:05:57",42.313248,-71.0391,1.02,73.00,39.67
"Jul 6 2009 11:05:58",42.313225,-71.0391,1.10,72.00,39.67
"Jul 6 2009 11:05:59",42.31332,-71.03914,1.18,72.00,39.67
"Jul 6 2009 11:06:00",42.31321,-71.03922,0.98,70.00,39.67
"Jul 6 2009 11:06:01",42.31321,-71.03922,1.14,71.00,38.29
"Jul 6 2009 11:06:02",42.31321,-71.03922,1.26,71.00,38.29
"Jul 6 2009 11:06:03",42.31321,-71.03922,1.18,71.00,38.29
"Jul 6 2009 11:06:04",42.31321,-71.03922,0.74,71.00,38.29
"Jul 6 2009 11:06:05",42.31354,-71.03923,1.22,74.00,38.29
"Jul 6 2009 11:06:07",42.313557,-71.03932,1.06,72.00,39.67
"Jul 6 2009 11:06:08",42.31355,-71.0392,1.06,71.00,38.29
"Jul 6 2009 11:06:09",42.313557,-71.03921,0.98,71.00,38.29
"Jul 6 2009 11:06:10",42.31355,-71.03921,0.98,71.00,38.29
"Jul 6 2009 11:06:11",42.31354,-71.03924,1.30,72.00,39.67
"Jul 6 2009 11:06:12",42.31354,-71.03923,0.98,72.00,39.67
"Jul 6 2009 11:06:13",42.31359,-71.039185,1.02,73.00,39.67
"Jul 6 2009 11:06:14",42.313583,-71.03919,0.98,74.00,39.67
"Jul 6 2009 11:06:15",42.313606,-71.03917,1.06,72.00,39.67
"Jul 6 2009 11:06:16",42.31365,-71.03911,0.78,72.00,39.67
"Jul 6 2009 11:06:17",42.31364,-71.03913,0.78,72.00,39.67
"Jul 6 2009 11:06:18",42.313564,-71.03922,1.14,72.00,39.67
"Jul 6 2009 11:06:19",42.31354,-71.03927,0.82,72.00,39.67
"Jul 6 2009 11:06:21",42.31359,-71.03921,0.90,72.00,39.67
"Jul 6 2009 11:06:22",42.313606,-71.03929,1.02,74.00,39.67
"Jul 6 2009 11:06:23",42.313614,-71.03928,0.78,74.00,39.67
"Jul 6 2009 11:06:24",42.313614,-71.039276,1.18,72.00,39.67
"Jul 6 2009 11:06:25",42.313614,-71.03927,0.82,72.00,39.67
"Jul 6 2009 11:06:26",42.31362,-71.03927,0.78,72.00,39.67
"Jul 6 2009 11:06:27",42.313633,-71.03927,1.02,72.00,39.67
"Jul 6 2009 11:06:28",42.31364,-71.03926,1.02,72.00,39.67
"Jul 6 2009 11:06:29",42.31365,-71.03926,0.98,72.00,41.05
"Jul 6 2009 11:06:31",42.313663,-71.03925,0.78,72.00,41.05
"Jul 6 2009 11:06:32",42.313663,-71.03925,0.98,72.00,41.05
"Jul 6 2009 11:06:33",42.31367,-71.03924,0.94,72.00,41.05
"Jul 6 2009 11:06:34",42.31368,-71.03924,1.14,72.00,41.05
"Jul 6 2009 11:06:35",42.31368,-71.03924,0.98,72.00,41.05
"Jul 6 2009 11:06:36",42.313686,-71.03923,1.18,72.00,41.05
"Jul 6 2009 11:06:37",42.313698,-71.03923,0.94,72.00,41.05
"Jul 6 2009 11:06:38",42.313705,-71.03923,0.94,72.00,41.05
"Jul 6 2009 11:06:39",42.313713,-71.03923,0.98,71.00,41.05
"Jul 6 2009 11:06:40",42.313713,-71.03923,1.14,72.00,41.05
"Jul 6 2009 11:06:41",42.31372,-71.03923,0.98,72.00,41.05
"Jul 6 2009 11:06:42",42.31373,-71.03923,1.14,72.00,41.05
"Jul 6 2009 11:06:44",42.313736,-71.03922,1.02,72.00,41.05
"Jul 6 2009 11:06:45",42.313744,-71.03922,0.98,73.00,41.05
"Jul 6 2009 11:06:46",42.313755,-71.039215,1.06,72.00,41.05
"Jul 6 2009 11:06:47",42.313763,-71.039215,0.78,72.00,41.05
"Jul 6 2009 11:06:48",42.313763,-71.039215,0.98,74.00,41.05
"Jul 6 2009 11:06:49",42.31377,-71.039215,0.86,72.00,41.05
"Jul 6 2009 11:06:50",42.313778,-71.03921,0.86,72.00,41.05
"Jul 6 2009 11:06:51",42.313786,-71.03921,0.94,73.00,41.05
"Jul 6 2009 11:06:52",42.313793,-71.03921,0.98,72.00,39.67
"Jul 6 2009 11:06:53",42.3138,-71.0392,0.98,72.00,39.67
"Jul 6 2009 11:06:54",42.3138,-71.03919,1.02,72.00,39.67
"Jul 6 2009 11:06:55",42.31381,-71.039185,1.02,72.00,39.67
"Jul 6 2009 11:06:56",42.31382,-71.039185,1.10,72.00,39.67
"Jul 6 2009 11:06:57",42.313828,-71.03918,0.90,72.00,39.67
"Jul 6 2009 11:06:59",42.313843,-71.03918,0.86,72.00,39.67
"Jul 6 2009 11:07:00",42.31385,-71.03918,0.98,73.00,39.67
"Jul 6 2009 11:07:01",42.313858,-71.03918,0.98,73.00,39.67
"Jul 6 2009 11:07:02",42.313866,-71.03918,1.34,74.00,39.67
"Jul 6 2009 11:07:03",42.313877,-71.03918,0.94,72.00,39.67
"Jul 6 2009 11:07:04",42.313885,-71.03918,0.98,73.00,39.67
"Jul 6 2009 11:07:05",42.313885,-71.03917,1.18,72.00,39.67
"Jul 6 2009 11:07:06",42.313892,-71.03917,0.82,72.00,39.67
"Jul 6 2009 11:07:07",42.3139,-71.03916,0.94,72.00,39.67
"Jul 6 2009 11:07:08",42.3139,-71.039154,0.86,72.00,39.67
"Jul 6 2009 11:07:09",42.313908,-71.039154,0.94,72.00,39.67
"Jul 6 2009 11:07:10",42.313908,-71.03915,1.02,72.00,39.67
"Jul 6 2009 11:07:12",42.313923,-71.03915,1.10,73.00,39.67
"Jul 6 2009 11:07:13",42.313923,-71.03914,0.82,72.00,39.67
"Jul 6 2009 11:07:14",42.31393,-71.03914,1.06,72.00,39.67
"Jul 6 2009 11:07:15",42.31393,-71.03914,0.90,72.00,39.67
"Jul 6 2009 11:07:16",42.313942,-71.03914,0.94,72.00,39.67
"Jul 6 2009 11:07:17",42.31395,-71.03914,0.94,74.00,39.67
"Jul 6 2009 11:07:18",42.31395,-71.03914,1.02,74.00,39.67
"Jul 6 2009 11:07:19",42.31395,-71.03914,1.02,72.00,39.67
"Jul 6 2009 11:07:20",42.313957,-71.03914,0.98,73.00,39.67
"Jul 6 2009 11:07:21",42.313957,-71.03914,0.98,72.00,39.67
"Jul 6 2009 11:07:22",42.313957,-71.03914,1.02,72.00,39.67
"Jul 6 2009 11:07:23",42.313957,-71.03914,1.02,71.00,39.67
"Jul 6 2009 11:07:24",42.313957,-71.03914,1.06,72.00,39.67
"Jul 6 2009 11:07:25",42.31395,-71.03915,1.02,72.00,39.67
"Jul 6 2009 11:07:27",42.31395,-71.039154,0.90,72.00,39.67
"Jul 6 2009 11:07:28",42.31395,-71.03916,0.98,72.00,39.67
"Jul 6 2009 11:07:29",42.31395,-71.03915,0.98,72.00,39.67
"Jul 6 2009 11:07:30",42.31395,-71.03915,0.98,72.00,39.67
"Jul 6 2009 11:07:31",42.313942,-71.03915,1.06,72.00,39.67
"Jul 6 2009 11:07:32",42.313942,-71.03915,1.02,71.00,39.67
"Jul 6 2009 11:07:33",42.313942,-71.03915,1.06,73.00,38.29
"Jul 6 2009 11:07:34",42.31393,-71.039154,0.98,71.00,38.29
"Jul 6 2009 11:07:35",42.31393,-71.03915,0.98,71.00,38.29
"Jul 6 2009 11:07:36",42.31393,-71.03915,1.02,72.00,38.29
"Jul 6 2009 11:07:37",42.31393,-71.03915,1.02,72.00,38.29
"Jul 6 2009 11:07:38",42.313942,-71.03915,0.98,73.00,38.29
"Jul 6 2009 11:07:39",42.313942,-71.03915,1.02,72.00,38.29
"Jul 6 2009 11:07:41",42.313942,-71.03915,1.02,74.00,38.29
"Jul 6 2009 11:07:42",42.31393,-71.039154,0.94,74.00,38.29
"Jul 6 2009 11:07:43",42.31393,-71.039154,1.10,72.00,38.29
"Jul 6 2009 11:07:44",42.31393,-71.03916,0.98,72.00,38.29
"Jul 6 2009 11:07:45",42.313942,-71.03915,0.94,74.00,38.29
"Jul 6 2009 11:07:46",42.31395,-71.039116,0.98,74.00,38.29
"Jul 6 2009 11:07:47",42.313957,-71.03911,0.98,74.00,38.29
"Jul 6 2009 11:07:48",42.313957,-71.0391,1.02,74.00,38.29
"Jul 6 2009 11:07:49",42.313965,-71.03909,0.98,74.00,38.29
"Jul 6 2009 11:07:50",42.313965,-71.039085,1.06,72.00,38.29
"Jul 6 2009 11:07:51",42.313972,-71.03908,1.06,74.00,38.29
"Jul 6 2009 11:07:52",42.313972,-71.03907,1.14,74.00,38.29
"Jul 6 2009 11:07:53",42.313972,-71.03907,0.90,72.00,38.29
"Jul 6 2009 11:07:55",42.31398,-71.03905,0.98,72.00,38.29
"Jul 6 2009 11:07:56",42.31398,-71.03905,1.02,72.00,38.29
"Jul 6 2009 11:07:57",42.313972,-71.03905,0.98,72.00,38.29
"Jul 6 2009 11:07:58",42.313972,-71.039055,1.02,72.00,38.29
"Jul 6 2009 11:07:59",42.313972,-71.03906,1.02,72.00,38.29
"Jul 6 2009 11:08:00",42.313972,-71.03907,1.06,72.00,38.29
"Jul 6 2009 11:08:01",42.313972,-71.03907,1.06,72.00,38.29
"Jul 6 2009 11:08:02",42.313972,-71.03907,1.06,72.00,38.29
"Jul 6 2009 11:08:03",42.313972,-71.03907,0.98,72.00,38.29
"Jul 6 2009 11:08:04",42.313972,-71.03907,1.02,72.00,38.29
"Jul 6 2009 11:08:05",42.313972,-71.03907,1.02,72.00,38.29
"Jul 6 2009 11:08:06",42.313972,-71.03907,1.02,72.00,38.29
"Jul 6 2009 11:08:07",42.313972,-71.03907,1.10,72.00,38.29
"Jul 6 2009 11:08:08",42.313965,-71.03907,0.98,72.00,38.29
"Jul 6 2009 11:08:10",42.313965,-71.03907,1.02,72.00,38.29
"Jul 6 2009 11:08:11",42.313965,-71.03907,1.02,72.00,38.29
"Jul 6 2009 11:08:12",42.313965,-71.03907,1.02,72.00,38.29
"Jul 6 2009 11:08:13",42.313965,-71.03906,0.98,72.00,38.29
"Jul 6 2009 11:08:14",42.313965,-71.03906,1.02,72.00,38.29
"Jul 6 2009 11:08:15",42.313965,-71.03906,0.98,72.00,38.29
"Jul 6 2009 11:08:16",42.313965,-71.03906,1.02,72.00,38.29
"Jul 6 2009 11:08:17",42.313965,-71.039055,0.98,72.00,38.29
"Jul 6 2009 11:08:18",42.313965,-71.039055,0.98,72.00,38.29
"Jul 6 2009 11:08:19",42.313965,-71.039055,1.10,72.00,38.29
"Jul 6 2009 11:08:20",42.313965,-71.039055,1.06,72.00,38.29
"Jul 6 2009 11:08:21",42.313965,-71.03905,0.94,72.00,38.29
"Jul 6 2009 11:08:22",42.313957,-71.03905,0.98,72.00,38.29
"Jul 6 2009 11:08:24",42.313957,-71.03904,0.90,72.00,38.29
"Jul 6 2009 11:08:25",42.313957,-71.03904,1.02,72.00,38.29
"Jul 6 2009 11:08:26",42.313957,-71.03904,1.02,72.00,38.29
"Jul 6 2009 11:08:27",42.313957,-71.03904,1.06,72.00,38.29
"Jul 6 2009 11:08:28",42.313957,-71.03904,1.02,72.00,38.29
"Jul 6 2009 11:08:29",42.313957,-71.03904,1.02,72.00,38.29
"Jul 6 2009 11:08:30",42.313957,-71.03904,1.06,72.00,38.29
"Jul 6 2009 11:08:31",42.313957,-71.03904,0.98,72.00,38.29
"Jul 6 2009 11:08:32",42.313957,-71.03904,1.02,72.00,38.29
"Jul 6 2009 11:08:33",42.313957,-71.03904,0.86,71.00,38.29
"Jul 6 2009 11:08:34",42.313957,-71.03904,0.98,71.00,38.29
"Jul 6 2009 11:08:35",42.313957,-71.03904,1.10,72.00,38.29
"Jul 6 2009 11:08:36",42.313957,-71.03904,0.98,72.00,38.29
"Jul 6 2009 11:08:38",42.313957,-71.03904,0.98,72.00,38.29
"Jul 6 2009 11:08:39",42.313957,-71.03903,1.02,71.00,38.29
"Jul 6 2009 11:08:40",42.313957,-71.03903,0.94,71.00,38.29
"Jul 6 2009 11:08:41",42.313957,-71.03903,0.98,71.00,38.29
"Jul 6 2009 11:08:42",42.313957,-71.03903,1.02,71.00,38.29
"Jul 6 2009 11:08:43",42.313957,-71.03903,1.02,71.00,38.29
"Jul 6 2009 11:08:44",42.313957,-71.03903,0.98,71.00,38.29
"Jul 6 2009 11:08:45",42.313957,-71.03903,1.06,71.00,38.29
"Jul 6 2009 11:08:46",42.313957,-71.03904,0.94,71.00,38.29
"Jul 6 2009 11:08:47",42.313965,-71.03905,0.98,71.00,38.29
"Jul 6 2009 11:08:48",42.313957,-71.03904,1.02,71.00,38.29
"Jul 6 2009 11:08:49",42.313957,-71.03904,1.02,71.00,38.29
"Jul 6 2009 11:08:50",42.313957,-71.03904,0.98,72.00,38.29
"Jul 6 2009 11:08:51",42.313957,-71.03903,0.98,72.00,38.29
"Jul 6 2009 11:08:53",42.313957,-71.039024,1.02,72.00,38.29
"Jul 6 2009 11:08:54",42.313957,-71.03902,0.98,72.00,38.29
"Jul 6 2009 11:08:55",42.313957,-71.03902,1.02,72.00,38.29
"Jul 6 2009 11:08:56",42.31395,-71.03901,0.98,72.00,38.29
"Jul 6 2009 11:08:57",42.31395,-71.03901,0.98,72.00,38.29
"Jul 6 2009 11:08:58",42.31395,-71.03901,0.90,72.00,38.29
"Jul 6 2009 11:08:59",42.313957,-71.03901,0.94,72.00,38.29
"Jul 6 2009 11:09:00",42.313957,-71.03902,1.02,72.00,38.29
"Jul 6 2009 11:09:01",42.313957,-71.039024,0.98,72.00,38.29
"Jul 6 2009 11:09:02",42.313957,-71.03903,1.06,72.00,38.29
"Jul 6 2009 11:09:03",42.313957,-71.03903,0.90,72.00,38.29
"Jul 6 2009 11:09:04",42.313957,-71.03905,1.02,72.00,38.29
"Jul 6 2009 11:09:05",42.313957,-71.03905,1.06,72.00,38.29
"Jul 6 2009 11:09:07",42.31395,-71.039055,0.90,72.00,38.29
"Jul 6 2009 11:09:08",42.313942,-71.039055,1.02,72.00,38.29
"Jul 6 2009 11:09:09",42.313942,-71.03905,0.90,73.00,38.29
"Jul 6 2009 11:09:10",42.31393,-71.03904,0.90,72.00,38.29
"Jul 6 2009 11:09:11",42.31393,-71.03903,0.94,74.00,39.67
"Jul 6 2009 11:09:12",42.31393,-71.03904,1.10,74.00,39.67
"Jul 6 2009 11:09:13",42.313923,-71.03905,0.98,74.00,39.67
"Jul 6 2009 11:09:14",42.313923,-71.039055,0.86,74.00,39.67
"Jul 6 2009 11:09:15",42.313915,-71.039055,1.06,74.00,39.67
"Jul 6 2009 11:09:16",42.313915,-71.03906,1.02,74.00,41.05
"Jul 6 2009 11:09:17",42.313915,-71.03907,1.02,74.00,41.05
"Jul 6 2009 11:09:18",42.313908,-71.03908,0.78,72.00,41.05
"Jul 6 2009 11:09:19",42.3139,-71.039085,0.94,72.00,41.05
"Jul 6 2009 11:09:21",42.3139,-71.03909,0.98,72.00,41.05
"Jul 6 2009 11:09:22",42.3139,-71.0391,1.14,74.00,41.05
"Jul 6 2009 11:09:23",42.313892,-71.039116,0.74,72.00,41.05
"Jul 6 2009 11:09:24",42.313892,-71.03913,1.02,74.00,41.05
"Jul 6 2009 11:09:25",42.313885,-71.039116,1.14,74.00,41.05
"Jul 6 2009 11:09:26",42.313885,-71.039116,1.26,74.00,41.05
"Jul 6 2009 11:09:27",42.313877,-71.039116,1.14,72.00,42.44
"Jul 6 2009 11:09:28",42.313877,-71.03914,0.98,74.00,42.44
"Jul 6 2009 11:09:29",42.313866,-71.03913,1.10,72.00,41.05
"Jul 6 2009 11:09:30",42.313858,-71.03913,0.94,72.00,41.05
"Jul 6 2009 11:09:31",42.313858,-71.039116,1.10,72.00,41.05
"Jul 6 2009 11:09:32",42.313858,-71.03913,1.02,72.00,41.05
"Jul 6 2009 11:09:33",42.313858,-71.03913,0.98,72.00,41.05
"Jul 6 2009 11:09:34",42.313858,-71.03913,0.98,72.00,41.05
"Jul 6 2009 11:09:36",42.31385,-71.03914,1.02,72.00,41.05
"Jul 6 2009 11:09:37",42.31385,-71.03915,0.98,72.00,41.05
"Jul 6 2009 11:09:38",42.31385,-71.03915,1.06,72.00,41.05
"Jul 6 2009 11:09:39",42.31385,-71.03915,1.02,72.00,41.05
"Jul 6 2009 11:09:40",42.31385,-71.03915,0.98,72.00,42.44
"Jul 6 2009 11:09:41",42.31385,-71.03915,0.98,72.00,42.44
"Jul 6 2009 11:09:42",42.31385,-71.039154,1.02,72.00,42.44
"Jul 6 2009 11:09:43",42.31385,-71.03916,0.94,72.00,42.44
"Jul 6 2009 11:09:44",42.31385,-71.03916,1.06,72.00,42.44
"Jul 6 2009 11:09:45",42.31385,-71.03917,1.02,72.00,42.44
"Jul 6 2009 11:09:46",42.31385,-71.03917,1.10,72.00,42.44
"Jul 6 2009 11:09:47",42.313858,-71.03918,0.98,72.00,42.44
"Jul 6 2009 11:09:48",42.313858,-71.03918,1.02,72.00,42.44
"Jul 6 2009 11:09:50",42.313858,-71.03918,1.02,72.00,42.44
"Jul 6 2009 11:09:51",42.313858,-71.03918,1.02,72.00,42.44
"Jul 6 2009 11:09:52",42.313866,-71.03918,0.98,72.00,42.44
"Jul 6 2009 11:09:53",42.313866,-71.03918,0.98,72.00,42.44
"Jul 6 2009 11:09:54",42.313866,-71.03918,0.98,72.00,42.44
"Jul 6 2009 11:09:55",42.313877,-71.039185,1.02,72.00,42.44
"Jul 6 2009 11:09:56",42.313877,-71.039185,0.98,72.00,42.44
"Jul 6 2009 11:09:57",42.313877,-71.03919,1.02,72.00,42.44
"Jul 6 2009 11:09:58",42.313877,-71.03919,0.98,72.00,42.44
"Jul 6 2009 11:09:59",42.313866,-71.03919,1.02,72.00,42.44
"Jul 6 2009 11:10:00",42.313877,-71.03919,1.06,72.00,42.44
"Jul 6 2009 11:10:01",42.313877,-71.0392,0.94,72.00,42.44
"Jul 6 2009 11:10:02",42.313877,-71.0392,0.98,72.00,42.44
"Jul 6 2009 11:10:03",42.313877,-71.0392,0.98,72.00,42.44
"Jul 6 2009 11:10:05",42.313885,-71.03921,1.02,72.00,42.44
"Jul 6 2009 11:10:06",42.313885,-71.03921,1.02,72.00,42.44
"Jul 6 2009 11:10:07",42.313885,-71.03921,1.02,72.00,42.44
"Jul 6 2009 11:10:08",42.313885,-71.03921,1.02,72.00,42.44
"Jul 6 2009 11:10:09",42.313885,-71.03921,0.98,72.00,42.44
"Jul 6 2009 11:10:10",42.313885,-71.03921,0.98,72.00,42.44
"Jul 6 2009 11:10:11",42.313885,-71.03921,0.98,72.00,41.05
"Jul 6 2009 11:10:12",42.313885,-71.0392,0.98,72.00,41.05
"Jul 6 2009 11:10:13",42.313885,-71.0392,0.98,72.00,41.05
"Jul 6 2009 11:10:14",42.313885,-71.03919,0.98,72.00,41.05
"Jul 6 2009 11:10:15",42.313892,-71.039185,0.98,72.00,41.05
"Jul 6 2009 11:10:16",42.313885,-71.03919,0.98,72.00,42.44
"Jul 6 2009 11:10:17",42.313877,-71.0392,0.98,72.00,41.05
"Jul 6 2009 11:10:19",42.313877,-71.039185,1.02,72.00,42.44
"Jul 6 2009 11:10:20",42.313877,-71.03918,0.98,72.00,41.05
"Jul 6 2009 11:10:21",42.313877,-71.03917,0.98,72.00,41.05
"Jul 6 2009 11:10:22",42.313877,-71.03916,1.06,72.00,42.44
"Jul 6 2009 11:10:23",42.313877,-71.03916,1.02,72.00,42.44
"Jul 6 2009 11:10:24",42.313877,-71.039154,0.98,72.00,41.05
"Jul 6 2009 11:10:25",42.313877,-71.03915,1.02,72.00,41.05
"Jul 6 2009 11:10:26",42.313877,-71.03913,1.02,72.00,42.44
"Jul 6 2009 11:10:27",42.313885,-71.039116,0.98,72.00,42.44
"Jul 6 2009 11:10:28",42.313885,-71.03911,1.10,72.00,41.05
"Jul 6 2009 11:10:29",42.313885,-71.0391,1.06,72.00,42.44
"Jul 6 2009 11:10:30",42.313885,-71.03909,0.94,72.00,42.44
"Jul 6 2009 11:10:31",42.313885,-71.03909,0.98,72.00,42.44
"Jul 6 2009 11:10:32",42.313885,-71.039085,0.98,72.00,42.44
"Jul 6 2009 11:10:34",42.313892,-71.03908,0.94,72.00,42.44
"Jul 6 2009 11:10:35",42.313892,-71.03908,0.90,72.00,42.44
"Jul 6 2009 11:10:36",42.313892,-71.03907,0.98,72.00,42.44
"Jul 6 2009 11:10:37",42.313892,-71.03907,0.98,72.00,41.05
"Jul 6 2009 11:10:38",42.313892,-71.03907,0.98,72.00,42.44
"Jul 6 2009 11:10:39",42.313892,-71.03906,0.98,72.00,42.44
"Jul 6 2009 11:10:40",42.313892,-71.03906,0.98,72.00,41.05
"Jul 6 2009 11:10:41",42.313892,-71.03906,0.98,72.00,42.44
"Jul 6 2009 11:10:42",42.313892,-71.03906,1.02,72.00,42.44
"Jul 6 2009 11:10:43",42.313892,-71.03907,0.98,72.00,42.44
"Jul 6 2009 11:10:44",42.313892,-71.03908,1.02,72.00,42.44
"Jul 6 2009 11:10:45",42.313892,-71.039085,1.02,72.00,42.44
"Jul 6 2009 11:10:46",42.313892,-71.03909,0.94,72.00,42.44
"Jul 6 2009 11:10:48",42.313885,-71.03913,1.02,72.00,42.44
"Jul 6 2009 11:10:49",42.313885,-71.03915,1.02,72.00,42.44
"Jul 6 2009 11:10:50",42.313885,-71.03915,0.94,72.00,42.44
"Jul 6 2009 11:10:51",42.313892,-71.039154,0.98,72.00,42.44
"Jul 6 2009 11:10:52",42.313892,-71.039154,0.98,72.00,42.44
"Jul 6 2009 11:10:53",42.313892,-71.03916,0.98,72.00,42.44
"Jul 6 2009 11:10:54",42.313892,-71.03918,0.98,72.00,42.44
"Jul 6 2009 11:10:55",42.313892,-71.03919,0.98,72.00,42.44
"Jul 6 2009 11:10:56",42.313892,-71.03921,0.98,72.00,42.44
"Jul 6 2009 11:10:57",42.313892,-71.039215,0.98,72.00,42.44
"Jul 6 2009 11:10:58",42.313892,-71.03922,0.98,72.00,41.05
"Jul 6 2009 11:10:59",42.313885,-71.03925,0.98,72.00,42.44
"Jul 6 2009 11:11:00",42.313885,-71.03925,1.02,72.00,42.44
"Jul 6 2009 11:11:02",42.313885,-71.03925,0.98,72.00,42.44
"Jul 6 2009 11:11:03",42.313885,-71.03926,0.98,72.00,42.44
"Jul 6 2009 11:11:04",42.313885,-71.03926,1.02,72.00,42.44
"Jul 6 2009 11:11:05",42.313885,-71.03926,1.02,72.00,42.44
"Jul 6 2009 11:11:06",42.313885,-71.03926,1.02,72.00,42.44
"Jul 6 2009 11:11:07",42.313885,-71.03927,0.98,72.00,41.05
"Jul 6 2009 11:11:08",42.313885,-71.03927,0.98,72.00,42.44
"Jul 6 2009 11:11:09",42.313877,-71.03926,1.02,72.00,42.44
"Jul 6 2009 11:11:10",42.313877,-71.03926,0.98,72.00,41.05
"Jul 6 2009 11:11:11",42.313866,-71.03925,0.98,72.00,41.05
"Jul 6 2009 11:11:12",42.313866,-71.03925,0.98,72.00,42.44
"Jul 6 2009 11:11:13",42.313866,-71.03926,0.98,72.00,41.05
"Jul 6 2009 11:11:14",42.313866,-71.03927,1.26,74.00,42.44
"Jul 6 2009 11:11:15",42.313866,-71.03927,0.94,74.00,42.44
"Jul 6 2009 11:11:17",42.313866,-71.03926,1.02,74.00,42.44
"Jul 6 2009 11:11:18",42.313866,-71.03925,1.06,74.00,42.44
"Jul 6 2009 11:11:19",42.313866,-71.03924,1.02,74.00,42.44
"Jul 6 2009 11:11:20",42.313866,-71.03923,0.98,74.00,43.82
"Jul 6 2009 11:11:21",42.313866,-71.03922,1.02,74.00,43.82
"Jul 6 2009 11:11:22",42.313877,-71.039215,1.10,74.00,43.82
"Jul 6 2009 11:11:23",42.313877,-71.03921,0.98,74.00,43.82
"Jul 6 2009 11:11:24",42.313866,-71.03921,0.98,74.00,43.82
"Jul 6 2009 11:11:25",42.313866,-71.0392,1.02,74.00,43.82
"Jul 6 2009 11:11:26",42.313858,-71.0392,0.98,74.00,43.82
"Jul 6 2009 11:11:27",42.313858,-71.039185,0.98,74.00,43.82
"Jul 6 2009 11:11:28",42.313858,-71.03918,1.10,74.00,45.21
"Jul 6 2009 11:11:29",42.313858,-71.03918,0.98,74.00,45.21
"Jul 6 2009 11:11:31",42.313843,-71.03918,1.10,74.00,45.21
"Jul 6 2009 11:11:32",42.313843,-71.03918,1.06,74.00,45.21
"Jul 6 2009 11:11:33",42.313843,-71.03918,0.98,74.00,45.21
"Jul 6 2009 11:11:34",42.313843,-71.039185,1.10,74.00,45.21
"Jul 6 2009 11:11:35",42.313843,-71.03919,0.94,74.00,45.21
"Jul 6 2009 11:11:36",42.313843,-71.039185,1.02,74.00,46.59
"Jul 6 2009 11:11:37",42.31385,-71.03918,0.98,74.00,46.59
"Jul 6 2009 11:11:38",42.31385,-71.03916,1.02,74.00,46.59
"Jul 6 2009 11:11:39",42.313858,-71.039154,1.02,74.00,46.59
"Jul 6 2009 11:11:40",42.313858,-71.03915,0.94,74.00,46.59
"Jul 6 2009 11:11:41",42.313858,-71.03913,0.94,74.00,46.59
"Jul 6 2009 11:11:42",42.313858,-71.0391,0.98,74.00,46.59
"Jul 6 2009 11:11:43",42.313858,-71.039085,1.02,74.00,46.59
"Jul 6 2009 11:11:44",42.313858,-71.03907,1.06,74.00,46.59
"Jul 6 2009 11:11:46",42.313858,-71.03904,1.02,74.00,46.59
"Jul 6 2009 11:11:47",42.313858,-71.03902,0.98,74.00,46.59
"Jul 6 2009 11:11:48",42.313858,-71.038994,0.98,74.00,46.59
"Jul 6 2009 11:11:49",42.313858,-71.03898,1.02,74.00,46.59
"Jul 6 2009 11:11:50",42.313858,-71.03897,0.98,74.00,47.98
"Jul 6 2009 11:11:51",42.313858,-71.03896,1.10,74.00,47.98
"Jul 6 2009 11:11:52",42.313858,-71.038956,0.98,74.00,47.98
"Jul 6 2009 11:11:53",42.31385,-71.03896,1.06,74.00,47.98
"Jul 6 2009 11:11:54",42.313843,-71.03897,0.98,72.00,47.98
"Jul 6 2009 11:11:55",42.313835,-71.03898,0.98,74.00,47.98
"Jul 6 2009 11:11:56",42.313828,-71.038994,0.98,74.00,47.98
"Jul 6 2009 11:11:57",42.313828,-71.03901,0.98,74.00,47.98
"Jul 6 2009 11:11:58",42.31382,-71.03901,1.02,74.00,47.98
"Jul 6 2009 11:12:00",42.31382,-71.03902,1.02,74.00,47.98
"Jul 6 2009 11:12:01",42.31382,-71.03902,1.06,74.00,47.98
"Jul 6 2009 11:12:02",42.31381,-71.03902,0.94,74.00,47.98
"Jul 6 2009 11:12:03",42.31381,-71.03901,1.02,74.00,47.98
"Jul 6 2009 11:12:04",42.31381,-71.038994,0.98,74.00,47.98
"Jul 6 2009 11:12:05",42.31382,-71.03898,1.10,72.00,47.98
"Jul 6 2009 11:12:06",42.31381,-71.03897,0.94,74.00,47.98
"Jul 6 2009 11:12:07",42.31381,-71.03896,1.06,74.00,49.36
"Jul 6 2009 11:12:08",42.31381,-71.038956,1.26,74.00,47.98
"Jul 6 2009 11:12:09",42.31381,-71.03896,1.06,74.00,47.98
"Jul 6 2009 11:12:10",42.3138,-71.03897,1.10,74.00,49.36
"Jul 6 2009 11:12:11",42.3138,-71.038994,0.98,74.00,49.36
"Jul 6 2009 11:12:12",42.313793,-71.03902,0.70,74.00,49.36
"Jul 6 2009 11:12:13",42.313793,-71.03904,0.94,74.00,49.36
"Jul 6 2009 11:12:15",42.313778,-71.03906,1.22,74.00,49.36
"Jul 6 2009 11:12:16",42.31377,-71.03907,1.38,74.00,49.36
"Jul 6 2009 11:12:17",42.313763,-71.03909,1.38,74.00,49.36
"Jul 6 2009 11:12:18",42.313755,-71.0391,1.26,74.00,47.98
"Jul 6 2009 11:12:19",42.313744,-71.039116,1.30,74.00,47.98
"Jul 6 2009 11:12:20",42.313744,-71.03913,0.98,74.00,47.98
"Jul 6 2009 11:12:21",42.313736,-71.03915,0.86,74.00,47.98
"Jul 6 2009 11:12:22",42.313736,-71.03917,0.66,74.00,47.98
"Jul 6 2009 11:12:23",42.31373,-71.03919,0.74,74.00,47.98
"Jul 6 2009 11:12:24",42.31373,-71.03921,0.62,74.00,47.98
"Jul 6 2009 11:12:25",42.31372,-71.03922,0.78,74.00,47.98
"Jul 6 2009 11:12:26",42.313705,-71.03923,0.98,74.00,47.98
"Jul 6 2009 11:12:27",42.313698,-71.03924,1.14,74.00,47.98
"Jul 6 2009 11:12:29",42.31368,-71.03925,1.34,74.00,47.98
"Jul 6 2009 11:12:30",42.31367,-71.03926,1.22,74.00,47.98
"Jul 6 2009 11:12:31",42.31367,-71.03926,1.10,74.00,47.98
"Jul 6 2009 11:12:32",42.313663,-71.03925,1.14,74.00,47.98
"Jul 6 2009 11:12:33",42.313663,-71.03926,1.22,73.00,47.98
"Jul 6 2009 11:12:34",42.313656,-71.03927,1.22,74.00,47.98
"Jul 6 2009 11:12:35",42.313656,-71.03928,1.14,74.00,47.98
"Jul 6 2009 11:12:36",42.31365,-71.03929,1.14,74.00,47.98
"Jul 6 2009 11:12:37",42.31365,-71.03929,1.06,74.00,47.98
"Jul 6 2009 11:12:38",42.31364,-71.03931,0.82,71.00,47.98
"Jul 6 2009 11:12:39",42.31364,-71.039314,0.86,69.00,46.59
"Jul 6 2009 11:12:40",42.313633,-71.03933,0.78,68.00,46.59
"Jul 6 2009 11:12:41",42.31362,-71.039345,0.78,61.00,46.59
"Jul 6 2009 11:12:42",42.31362,-71.03935,0.58,44.00,46.59
"Jul 6 2009 11:12:44",42.313614,-71.03935,0.66,23.00,46.59
"Jul 6 2009 11:12:45",42.313606,-71.039375,0.62,24.00,46.59
"Jul 6 2009 11:12:46",42.3136,-71.03939,0.74,16.00,46.59
"Jul 6 2009 11:12:47",42.313583,-71.0394,0.58,16.00,45.21
"Jul 6 2009 11:12:48",42.3136,-71.039406,1.10,16.00,45.21
"Jul 6 2009 11:12:49",42.313614,-71.03942,1.22,17.00,45.21
"Jul 6 2009 11:12:50",42.31362,-71.03943,0.54,25.00,45.21
"Jul 6 2009 11:12:51",42.313614,-71.039444,1.42,27.00,45.21
"Jul 6 2009 11:12:52",42.313633,-71.03948,1.14,35.00,45.21
"Jul 6 2009 11:12:53",42.31365,-71.039566,0.74,38.00,45.21
"Jul 6 2009 11:12:54",42.313686,-71.03963,1.38,43.00,45.21
"Jul 6 2009 11:12:55",42.313736,-71.039665,0.74,65.00,45.21
"Jul 6 2009 11:12:56",42.313763,-71.03973,1.02,67.00,45.21
"Jul 6 2009 11:12:58",42.313656,-71.03986,0.98,66.00,45.21
"Jul 6 2009 11:12:59",42.31365,-71.03981,0.86,69.00,45.21
"Jul 6 2009 11:13:00",42.31362,-71.039764,0.74,68.00,45.21
"Jul 6 2009 11:13:01",42.31362,-71.03969,0.82,68.00,43.82
"Jul 6 2009 11:13:02",42.3136,-71.03964,0.94,69.00,43.82
"Jul 6 2009 11:13:03",42.313564,-71.039665,1.10,69.00,43.82
"Jul 6 2009 11:13:04",42.31354,-71.03966,1.46,69.00,43.82
"Jul 6 2009 11:13:05",42.31352,-71.03965,0.86,70.00,43.82
"Jul 6 2009 11:13:06",42.313484,-71.03965,0.22,70.00,43.82
"Jul 6 2009 11:13:07",42.31346,-71.039665,1.38,70.00,43.82
"Jul 6 2009 11:13:08",42.313435,-71.03967,1.10,70.00,43.82
"Jul 6 2009 11:13:09",42.31341,-71.03969,0.94,71.00,43.82
"Jul 6 2009 11:13:10",42.31339,-71.03975,1.30,70.00,43.82
"Jul 6 2009 11:13:12",42.31337,-71.039795,1.02,70.00,43.82
"Jul 6 2009 11:13:13",42.313377,-71.0398,1.18,71.00,43.82
"Jul 6 2009 11:13:14",42.31339,-71.03982,1.10,71.00,43.82
"Jul 6 2009 11:13:15",42.313404,-71.03983,1.18,72.00,43.82
"Jul 6 2009 11:13:16",42.31341,-71.03987,1.38,74.00,43.82
"Jul 6 2009 11:13:17",42.31341,-71.039955,1.22,74.00,43.82
"Jul 6 2009 11:13:18",42.31341,-71.04005,1.26,74.00,43.82
"Jul 6 2009 11:13:19",42.31341,-71.04017,1.06,73.00,43.82
"Jul 6 2009 11:13:20",42.313396,-71.04026,1.46,72.00,43.82
"Jul 6 2009 11:13:21",42.313404,-71.040375,1.34,73.00,43.82
"Jul 6 2009 11:13:22",42.313347,-71.04034,1.10,74.00,43.82
"Jul 6 2009 11:13:23",42.31324,-71.0402,0.98,73.00,43.82
"Jul 6 2009 11:13:24",42.31337,-71.04033,0.66,72.00,43.82
"Jul 6 2009 11:13:25",42.313354,-71.04031,1.14,74.00,43.82
"Jul 6 2009 11:13:27",42.313267,-71.040215,1.22,72.00,43.82
"Jul 6 2009 11:13:28",42.313248,-71.04021,1.30,73.00,43.82
"Jul 6 2009 11:13:29",42.31321,-71.04018,0.86,73.00,43.82
"Jul 6 2009 11:13:30",42.313175,-71.04015,0.98,73.00,43.82
"Jul 6 2009 11:13:31",42.31316,-71.04013,0.70,73.00,43.82
"Jul 6 2009 11:13:32",42.313133,-71.04012,0.70,74.00,43.82
"Jul 6 2009 11:13:33",42.313118,-71.04012,1.30,73.00,43.82
"Jul 6 2009 11:13:34",42.313103,-71.04012,0.86,73.00,43.82
"Jul 6 2009 11:13:35",42.313087,-71.040115,1.22,73.00,43.82
"Jul 6 2009 11:13:36",42.313087,-71.040115,1.26,72.00,43.82
"Jul 6 2009 11:13:37",42.31307,-71.04011,1.06,73.00,43.82
"Jul 6 2009 11:13:38",42.31306,-71.040115,0.90,74.00,43.82
"Jul 6 2009 11:13:39",42.313053,-71.040115,0.74,73.00,43.82
"Jul 6 2009 11:13:41",42.313046,-71.04013,0.70,72.00,43.82
"Jul 6 2009 11:13:42",42.313038,-71.04013,1.14,72.00,43.82
"Jul 6 2009 11:13:43",42.31303,-71.04014,1.02,72.00,43.82
"Jul 6 2009 11:13:44",42.31303,-71.040146,1.26,72.00,43.82
"Jul 6 2009 11:13:45",42.313023,-71.040146,1.18,73.00,43.82
"Jul 6 2009 11:13:46",42.31301,-71.04016,0.94,74.00,43.82
"Jul 6 2009 11:13:47",42.312996,-71.04017,0.98,73.00,43.82
"Jul 6 2009 11:13:48",42.31299,-71.04017,0.86,73.00,43.82
"Jul 6 2009 11:13:49",42.312973,-71.04016,0.66,73.00,43.82
"Jul 6 2009 11:13:50",42.312965,-71.04016,1.02,73.00,43.82
"Jul 6 2009 11:13:51",42.312954,-71.04017,0.94,74.00,43.82
"Jul 6 2009 11:13:52",42.312946,-71.04018,1.26,73.00,43.82
"Jul 6 2009 11:13:53",42.31294,-71.040184,1.30,74.00,43.82
"Jul 6 2009 11:13:55",42.31293,-71.040184,0.86,74.00,43.82
"Jul 6 2009 11:13:56",42.31293,-71.04018,0.94,74.00,43.82
"Jul 6 2009 11:13:57",42.312923,-71.040184,1.10,74.00,43.82
"Jul 6 2009 11:13:58",42.312923,-71.040184,0.82,74.00,43.82
"Jul 6 2009 11:13:59",42.312916,-71.040184,1.18,74.00,45.21
"Jul 6 2009 11:14:00",42.312916,-71.040184,1.22,74.00,43.82
"Jul 6 2009 11:14:01",42.31291,-71.04019,1.02,74.00,43.82
"Jul 6 2009 11:14:02",42.3129,-71.0402,0.94,74.00,43.82
"Jul 6 2009 11:14:03",42.3129,-71.04021,0.98,73.00,43.82
"Jul 6 2009 11:14:04",42.3129,-71.04021,0.58,74.00,43.82
"Jul 6 2009 11:14:05",42.31289,-71.04021,1.74,72.00,45.21
"Jul 6 2009 11:14:06",42.31288,-71.040215,0.98,73.00,45.21
"Jul 6 2009 11:14:07",42.31288,-71.040215,0.90,74.00,45.21
"Jul 6 2009 11:14:08",42.31288,-71.040215,1.14,74.00,45.21
"Jul 6 2009 11:14:10",42.312874,-71.04023,0.82,74.00,45.21
"Jul 6 2009 11:14:11",42.312874,-71.04024,0.66,72.00,45.21
"Jul 6 2009 11:14:12",42.31286,-71.04024,0.94,74.00,45.21
"Jul 6 2009 11:14:13",42.31285,-71.040245,1.14,74.00,45.21
"Jul 6 2009 11:14:14",42.312843,-71.04025,1.22,73.00,43.82
"Jul 6 2009 11:14:15",42.312824,-71.04025,1.22,73.00,43.82
"Jul 6 2009 11:14:16",42.312817,-71.04027,1.02,73.00,43.82
"Jul 6 2009 11:14:17",42.3128,-71.04027,0.82,74.00,43.82
"Jul 6 2009 11:14:18",42.312794,-71.040276,0.82,73.00,45.21
"Jul 6 2009 11:14:19",42.312786,-71.04028,1.10,73.00,43.82
"Jul 6 2009 11:14:20",42.31278,-71.04029,1.22,74.00,45.21
"Jul 6 2009 11:14:21",42.312767,-71.0403,1.18,73.00,45.21
"Jul 6 2009 11:14:22",42.31276,-71.040306,1.30,73.00,45.21
"Jul 6 2009 11:14:24",42.312737,-71.04032,1.38,73.00,45.21
"Jul 6 2009 11:14:25",42.31273,-71.04034,1.46,72.00,45.21
"Jul 6 2009 11:14:26",42.31272,-71.04035,1.14,72.00,43.82
"Jul 6 2009 11:14:27",42.31272,-71.04036,1.30,74.00,43.82
"Jul 6 2009 11:14:28",42.31271,-71.040375,1.14,74.00,43.82
"Jul 6 2009 11:14:29",42.312702,-71.04038,1.02,74.00,45.21
"Jul 6 2009 11:14:30",42.312695,-71.04039,1.10,73.00,45.21
"Jul 6 2009 11:14:31",42.312687,-71.0404,0.98,74.00,43.82
"Jul 6 2009 11:14:32",42.31267,-71.040405,0.82,74.00,45.21
"Jul 6 2009 11:14:33",42.312664,-71.04041,0.78,74.00,43.82
"Jul 6 2009 11:14:34",42.312656,-71.04042,0.82,73.00,45.21
"Jul 6 2009 11:14:35",42.312637,-71.04043,0.78,73.00,45.21
"Jul 6 2009 11:14:36",42.31263,-71.040436,0.90,74.00,45.21
"Jul 6 2009 11:14:38",42.312607,-71.04046,0.90,73.00,45.21
"Jul 6 2009 11:14:39",42.312588,-71.040474,0.86,74.00,45.21
"Jul 6 2009 11:14:40",42.31258,-71.04048,0.62,74.00,45.21
"Jul 6 2009 11:14:41",42.312572,-71.04049,0.66,73.00,45.21
"Jul 6 2009 11:14:42",42.312565,-71.0405,0.98,73.00,45.21
"Jul 6 2009 11:14:43",42.31255,-71.040504,1.02,73.00,45.21
"Jul 6 2009 11:14:44",42.31255,-71.04051,0.94,73.00,45.21
"Jul 6 2009 11:14:45",42.312542,-71.04053,1.02,73.00,45.21
"Jul 6 2009 11:14:46",42.312542,-71.04053,1.14,72.00,45.21
"Jul 6 2009 11:14:47",42.312542,-71.040535,0.78,74.00,45.21
"Jul 6 2009 11:14:48",42.312534,-71.040535,0.62,74.00,45.21
"Jul 6 2009 11:14:49",42.312534,-71.040535,1.38,74.00,45.21
"Jul 6 2009 11:14:50",42.312542,-71.04053,1.42,74.00,45.21
"Jul 6 2009 11:14:51",42.31255,-71.04052,1.10,72.00,45.21
"Jul 6 2009 11:14:53",42.312572,-71.040504,1.14,74.00,45.21
"Jul 6 2009 11:14:54",42.312588,-71.0405,1.34,74.00,45.21
"Jul 6 2009 11:14:55",42.312607,-71.04049,1.22,74.00,45.21
"Jul 6 2009 11:14:56",42.312614,-71.04048,1.14,74.00,45.21
"Jul 6 2009 11:14:57",42.31263,-71.040474,1.22,74.00,45.21
"Jul 6 2009 11:14:58",42.312637,-71.04045,1.06,74.00,45.21
"Jul 6 2009 11:14:59",42.312656,-71.04044,1.02,74.00,45.21
"Jul 6 2009 11:15:00",42.312664,-71.04043,1.06,72.00,45.21
"Jul 6 2009 11:15:01",42.31268,-71.04042,0.78,73.00,45.21
"Jul 6 2009 11:15:02",42.312687,-71.040405,0.54,74.00,45.21
"Jul 6 2009 11:15:03",42.312702,-71.0404,0.54,73.00,45.21
"Jul 6 2009 11:15:04",42.31271,-71.04039,0.66,74.00,45.21
"Jul 6 2009 11:15:05",42.31273,-71.040375,0.78,74.00,45.21
"Jul 6 2009 11:15:07",42.31275,-71.04036,1.02,74.00,45.21
"Jul 6 2009 11:15:08",42.31276,-71.04034,0.98,74.00,45.21
"Jul 6 2009 11:15:09",42.312767,-71.04033,0.90,74.00,45.21
"Jul 6 2009 11:15:10",42.312786,-71.04032,0.94,74.00,45.21
"Jul 6 2009 11:15:11",42.312794,-71.040306,1.06,74.00,45.21
"Jul 6 2009 11:15:12",42.31281,-71.0403,1.34,74.00,45.21
"Jul 6 2009 11:15:13",42.312824,-71.04029,1.34,74.00,45.21
"Jul 6 2009 11:15:14",42.31283,-71.04028,1.38,74.00,45.21
"Jul 6 2009 11:15:15",42.312843,-71.040276,1.34,72.00,45.21
"Jul 6 2009 11:15:16",42.31286,-71.04026,1.06,74.00,45.21
"Jul 6 2009 11:15:17",42.312866,-71.04025,0.42,72.00,45.21
"Jul 6 2009 11:15:18",42.31288,-71.040245,0.34,74.00,45.21
"Jul 6 2009 11:15:19",42.31291,-71.04024,1.22,74.00,45.21
"Jul 6 2009 11:15:21",42.31293,-71.04023,1.26,74.00,45.21
"Jul 6 2009 11:15:22",42.312946,-71.040215,1.50,74.00,45.21
"Jul 6 2009 11:15:23",42.312965,-71.0402,0.90,74.00,45.21
"Jul 6 2009 11:15:24",42.312973,-71.04019,1.42,74.00,45.21
"Jul 6 2009 11:15:25",42.31298,-71.040184,1.06,72.00,45.21
"Jul 6 2009 11:15:26",42.31299,-71.04018,0.94,72.00,45.21
"Jul 6 2009 11:15:27",42.312996,-71.04018,0.82,72.00,45.21
"Jul 6 2009 11:15:28",42.31301,-71.04018,0.94,72.00,45.21
"Jul 6 2009 11:15:29",42.31303,-71.04017,1.06,72.00,45.21
"Jul 6 2009 11:15:30",42.313038,-71.04017,1.02,72.00,45.21
"Jul 6 2009 11:15:31",42.313053,-71.04017,1.02,72.00,45.21
"Jul 6 2009 11:15:32",42.31307,-71.04017,1.10,73.00,45.21
"Jul 6 2009 11:15:33",42.313076,-71.04017,1.34,72.00,45.21
"Jul 6 2009 11:15:34",42.313087,-71.04017,1.26,72.00,45.21
"Jul 6 2009 11:15:36",42.31311,-71.04017,1.22,72.00,45.21
"Jul 6 2009 11:15:37",42.313118,-71.04016,1.30,72.00,46.59
"Jul 6 2009 11:15:38",42.313133,-71.04015,1.38,72.00,46.59
"Jul 6 2009 11:15:39",42.313145,-71.040146,1.38,74.00,46.59
"Jul 6 2009 11:15:40",42.31316,-71.04014,1.38,74.00,46.59
"Jul 6 2009 11:15:41",42.313168,-71.04012,0.98,74.00,46.59
"Jul 6 2009 11:15:42",42.313175,-71.040115,1.06,74.00,46.59
"Jul 6 2009 11:15:43",42.313183,-71.04009,1.18,74.00,45.21
"Jul 6 2009 11:15:44",42.31319,-71.040085,1.42,74.00,45.21
"Jul 6 2009 11:15:45",42.313198,-71.04008,1.34,74.00,45.21
"Jul 6 2009 11:15:46",42.313198,-71.04007,1.54,74.00,45.21
"Jul 6 2009 11:15:47",42.313198,-71.04007,1.26,74.00,45.21
"Jul 6 2009 11:15:48",42.31321,-71.04006,1.30,74.00,45.21
"Jul 6 2009 11:15:50",42.313217,-71.040054,1.10,74.00,45.21
"Jul 6 2009 11:15:51",42.313217,-71.04005,1.46,74.00,45.21
"Jul 6 2009 11:15:52",42.313217,-71.04002,0.98,74.00,45.21
"Jul 6 2009 11:15:53",42.313225,-71.040016,1.10,74.00,45.21
"Jul 6 2009 11:15:54",42.313232,-71.04001,1.18,74.00,45.21
"Jul 6 2009 11:15:55",42.31324,-71.04002,1.10,74.00,45.21
"Jul 6 2009 11:15:56",42.31324,-71.04004,0.62,71.00,45.21
"Jul 6 2009 11:15:57",42.313248,-71.04003,1.06,70.00,45.21
"Jul 6 2009 11:15:58",42.313248,-71.04005,1.42,69.00,45.21
"Jul 6 2009 11:15:59",42.313255,-71.040054,1.14,69.00,45.21
"Jul 6 2009 11:16:00",42.313248,-71.04008,1.06,69.00,45.21
"Jul 6 2009 11:16:01",42.313255,-71.04009,1.18,67.00,43.82
"Jul 6 2009 11:16:02",42.313267,-71.04011,1.42,62.00,43.82
"Jul 6 2009 11:16:04",42.313305,-71.04014,0.94,46.00,43.82
"Jul 6 2009 11:16:05",42.31333,-71.04016,1.02,32.00,43.82
"Jul 6 2009 11:16:06",42.313347,-71.040146,0.82,23.00,43.82
"Jul 6 2009 11:16:07",42.313347,-71.04014,0.82,20.00,43.82
"Jul 6 2009 11:16:08",42.313354,-71.040115,0.58,17.00,43.82
"Jul 6 2009 11:16:09",42.313362,-71.04009,0.70,15.00,43.82
"Jul 6 2009 11:16:10",42.313377,-71.04013,0.78,13.00,42.44
"Jul 6 2009 11:16:11",42.31341,-71.040184,1.82,11.00,42.44
"Jul 6 2009 11:16:12",42.313442,-71.04021,0.98,11.00,42.44
"Jul 6 2009 11:16:13",42.31347,-71.04024,1.10,9.00,42.44
"Jul 6 2009 11:16:14",42.31349,-71.040276,1.26,7.00,42.44
"Jul 6 2009 11:16:15",42.313526,-71.04031,1.14,7.00,42.44
"Jul 6 2009 11:16:16",42.31355,-71.04037,1.30,7.00,42.44
"Jul 6 2009 11:16:17",42.313606,-71.04055,0.78,5.00,42.44
"Jul 6 2009 11:16:19",42.31367,-71.04081,1.02,6.00,41.05
"Jul 6 2009 11:16:20",42.31373,-71.04105,1.06,6.00,41.05
"Jul 6 2009 11:16:21",42.313778,-71.04127,0.90,7.00,41.05
"Jul 6 2009 11:16:22",42.313828,-71.041405,0.90,9.00,41.05
"Jul 6 2009 11:16:23",42.313858,-71.041504,0.74,12.00,41.05
"Jul 6 2009 11:16:24",42.313923,-71.04167,1.42,8.00,41.05
"Jul 6 2009 11:16:25",42.313965,-71.04179,1.10,8.00,41.05
"Jul 6 2009 11:16:26",42.313988,-71.041885,1.14,7.00,41.05
"Jul 6 2009 11:16:27",42.31398,-71.04187,1.10,7.00,41.05
"Jul 6 2009 11:16:28",42.31398,-71.04182,1.10,9.00,41.05
"Jul 6 2009 11:16:29",42.31398,-71.04179,1.18,8.00,39.67
"Jul 6 2009 11:16:30",42.314,-71.0418,0.90,9.00,39.67
"Jul 6 2009 11:16:31",42.314014,-71.041824,1.14,12.00,39.67
"Jul 6 2009 11:16:33",42.31395,-71.04145,1.10,21.00,39.67
"Jul 6 2009 11:16:34",42.31395,-71.04145,1.22,30.00,39.67
"Jul 6 2009 11:16:35",42.313923,-71.04134,0.98,36.00,39.67
"Jul 6 2009 11:16:36",42.313908,-71.041275,0.98,36.00,39.67
"Jul 6 2009 11:16:37",42.3139,-71.04124,1.10,47.00,39.67
"Jul 6 2009 11:16:38",42.313915,-71.04126,0.62,54.00,39.67
"Jul 6 2009 11:16:39",42.313923,-71.04126,0.66,66.00,39.67
"Jul 6 2009 11:16:40",42.3139,-71.04114,1.06,69.00,39.67
"Jul 6 2009 11:16:41",42.313892,-71.041084,1.14,69.00,39.67
"Jul 6 2009 11:16:42",42.313877,-71.04095,1.06,70.00,38.29
"Jul 6 2009 11:16:43",42.313866,-71.04087,1.18,70.00,38.29
"Jul 6 2009 11:16:44",42.313866,-71.04085,1.18,69.00,39.67
"Jul 6 2009 11:16:45",42.313858,-71.04081,1.10,69.00,39.67
"Jul 6 2009 11:16:47",42.313858,-71.04077,1.02,69.00,38.29
"Jul 6 2009 11:16:48",42.31385,-71.04076,0.74,69.00,38.29
"Jul 6 2009 11:16:49",42.313843,-71.04073,0.90,69.00,38.29
"Jul 6 2009 11:16:50",42.313835,-71.040726,1.18,69.00,39.67
"Jul 6 2009 11:16:51",42.313828,-71.04072,0.78,70.00,38.29
"Jul 6 2009 11:16:52",42.31382,-71.0407,1.14,68.00,38.29
"Jul 6 2009 11:16:53",42.31382,-71.04069,0.98,70.00,38.29
"Jul 6 2009 11:16:54",42.31382,-71.040665,1.06,71.00,38.29
"Jul 6 2009 11:16:55",42.31381,-71.04064,0.90,71.00,38.29
"Jul 6 2009 11:16:56",42.31382,-71.04062,1.06,72.00,38.29
"Jul 6 2009 11:16:57",42.313828,-71.040596,0.90,71.00,38.29
"Jul 6 2009 11:16:58",42.31385,-71.040565,1.10,71.00,38.29
"Jul 6 2009 11:16:59",42.313858,-71.040535,0.94,71.00,38.29
"Jul 6 2009 11:17:00",42.313866,-71.04048,0.94,69.00,38.29
"Jul 6 2009 11:17:02",42.313908,-71.04043,0.90,71.00,38.29
"Jul 6 2009 11:17:03",42.3139,-71.0403,0.78,71.00,38.29
"Jul 6 2009 11:17:04",42.3139,-71.04015,0.98,70.00,38.29
"Jul 6 2009 11:17:05",42.313915,-71.040016,1.10,70.00,36.90
"Jul 6 2009 11:17:06",42.313915,-71.03992,0.86,69.00,38.29
"Jul 6 2009 11:17:07",42.31393,-71.03983,0.94,69.00,38.29
"Jul 6 2009 11:17:08",42.31395,-71.039825,0.90,70.00,36.90
"Jul 6 2009 11:17:09",42.31398,-71.03979,0.94,71.00,36.90
"Jul 6 2009 11:17:10",42.314,-71.03977,0.78,71.00,36.90
"Jul 6 2009 11:17:11",42.314007,-71.03977,1.22,71.00,38.29
"Jul 6 2009 11:17:12",42.314022,-71.03977,0.82,71.00,36.90
"Jul 6 2009 11:17:13",42.314037,-71.039764,1.18,71.00,36.90
"Jul 6 2009 11:17:14",42.31403,-71.03974,0.98,71.00,36.90
"Jul 6 2009 11:17:16",42.31403,-71.0397,0.94,71.00,38.29
"Jul 6 2009 11:17:17",42.31403,-71.03968,1.02,71.00,36.90
"Jul 6 2009 11:17:18",42.31403,-71.039665,0.98,71.00,36.90
"Jul 6 2009 11:17:19",42.314037,-71.03965,0.98,71.00,36.90
"Jul 6 2009 11:17:20",42.31403,-71.039635,1.10,71.00,36.90
"Jul 6 2009 11:17:21",42.31403,-71.03963,0.98,71.00,36.90
"Jul 6 2009 11:17:22",42.314022,-71.039604,0.94,72.00,36.90
"Jul 6 2009 11:17:23",42.314022,-71.03959,0.98,72.00,36.90
"Jul 6 2009 11:17:24",42.314022,-71.03957,1.02,72.00,36.90
"Jul 6 2009 11:17:25",42.314022,-71.039566,1.10,72.00,36.90
"Jul 6 2009 11:17:26",42.31403,-71.03955,0.98,72.00,36.90
"Jul 6 2009 11:17:27",42.314037,-71.03952,1.02,72.00,36.90
"Jul 6 2009 11:17:28",42.314037,-71.039505,0.66,72.00,36.90
"Jul 6 2009 11:17:30",42.314037,-71.039474,1.30,72.00,36.90
"Jul 6 2009 11:17:31",42.314045,-71.03947,0.90,72.00,36.90
"Jul 6 2009 11:17:32",42.314045,-71.03946,0.78,72.00,36.90
"Jul 6 2009 11:17:33",42.314045,-71.03946,0.98,72.00,36.90
"Jul 6 2009 11:17:34",42.314053,-71.03945,1.06,72.00,36.90
"Jul 6 2009 11:17:35",42.31407,-71.03944,1.06,72.00,36.90
"Jul 6 2009 11:17:36",42.31408,-71.03943,0.70,72.00,36.90
"Jul 6 2009 11:17:37",42.314087,-71.039406,1.10,72.00,36.90
"Jul 6 2009 11:17:38",42.314102,-71.03939,1.26,72.00,36.90
"Jul 6 2009 11:17:39",42.31412,-71.039375,0.90,72.00,36.90
"Jul 6 2009 11:17:40",42.31412,-71.039375,0.82,72.00,36.90
"Jul 6 2009 11:17:41",42.314102,-71.0394,0.98,72.00,36.90
"Jul 6 2009 11:17:42",42.314095,-71.03943,1.14,72.00,36.90
"Jul 6 2009 11:17:43",42.314087,-71.039444,0.98,72.00,36.90
"Jul 6 2009 11:17:45",42.314087,-71.03947,0.70,72.00,36.90
"Jul 6 2009 11:17:46",42.314087,-71.03947,0.90,72.00,36.90
"Jul 6 2009 11:17:47",42.314087,-71.039474,1.06,72.00,36.90
"Jul 6 2009 11:17:48",42.314087,-71.039474,0.82,73.00,36.90
"Jul 6 2009 11:17:49",42.314087,-71.039474,0.78,72.00,36.90
"Jul 6 2009 11:17:50",42.314087,-71.039474,1.06,72.00,36.90
"Jul 6 2009 11:17:51",42.314095,-71.03948,0.98,72.00,36.90
"Jul 6 2009 11:17:52",42.314095,-71.03948,0.82,72.00,36.90
"Jul 6 2009 11:17:53",42.314095,-71.0395,1.02,72.00,36.90
"Jul 6 2009 11:17:54",42.314095,-71.0395,0.94,73.00,36.90
"Jul 6 2009 11:17:55",42.314095,-71.0395,1.02,72.00,38.29
"Jul 6 2009 11:17:56",42.314095,-71.039505,1.18,72.00,36.90
"Jul 6 2009 11:17:57",42.314102,-71.0395,0.94,72.00,36.90
"Jul 6 2009 11:17:59",42.314102,-71.03948,0.74,72.00,36.90
"Jul 6 2009 11:18:00",42.31411,-71.03948,1.30,72.00,36.90
"Jul 6 2009 11:18:01",42.31411,-71.039474,0.94,72.00,36.90
"Jul 6 2009 11:18:02",42.31411,-71.039474,0.94,72.00,36.90
"Jul 6 2009 11:18:03",42.31412,-71.03947,0.94,72.00,36.90
"Jul 6 2009 11:18:04",42.31412,-71.03947,0.86,72.00,36.90
"Jul 6 2009 11:18:05",42.31413,-71.03946,0.78,73.00,36.90
"Jul 6 2009 11:18:06",42.314137,-71.03945,1.10,72.00,36.90
"Jul 6 2009 11:18:07",42.314144,-71.03945,0.82,72.00,36.90
"Jul 6 2009 11:18:08",42.31415,-71.039444,1.06,72.00,36.90
"Jul 6 2009 11:18:09",42.31415,-71.039444,1.42,72.00,36.90
"Jul 6 2009 11:18:10",42.31416,-71.03944,0.86,72.00,36.90
"Jul 6 2009 11:18:11",42.314167,-71.03943,0.86,72.00,36.90
"Jul 6 2009 11:18:13",42.314186,-71.03941,0.82,72.00,36.90
"Jul 6 2009 11:18:14",42.314194,-71.03941,1.14,72.00,36.90
"Jul 6 2009 11:18:15",42.3142,-71.039406,1.18,72.00,36.90
"Jul 6 2009 11:18:16",42.314217,-71.039406,0.94,71.00,35.52
"Jul 6 2009 11:18:17",42.314224,-71.039406,1.38,71.00,36.90
"Jul 6 2009 11:18:18",42.314224,-71.039406,1.14,71.00,36.90
"Jul 6 2009 11:18:19",42.31423,-71.039406,1.22,70.00,36.90
"Jul 6 2009 11:18:20",42.314243,-71.039406,0.86,71.00,36.90
"Jul 6 2009 11:18:21",42.31425,-71.03942,1.26,71.00,36.90
"Jul 6 2009 11:18:22",42.31425,-71.03942,0.86,71.00,35.52
"Jul 6 2009 11:18:23",42.31426,-71.03941,0.98,71.00,36.90
"Jul 6 2009 11:18:24",42.31426,-71.03941,1.02,73.00,36.90
"Jul 6 2009 11:18:25",42.314266,-71.03941,0.90,73.00,36.90
"Jul 6 2009 11:18:27",42.31428,-71.039406,0.78,73.00,35.52
"Jul 6 2009 11:18:28",42.31429,-71.039406,1.34,73.00,35.52
"Jul 6 2009 11:18:29",42.314297,-71.0394,0.94,73.00,35.52
"Jul 6 2009 11:18:30",42.31431,-71.0394,0.94,72.00,35.52
"Jul 6 2009 11:18:31",42.31431,-71.03939,1.02,73.00,35.52
"Jul 6 2009 11:18:32",42.314316,-71.03939,1.10,71.00,35.52
"Jul 6 2009 11:18:33",42.314323,-71.03939,0.94,74.00,35.52
"Jul 6 2009 11:18:34",42.314323,-71.03939,0.74,72.00,35.52
"Jul 6 2009 11:18:35",42.31434,-71.03939,0.78,74.00,35.52
"Jul 6 2009 11:18:36",42.314346,-71.03939,0.50,74.00,35.52
"Jul 6 2009 11:18:37",42.314354,-71.03939,1.02,74.00,35.52
"Jul 6 2009 11:18:38",42.314365,-71.03938,1.26,74.00,36.90
"Jul 6 2009 11:18:39",42.314373,-71.039375,1.14,72.00,36.90
"Jul 6 2009 11:18:40",42.31438,-71.03935,0.90,74.00,35.52
"Jul 6 2009 11:18:41",42.31439,-71.03934,0.98,72.00,35.52
"Jul 6 2009 11:18:42",42.314396,-71.03933,1.02,72.00,35.52
"Jul 6 2009 11:18:43",42.314404,-71.039314,1.26,72.00,36.90
"Jul 6 2009 11:18:44",42.31442,-71.0393,1.18,72.00,35.52
"Jul 6 2009 11:18:45",42.314438,-71.039276,0.66,71.00,35.52
"Jul 6 2009 11:18:46",42.314453,-71.03925,0.50,74.00,35.52
"Jul 6 2009 11:18:47",42.31446,-71.03923,0.66,74.00,36.90
"Jul 6 2009 11:18:48",42.314476,-71.03922,0.82,74.00,35.52
"Jul 6 2009 11:18:49",42.314487,-71.03921,0.98,74.00,35.52
"Jul 6 2009 11:18:50",42.314495,-71.03919,0.94,72.00,35.52
"Jul 6 2009 11:18:51",42.314503,-71.039185,1.10,72.00,36.90
"Jul 6 2009 11:18:52",42.314503,-71.03918,0.94,72.00,36.90
"Jul 6 2009 11:18:54",42.314495,-71.039185,0.98,72.00,35.52
"Jul 6 2009 11:18:55",42.314495,-71.039185,0.98,73.00,35.52
"Jul 6 2009 11:18:56",42.314495,-71.03919,0.98,74.00,35.52
"Jul 6 2009 11:18:57",42.314495,-71.03919,0.98,74.00,36.90
"Jul 6 2009 11:18:58",42.314503,-71.039185,1.06,72.00,35.52
"Jul 6 2009 11:18:59",42.314503,-71.039185,0.98,74.00,35.52
"Jul 6 2009 11:19:00",42.314503,-71.039185,0.54,72.00,35.52
"Jul 6 2009 11:19:01",42.314503,-71.03918,0.98,73.00,36.90
"Jul 6 2009 11:19:02",42.314503,-71.03918,0.86,72.00,36.90
"Jul 6 2009 11:19:03",42.314503,-71.03918,1.02,72.00,36.90
"Jul 6 2009 11:19:04",42.314503,-71.039185,0.98,72.00,36.90
"Jul 6 2009 11:19:05",42.314503,-71.03918,0.86,72.00,36.90
"Jul 6 2009 11:19:06",42.314503,-71.03918,0.86,72.00,36.90
"Jul 6 2009 11:19:08",42.314503,-71.039185,1.06,72.00,36.90
"Jul 6 2009 11:19:09",42.314503,-71.039185,1.02,72.00,36.90
"Jul 6 2009 11:19:10",42.314503,-71.039185,0.98,72.00,36.90
"Jul 6 2009 11:19:11",42.314503,-71.039185,0.98,72.00,36.90
"Jul 6 2009 11:19:12",42.314503,-71.039185,1.02,73.00,36.90
"Jul 6 2009 11:19:13",42.314503,-71.039185,1.10,72.00,36.90
"Jul 6 2009 11:19:14",42.314503,-71.039185,1.02,72.00,36.90
"Jul 6 2009 11:19:15",42.314503,-71.039185,1.06,72.00,36.90
"Jul 6 2009 11:19:16",42.314503,-71.039185,1.06,72.00,36.90
"Jul 6 2009 11:19:17",42.314503,-71.039185,0.94,72.00,36.90
"Jul 6 2009 11:19:18",42.314503,-71.039185,0.82,72.00,36.90
"Jul 6 2009 11:19:19",42.314503,-71.039185,0.94,72.00,36.90
"Jul 6 2009 11:19:20",42.314503,-71.039185,0.94,72.00,36.90
"Jul 6 2009 11:19:21",42.314495,-71.039185,0.78,72.00,36.90
"Jul 6 2009 11:19:23",42.314495,-71.039185,1.02,72.00,36.90
"Jul 6 2009 11:19:24",42.314495,-71.039185,0.94,72.00,36.90
"Jul 6 2009 11:19:25",42.314495,-71.039185,1.02,72.00,36.90
"Jul 6 2009 11:19:26",42.314495,-71.039185,1.02,72.00,36.90
"Jul 6 2009 11:19:27",42.314495,-71.039185,1.02,72.00,36.90
"Jul 6 2009 11:19:28",42.314495,-71.039185,0.94,72.00,38.29
"Jul 6 2009 11:19:29",42.314495,-71.039185,0.98,72.00,36.90
"Jul 6 2009 11:19:30",42.314495,-71.039185,1.06,72.00,36.90
"Jul 6 2009 11:19:31",42.314495,-71.039185,0.90,72.00,38.29
"Jul 6 2009 11:19:32",42.314495,-71.039185,1.06,72.00,38.29
"Jul 6 2009 11:19:33",42.314503,-71.039185,0.98,72.00,38.29
"Jul 6 2009 11:19:34",42.314503,-71.039185,1.22,72.00,38.29
"Jul 6 2009 11:19:35",42.314495,-71.039185,1.10,74.00,38.29
"Jul 6 2009 11:19:37",42.314495,-71.039185,0.94,73.00,38.29
"Jul 6 2009 11:19:38",42.314495,-71.03919,1.14,74.00,36.90
"Jul 6 2009 11:19:39",42.314495,-71.03919,1.10,73.00,36.90
"Jul 6 2009 11:19:40",42.314495,-71.03919,0.78,73.00,38.29
"Jul 6 2009 11:19:41",42.314495,-71.03919,1.02,74.00,38.29
"Jul 6 2009 11:19:42",42.314495,-71.03919,1.06,74.00,38.29
"Jul 6 2009 11:19:43",42.314495,-71.03919,0.82,74.00,38.29
"Jul 6 2009 11:19:44",42.314495,-71.0392,1.30,72.00,38.29
"Jul 6 2009 11:19:45",42.314495,-71.0392,1.22,72.00,38.29
"Jul 6 2009 11:19:46",42.314495,-71.0392,0.90,73.00,38.29
"Jul 6 2009 11:19:47",42.314495,-71.03921,0.90,72.00,38.29
"Jul 6 2009 11:19:48",42.314495,-71.03921,1.06,73.00,38.29
"Jul 6 2009 11:19:49",42.314495,-71.03921,1.02,73.00,38.29
"Jul 6 2009 11:19:51",42.314495,-71.03921,0.94,73.00,38.29
"Jul 6 2009 11:19:52",42.314495,-71.039215,1.02,73.00,38.29
"Jul 6 2009 11:19:53",42.314495,-71.039215,0.98,72.00,38.29
"Jul 6 2009 11:19:54",42.314495,-71.039215,1.02,73.00,38.29
"Jul 6 2009 11:19:55",42.314495,-71.039215,0.98,73.00,38.29
"Jul 6 2009 11:19:56",42.314495,-71.039215,0.98,73.00,38.29
"Jul 6 2009 11:19:57",42.314495,-71.039215,0.98,73.00,38.29
"Jul 6 2009 11:19:58",42.314495,-71.039215,0.94,73.00,38.29
"Jul 6 2009 11:19:59",42.314495,-71.039215,0.98,73.00,38.29
"Jul 6 2009 11:20:00",42.314495,-71.039215,1.02,73.00,38.29
"Jul 6 2009 11:20:01",42.314495,-71.039215,0.98,73.00,38.29
"Jul 6 2009 11:20:02",42.314495,-71.039215,1.06,73.00,38.29
"Jul 6 2009 11:20:03",42.314495,-71.039215,0.98,73.00,38.29
"Jul 6 2009 11:20:04",42.314495,-71.039215,1.02,74.00,38.29
"Jul 6 2009 11:20:06",42.314495,-71.039215,0.94,74.00,38.29
"Jul 6 2009 11:20:07",42.314495,-71.039215,0.98,73.00,38.29
"Jul 6 2009 11:20:08",42.314495,-71.039215,0.98,73.00,38.29
"Jul 6 2009 11:20:09",42.314495,-71.039215,0.98,74.00,38.29
"Jul 6 2009 11:20:10",42.314495,-71.039215,0.98,74.00,38.29
"Jul 6 2009 11:20:11",42.314495,-71.039215,0.98,73.00,38.29
"Jul 6 2009 11:20:12",42.314495,-71.03921,0.98,74.00,38.29
"Jul 6 2009 11:20:13",42.314495,-71.03921,1.02,74.00,38.29
"Jul 6 2009 11:20:14",42.314495,-71.03921,0.98,73.00,38.29
"Jul 6 2009 11:20:15",42.314495,-71.03921,0.98,73.00,38.29
"Jul 6 2009 11:20:16",42.314495,-71.03921,0.98,74.00,38.29
"Jul 6 2009 11:20:17",42.314495,-71.03921,0.98,73.00,38.29
"Jul 6 2009 11:20:18",42.314495,-71.03921,0.98,74.00,38.29
"Jul 6 2009 11:20:20",42.314495,-71.03921,0.98,73.00,38.29
"Jul 6 2009 11:20:21",42.314487,-71.03921,0.98,73.00,38.29
"Jul 6 2009 11:20:22",42.314487,-71.03921,0.98,73.00,38.29
"Jul 6 2009 11:20:23",42.314487,-71.03921,0.98,72.00,38.29
"Jul 6 2009 11:20:24",42.314487,-71.03921,1.02,72.00,39.67
"Jul 6 2009 11:20:25",42.314487,-71.03921,0.98,72.00,38.29
"Jul 6 2009 11:20:26",42.314487,-71.03921,1.02,72.00,38.29
"Jul 6 2009 11:20:27",42.314487,-71.03921,0.98,72.00,38.29
"Jul 6 2009 11:20:28",42.314487,-71.03921,0.98,73.00,38.29
"Jul 6 2009 11:20:29",42.314487,-71.03921,0.98,73.00,38.29
"Jul 6 2009 11:20:30",42.314487,-71.03921,0.94,73.00,39.67
"Jul 6 2009 11:20:31",42.314487,-71.03921,0.94,73.00,39.67
"Jul 6 2009 11:20:32",42.314487,-71.03921,0.94,74.00,38.29
"Jul 6 2009 11:20:34",42.314487,-71.03921,0.98,74.00,39.67
"Jul 6 2009 11:20:35",42.314487,-71.03921,1.02,74.00,39.67
"Jul 6 2009 11:20:36",42.314487,-71.03921,1.02,73.00,39.67
"Jul 6 2009 11:20:37",42.314487,-71.03921,0.98,74.00,39.67
"Jul 6 2009 11:20:38",42.314487,-71.03921,0.98,73.00,39.67
"Jul 6 2009 11:20:39",42.314487,-71.03921,1.26,74.00,39.67
"Jul 6 2009 11:20:40",42.314487,-71.03921,1.02,73.00,39.67
"Jul 6 2009 11:20:41",42.314495,-71.03921,1.02,72.00,39.67
"Jul 6 2009 11:20:42",42.314495,-71.0392,1.18,74.00,39.67
"Jul 6 2009 11:20:43",42.314495,-71.0392,0.90,72.00,39.67
"Jul 6 2009 11:20:44",42.314495,-71.0392,1.22,72.00,39.67
"Jul 6 2009 11:20:45",42.314495,-71.0392,1.10,72.00,39.67
"Jul 6 2009 11:20:46",42.314495,-71.0392,0.94,73.00,39.67
"Jul 6 2009 11:20:47",42.314495,-71.0392,0.98,74.00,39.67
"Jul 6 2009 11:20:49",42.314495,-71.0392,1.10,74.00,39.67
"Jul 6 2009 11:20:50",42.314495,-71.0392,1.02,74.00,39.67
"Jul 6 2009 11:20:51",42.314495,-71.0392,0.94,74.00,39.67
"Jul 6 2009 11:20:52",42.314495,-71.0392,1.06,74.00,39.67
"Jul 6 2009 11:20:53",42.314495,-71.0392,1.02,74.00,39.67
"Jul 6 2009 11:20:54",42.314495,-71.0392,0.78,74.00,39.67
"Jul 6 2009 11:20:55",42.314495,-71.0392,1.02,74.00,39.67
"Jul 6 2009 11:20:56",42.314495,-71.0392,0.90,74.00,39.67
"Jul 6 2009 11:20:57",42.314495,-71.0392,1.02,72.00,41.05
"Jul 6 2009 11:20:58",42.314495,-71.0392,0.90,74.00,41.05
"Jul 6 2009 11:20:59",42.314495,-71.0392,1.14,72.00,41.05
"Jul 6 2009 11:21:00",42.314495,-71.0392,0.90,74.00,41.05
"Jul 6 2009 11:21:01",42.314495,-71.0392,0.94,74.00,41.05
"Jul 6 2009 11:21:03",42.314495,-71.0392,1.02,74.00,41.05
"Jul 6 2009 11:21:04",42.314495,-71.0392,1.02,74.00,41.05
"Jul 6 2009 11:21:05",42.314495,-71.0392,0.94,74.00,41.05
"Jul 6 2009 11:21:06",42.314503,-71.0392,1.02,72.00,41.05
"Jul 6 2009 11:21:07",42.314503,-71.0392,0.98,72.00,41.05
"Jul 6 2009 11:21:08",42.314495,-71.0392,0.90,72.00,41.05
"Jul 6 2009 11:21:09",42.314495,-71.0392,0.98,74.00,41.05
"Jul 6 2009 11:21:10",42.314495,-71.0392,0.98,74.00,41.05
"Jul 6 2009 11:21:11",42.314495,-71.0392,0.98,74.00,41.05
"Jul 6 2009 11:21:12",42.314495,-71.0392,0.94,74.00,41.05
"Jul 6 2009 11:21:13",42.314495,-71.0392,1.34,74.00,41.05
"Jul 6 2009 11:21:14",42.314495,-71.0392,1.06,74.00,41.05
"Jul 6 2009 11:21:15",42.314495,-71.0392,1.02,74.00,41.05
"Jul 6 2009 11:21:16",42.314503,-71.0392,0.86,74.00,41.05
"Jul 6 2009 11:21:18",42.314503,-71.03919,0.98,74.00,41.05
"Jul 6 2009 11:21:19",42.314503,-71.03919,0.98,74.00,41.05
"Jul 6 2009 11:21:20",42.314503,-71.03919,1.14,74.00,41.05
"Jul 6 2009 11:21:21",42.31451,-71.039185,0.70,74.00,41.05
"Jul 6 2009 11:21:22",42.314503,-71.039185,0.74,74.00,41.05
"Jul 6 2009 11:21:23",42.314495,-71.039185,0.70,74.00,41.05
"Jul 6 2009 11:21:24",42.314487,-71.03919,1.06,74.00,41.05
"Jul 6 2009 11:21:25",42.31447,-71.0392,0.94,74.00,41.05
"Jul 6 2009 11:21:26",42.31446,-71.03921,0.94,74.00,41.05
"Jul 6 2009 11:21:27",42.314445,-71.039215,1.02,74.00,41.05
"Jul 6 2009 11:21:28",42.314438,-71.03922,1.14,74.00,41.05
"Jul 6 2009 11:21:29",42.31443,-71.03923,0.74,74.00,41.05
"Jul 6 2009 11:21:30",42.31442,-71.03924,0.82,74.00,41.05
"Jul 6 2009 11:21:31",42.314404,-71.03924,1.02,74.00,41.05
"Jul 6 2009 11:21:33",42.31439,-71.03925,1.14,74.00,41.05
"Jul 6 2009 11:21:34",42.31438,-71.03925,0.90,74.00,41.05
"Jul 6 2009 11:21:35",42.314365,-71.03925,0.86,74.00,41.05
"Jul 6 2009 11:21:36",42.314354,-71.03925,1.22,74.00,42.44
"Jul 6 2009 11:21:37",42.314346,-71.03925,1.14,74.00,41.05
"Jul 6 2009 11:21:38",42.314346,-71.03925,1.02,72.00,41.05
"Jul 6 2009 11:21:39",42.31434,-71.03925,1.02,72.00,41.05
"Jul 6 2009 11:21:40",42.31433,-71.03925,1.38,72.00,41.05
"Jul 6 2009 11:21:41",42.314323,-71.03925,0.86,72.00,41.05
"Jul 6 2009 11:21:42",42.314323,-71.03925,0.98,71.00,41.05
"Jul 6 2009 11:21:43",42.314316,-71.03926,0.98,72.00,41.05
"Jul 6 2009 11:21:44",42.314316,-71.03926,0.94,71.00,41.05
"Jul 6 2009 11:21:45",42.31431,-71.03926,0.98,71.00,41.05
"Jul 6 2009 11:21:47",42.314297,-71.03927,1.02,74.00,41.05
"Jul 6 2009 11:21:48",42.314297,-71.03927,0.94,74.00,41.05
"Jul 6 2009 11:21:49",42.31429,-71.03927,0.86,74.00,41.05
"Jul 6 2009 11:21:50",42.31428,-71.03927,1.14,72.00,41.05
"Jul 6 2009 11:21:51",42.31428,-71.03927,0.94,71.00,41.05
"Jul 6 2009 11:21:52",42.31428,-71.03927,0.70,74.00,41.05
"Jul 6 2009 11:21:53",42.31428,-71.039276,0.86,71.00,41.05
"Jul 6 2009 11:21:54",42.314274,-71.03928,0.94,73.00,41.05
"Jul 6 2009 11:21:55",42.314266,-71.03928,0.74,72.00,41.05
"Jul 6 2009 11:21:56",42.31426,-71.03928,0.90,74.00,41.05
"Jul 6 2009 11:21:57",42.314243,-71.03928,0.94,74.00,41.05
"Jul 6 2009 11:21:58",42.31423,-71.03928,0.90,73.00,41.05
"Jul 6 2009 11:21:59",42.314217,-71.039276,0.62,73.00,41.05
"Jul 6 2009 11:22:01",42.314194,-71.039276,1.50,73.00,41.05
"Jul 6 2009 11:22:02",42.314175,-71.03928,1.54,74.00,41.05
"Jul 6 2009 11:22:03",42.31416,-71.03928,1.10,74.00,41.05
"Jul 6 2009 11:22:04",42.31415,-71.03928,1.06,74.00,41.05
"Jul 6 2009 11:22:05",42.314144,-71.03927,0.82,74.00,39.67
"Jul 6 2009 11:22:06",42.314144,-71.03925,0.78,74.00,39.67
"Jul 6 2009 11:22:07",42.314144,-71.03924,0.82,72.00,39.67
"Jul 6 2009 11:22:08",42.314137,-71.03923,1.14,71.00,39.67
"Jul 6 2009 11:22:09",42.314137,-71.039215,0.90,74.00,39.67
"Jul 6 2009 11:22:10",42.31413,-71.039215,1.10,72.00,39.67
"Jul 6 2009 11:22:11",42.31412,-71.03919,1.10,72.00,39.67
"Jul 6 2009 11:22:12",42.31411,-71.03919,0.94,71.00,39.67
"Jul 6 2009 11:22:13",42.314102,-71.03919,0.82,71.00,39.67
"Jul 6 2009 11:22:14",42.314095,-71.03919,0.98,71.00,39.67
"Jul 6 2009 11:22:16",42.31408,-71.039185,1.14,71.00,39.67
"Jul 6 2009 11:22:17",42.31407,-71.039185,0.98,73.00,39.67
"Jul 6 2009 11:22:18",42.314064,-71.03918,0.90,71.00,39.67
"Jul 6 2009 11:22:19",42.314053,-71.03917,1.02,72.00,39.67
"Jul 6 2009 11:22:20",42.314053,-71.03916,1.14,74.00,39.67
"Jul 6 2009 11:22:21",42.314053,-71.03916,1.30,71.00,39.67
"Jul 6 2009 11:22:22",42.314045,-71.03915,1.06,72.00,39.67
"Jul 6 2009 11:22:23",42.314045,-71.03914,0.82,72.00,39.67
"Jul 6 2009 11:22:24",42.314045,-71.039116,0.98,74.00,39.67
"Jul 6 2009 11:22:25",42.314053,-71.03911,1.18,72.00,39.67
"Jul 6 2009 11:22:26",42.314053,-71.03909,1.10,74.00,39.67
"Jul 6 2009 11:22:27",42.314053,-71.039085,0.70,73.00,39.67
"Jul 6 2009 11:22:28",42.314053,-71.03907,1.38,74.00,39.67
"Jul 6 2009 11:22:30",42.314053,-71.03904,1.10,74.00,39.67
"Jul 6 2009 11:22:31",42.314053,-71.039024,1.02,74.00,39.67
"Jul 6 2009 11:22:32",42.314053,-71.03902,1.02,74.00,39.67
"Jul 6 2009 11:22:33",42.314053,-71.038994,1.02,74.00,39.67
"Jul 6 2009 11:22:34",42.314045,-71.03898,1.06,74.00,39.67
"Jul 6 2009 11:22:35",42.314045,-71.03897,0.90,74.00,39.67
"Jul 6 2009 11:22:36",42.314037,-71.038956,1.06,73.00,39.67
"Jul 6 2009 11:22:37",42.314037,-71.03894,1.10,73.00,39.67
"Jul 6 2009 11:22:38",42.314045,-71.03893,0.98,74.00,39.67
"Jul 6 2009 11:22:39",42.314037,-71.03892,1.02,72.00,39.67
"Jul 6 2009 11:22:40",42.314037,-71.0389,0.98,72.00,39.67
"Jul 6 2009 11:22:41",42.314045,-71.0389,0.90,72.00,39.67
"Jul 6 2009 11:22:42",42.314045,-71.038895,0.98,72.00,39.67
"Jul 6 2009 11:22:43",42.314045,-71.038895,1.02,72.00,39.67
"Jul 6 2009 11:22:45",42.314053,-71.03889,1.02,72.00,39.67
"Jul 6 2009 11:22:46",42.314053,-71.03889,0.94,72.00,39.67
"Jul 6 2009 11:22:47",42.314053,-71.03887,1.26,74.00,39.67
"Jul 6 2009 11:22:48",42.314053,-71.038864,0.98,72.00,39.67
"Jul 6 2009 11:22:49",42.314053,-71.03886,1.02,72.00,39.67
"Jul 6 2009 11:22:50",42.314053,-71.03884,0.82,72.00,39.67
"Jul 6 2009 11:22:51",42.314053,-71.03884,0.98,72.00,39.67
"Jul 6 2009 11:22:52",42.314053,-71.03883,1.06,72.00,39.67
"Jul 6 2009 11:22:53",42.314053,-71.038826,0.98,72.00,39.67
"Jul 6 2009 11:22:54",42.314053,-71.038826,0.98,72.00,39.67
"Jul 6 2009 11:22:55",42.314053,-71.03882,1.02,72.00,39.67
"Jul 6 2009 11:22:56",42.314053,-71.03882,0.98,73.00,39.67
"Jul 6 2009 11:22:57",42.314064,-71.03881,0.90,72.00,39.67
"Jul 6 2009 11:22:59",42.314064,-71.038795,0.94,74.00,38.29
"Jul 6 2009 11:23:00",42.314064,-71.03878,0.94,74.00,39.67
"Jul 6 2009 11:23:01",42.314064,-71.03877,1.14,74.00,39.67
"Jul 6 2009 11:23:02",42.31407,-71.03877,1.02,74.00,39.67
"Jul 6 2009 11:23:03",42.31407,-71.038765,1.06,74.00,39.67
"Jul 6 2009 11:23:04",42.31407,-71.038765,0.90,74.00,39.67
"Jul 6 2009 11:23:05",42.31408,-71.038765,0.82,74.00,39.67
"Jul 6 2009 11:23:06",42.31408,-71.03875,0.98,74.00,39.67
"Jul 6 2009 11:23:07",42.31408,-71.03875,1.02,74.00,39.67
"Jul 6 2009 11:23:08",42.31408,-71.03875,0.98,74.00,39.67
"Jul 6 2009 11:23:09",42.31408,-71.03875,0.98,74.00,39.67
"Jul 6 2009 11:23:10",42.31408,-71.03875,0.98,74.00,39.67
"Jul 6 2009 11:23:11",42.31408,-71.03875,0.98,74.00,39.67
"Jul 6 2009 11:23:13",42.31408,-71.038765,0.90,74.00,39.67
"Jul 6 2009 11:23:14",42.31408,-71.038765,1.14,74.00,39.67
"Jul 6 2009 11:23:15",42.31408,-71.038765,0.94,72.00,39.67
"Jul 6 2009 11:23:16",42.31408,-71.038765,0.98,74.00,39.67
"Jul 6 2009 11:23:17",42.31408,-71.038765,0.98,72.00,39.67
"Jul 6 2009 11:23:18",42.314087,-71.038765,1.02,72.00,39.67
"Jul 6 2009 11:23:19",42.314087,-71.03877,1.02,72.00,39.67
"Jul 6 2009 11:23:20",42.314095,-71.03877,1.02,72.00,39.67
"Jul 6 2009 11:23:21",42.314095,-71.03877,0.98,72.00,39.67
"Jul 6 2009 11:23:22",42.314095,-71.03877,0.98,74.00,39.67
"Jul 6 2009 11:23:23",42.314095,-71.03877,0.98,74.00,39.67
"Jul 6 2009 11:23:24",42.314095,-71.03877,1.02,74.00,39.67
"Jul 6 2009 11:23:25",42.314095,-71.03877,1.10,74.00,39.67
"Jul 6 2009 11:23:26",42.314095,-71.03877,0.94,74.00,39.67
"Jul 6 2009 11:23:28",42.314087,-71.03877,1.30,74.00,39.67
"Jul 6 2009 11:23:29",42.31408,-71.03877,0.98,74.00,39.67
"Jul 6 2009 11:23:30",42.31407,-71.038765,0.94,74.00,39.67
"Jul 6 2009 11:23:31",42.314064,-71.03875,1.06,74.00,39.67
"Jul 6 2009 11:23:32",42.314053,-71.03875,0.86,74.00,39.67
"Jul 6 2009 11:23:33",42.314045,-71.03874,1.18,74.00,39.67
"Jul 6 2009 11:23:34",42.314045,-71.038734,0.94,74.00,39.67
"Jul 6 2009 11:23:35",42.314037,-71.03872,0.86,74.00,39.67
"Jul 6 2009 11:23:36",42.31403,-71.03871,1.02,74.00,39.67
"Jul 6 2009 11:23:37",42.31403,-71.0387,0.94,74.00,39.67
"Jul 6 2009 11:23:38",42.314022,-71.03869,0.86,74.00,39.67
"Jul 6 2009 11:23:39",42.314022,-71.03869,1.14,74.00,39.67
"Jul 6 2009 11:23:40",42.314014,-71.03868,0.86,74.00,39.67
"Jul 6 2009 11:23:41",42.314007,-71.03868,1.14,74.00,39.67
"Jul 6 2009 11:23:43",42.314,-71.038666,0.82,74.00,39.67
"Jul 6 2009 11:23:44",42.314,-71.03866,1.02,74.00,39.67
"Jul 6 2009 11:23:45",42.313988,-71.03864,1.06,74.00,39.67
"Jul 6 2009 11:23:46",42.313988,-71.03864,0.74,74.00,39.67
"Jul 6 2009 11:23:47",42.31398,-71.03863,1.14,74.00,39.67
"Jul 6 2009 11:23:48",42.31398,-71.03861,1.02,73.00,39.67
"Jul 6 2009 11:23:49",42.313972,-71.03861,0.98,74.00,39.67
"Jul 6 2009 11:23:50",42.313972,-71.0386,1.26,74.00,39.67
"Jul 6 2009 11:23:51",42.313965,-71.03859,0.90,74.00,39.67
"Jul 6 2009 11:23:52",42.313965,-71.03858,1.30,74.00,39.67
"Jul 6 2009 11:23:53",42.313957,-71.038574,1.50,74.00,39.67
"Jul 6 2009 11:23:54",42.313957,-71.03857,0.86,73.00,39.67
"Jul 6 2009 11:23:55",42.313957,-71.03856,1.02,73.00,39.67
"Jul 6 2009 11:23:57",42.31395,-71.03854,0.82,74.00,38.29
"Jul 6 2009 11:23:58",42.313942,-71.03854,1.30,74.00,39.67
"Jul 6 2009 11:23:59",42.31393,-71.038536,1.18,74.00,38.29
"Jul 6 2009 11:24:00",42.313923,-71.03853,0.98,74.00,38.29
"Jul 6 2009 11:24:01",42.313923,-71.03853,0.98,74.00,38.29
"Jul 6 2009 11:24:02",42.313915,-71.03852,0.66,74.00,38.29
"Jul 6 2009 11:24:03",42.313908,-71.03852,1.02,74.00,38.29
"Jul 6 2009 11:24:04",42.3139,-71.038506,0.90,74.00,39.67
"Jul 6 2009 11:24:05",42.313892,-71.038506,0.74,74.00,39.67
"Jul 6 2009 11:24:06",42.313877,-71.038506,0.82,74.00,38.29
"Jul 6 2009 11:24:07",42.313877,-71.03849,1.46,74.00,38.29
"Jul 6 2009 11:24:08",42.313858,-71.03849,1.02,74.00,39.67
"Jul 6 2009 11:24:09",42.313858,-71.038475,1.06,74.00,38.29
"Jul 6 2009 11:24:10",42.313866,-71.03846,0.82,72.00,39.67
"Jul 6 2009 11:24:12",42.313866,-71.03844,1.42,74.00,38.29
"Jul 6 2009 11:24:13",42.313858,-71.03843,1.02,74.00,39.67
"Jul 6 2009 11:24:14",42.31385,-71.03844,0.90,74.00,38.29
"Jul 6 2009 11:24:15",42.313843,-71.03843,0.70,74.00,38.29
"Jul 6 2009 11:24:16",42.313835,-71.03843,1.22,74.00,38.29
"Jul 6 2009 11:24:17",42.31382,-71.03842,1.06,74.00,39.67
"Jul 6 2009 11:24:18",42.31381,-71.03841,1.02,74.00,38.29
"Jul 6 2009 11:24:19",42.31381,-71.0384,1.14,74.00,39.67
"Jul 6 2009 11:24:20",42.3138,-71.03838,0.98,74.00,39.67
"Jul 6 2009 11:24:21",42.313793,-71.038376,0.86,74.00,39.67
"Jul 6 2009 11:24:22",42.313793,-71.03836,1.06,73.00,38.29
"Jul 6 2009 11:24:23",42.313786,-71.03835,0.94,73.00,39.67
"Jul 6 2009 11:24:24",42.313778,-71.03834,0.94,74.00,39.67
"Jul 6 2009 11:24:26",42.31377,-71.03832,0.86,74.00,39.67
"Jul 6 2009 11:24:27",42.313763,-71.038315,1.58,74.00,39.67
"Jul 6 2009 11:24:28",42.313763,-71.0383,1.02,74.00,38.29
"Jul 6 2009 11:24:29",42.313755,-71.03829,1.02,74.00,39.67
"Jul 6 2009 11:24:30",42.313755,-71.038284,1.02,74.00,39.67
"Jul 6 2009 11:24:31",42.313755,-71.038284,0.98,74.00,39.67
"Jul 6 2009 11:24:32",42.313755,-71.03829,1.06,74.00,38.29
"Jul 6 2009 11:24:33",42.313755,-71.03829,0.94,74.00,39.67
"Jul 6 2009 11:24:34",42.313755,-71.03829,1.02,74.00,38.29
"Jul 6 2009 11:24:35",42.313755,-71.038284,0.98,74.00,39.67
"Jul 6 2009 11:24:36",42.313755,-71.038284,0.74,74.00,39.67
"Jul 6 2009 11:24:37",42.313755,-71.03828,1.10,74.00,39.67
"Jul 6 2009 11:24:38",42.313755,-71.03828,1.06,74.00,39.67
"Jul 6 2009 11:24:39",42.313755,-71.03826,1.06,74.00,39.67
"Jul 6 2009 11:24:41",42.313763,-71.038246,0.90,74.00,39.67
"Jul 6 2009 11:24:42",42.313763,-71.03825,1.14,74.00,39.67
"Jul 6 2009 11:24:43",42.313755,-71.03825,1.02,72.00,39.67
"Jul 6 2009 11:24:44",42.313763,-71.03826,1.02,73.00,39.67
"Jul 6 2009 11:24:45",42.313763,-71.03828,0.90,74.00,39.67
"Jul 6 2009 11:24:46",42.313755,-71.03828,1.02,74.00,39.67
"Jul 6 2009 11:24:47",42.313755,-71.038284,0.94,72.00,38.29
"Jul 6 2009 11:24:48",42.313755,-71.038284,0.98,72.00,39.67
"Jul 6 2009 11:24:49",42.313755,-71.038284,0.98,72.00,39.67
"Jul 6 2009 11:24:50",42.313755,-71.038284,0.98,72.00,38.29
"Jul 6 2009 11:24:51",42.313755,-71.03828,1.06,72.00,38.29
"Jul 6 2009 11:24:52",42.313755,-71.03828,0.98,71.00,39.67
"Jul 6 2009 11:24:53",42.313755,-71.03828,0.94,73.00,39.67
"Jul 6 2009 11:24:55",42.313755,-71.038284,0.66,74.00,38.29
"Jul 6 2009 11:24:56",42.313755,-71.038284,1.22,71.00,38.29
"Jul 6 2009 11:24:57",42.313763,-71.03829,1.14,72.00,38.29
"Jul 6 2009 11:24:58",42.313778,-71.0383,0.98,72.00,38.29
"Jul 6 2009 11:24:59",42.313793,-71.03831,0.74,74.00,38.29
"Jul 6 2009 11:25:00",42.313786,-71.03832,1.18,72.00,38.29
"Jul 6 2009 11:25:01",42.313778,-71.03834,0.86,72.00,38.29
"Jul 6 2009 11:25:02",42.313778,-71.03835,1.06,71.00,38.29
"Jul 6 2009 11:25:03",42.31377,-71.03837,1.22,71.00,38.29
"Jul 6 2009 11:25:04",42.313786,-71.038376,0.98,71.00,38.29
"Jul 6 2009 11:25:05",42.313793,-71.038376,0.78,72.00,38.29
"Jul 6 2009 11:25:06",42.31381,-71.03838,0.78,72.00,39.67
"Jul 6 2009 11:25:07",42.31382,-71.0384,1.22,72.00,38.29
"Jul 6 2009 11:25:08",42.313828,-71.03841,0.90,74.00,38.29
"Jul 6 2009 11:25:10",42.313835,-71.038414,0.70,74.00,38.29
"Jul 6 2009 11:25:11",42.313843,-71.03842,1.22,74.00,39.67
"Jul 6 2009 11:25:12",42.31385,-71.03842,1.06,74.00,38.29
"Jul 6 2009 11:25:13",42.313858,-71.03843,1.06,74.00,38.29
"Jul 6 2009 11:25:14",42.313866,-71.03843,0.94,73.00,38.29
"Jul 6 2009 11:25:15",42.313877,-71.03843,0.90,73.00,39.67
"Jul 6 2009 11:25:16",42.313885,-71.03843,0.90,74.00,38.29
"Jul 6 2009 11:25:17",42.313885,-71.03843,0.94,71.00,38.29
"Jul 6 2009 11:25:18",42.313885,-71.03844,0.70,72.00,38.29
"Jul 6 2009 11:25:19",42.313892,-71.03845,1.02,72.00,38.29
"Jul 6 2009 11:25:20",42.313892,-71.03847,1.06,72.00,38.29
"Jul 6 2009 11:25:21",42.313892,-71.038475,0.82,72.00,38.29
"Jul 6 2009 11:25:22",42.313908,-71.03848,1.02,72.00,38.29
"Jul 6 2009 11:25:24",42.3139,-71.03852,1.14,72.00,38.29
"Jul 6 2009 11:25:25",42.3139,-71.03853,0.86,72.00,38.29
"Jul 6 2009 11:25:26",42.313915,-71.038536,0.82,72.00,38.29
"Jul 6 2009 11:25:27",42.313908,-71.03854,1.22,74.00,38.29
"Jul 6 2009 11:25:28",42.3139,-71.03856,0.90,74.00,38.29
"Jul 6 2009 11:25:29",42.3139,-71.038574,0.62,74.00,38.29
"Jul 6 2009 11:25:30",42.3139,-71.03858,0.94,72.00,38.29
"Jul 6 2009 11:25:31",42.313908,-71.03859,0.98,72.00,38.29
"Jul 6 2009 11:25:32",42.313915,-71.0386,0.82,74.00,38.29
"Jul 6 2009 11:25:33",42.313915,-71.038605,1.06,74.00,38.29
"Jul 6 2009 11:25:34",42.313923,-71.038605,0.94,72.00,38.29
"Jul 6 2009 11:25:35",42.31393,-71.03861,1.10,72.00,38.29
"Jul 6 2009 11:25:36",42.313942,-71.03862,1.18,74.00,38.29
"Jul 6 2009 11:25:38",42.313957,-71.03863,0.98,74.00,38.29
"Jul 6 2009 11:25:39",42.313965,-71.03863,0.90,74.00,38.29
"Jul 6 2009 11:25:40",42.313972,-71.03864,0.94,74.00,38.29
"Jul 6 2009 11:25:41",42.313988,-71.03864,0.90,74.00,38.29
"Jul 6 2009 11:25:42",42.313988,-71.03865,1.10,72.00,38.29
"Jul 6 2009 11:25:43",42.313988,-71.03866,0.90,72.00,38.29
"Jul 6 2009 11:25:44",42.313988,-71.038666,1.18,72.00,38.29
"Jul 6 2009 11:25:45",42.314,-71.03867,0.94,74.00,38.29
"Jul 6 2009 11:25:46",42.314007,-71.03868,1.06,72.00,38.29
"Jul 6 2009 11:25:47",42.314007,-71.03869,1.02,72.00,38.29
"Jul 6 2009 11:25:48",42.314007,-71.03869,1.10,72.00,38.29
"Jul 6 2009 11:25:49",42.314014,-71.0387,1.02,72.00,38.29
"Jul 6 2009 11:25:50",42.314014,-71.038704,0.90,72.00,38.29
"Jul 6 2009 11:25:51",42.314014,-71.03871,1.18,72.00,38.29
"Jul 6 2009 11:25:53",42.314014,-71.038734,1.18,72.00,38.29
"Jul 6 2009 11:25:54",42.314014,-71.03874,0.70,72.00,38.29
"Jul 6 2009 11:25:55",42.314014,-71.03875,1.34,72.00,38.29
"Jul 6 2009 11:25:56",42.314014,-71.038765,0.86,72.00,38.29
"Jul 6 2009 11:25:57",42.314014,-71.03877,1.02,73.00,38.29
"Jul 6 2009 11:25:58",42.314007,-71.03878,0.94,72.00,36.90
"Jul 6 2009 11:25:59",42.314007,-71.038795,0.70,72.00,36.90
"Jul 6 2009 11:26:00",42.314,-71.0388,0.94,72.00,36.90
"Jul 6 2009 11:26:01",42.314,-71.03882,1.10,72.00,38.29
"Jul 6 2009 11:26:02",42.314,-71.038826,0.74,74.00,38.29
"Jul 6 2009 11:26:03",42.314,-71.03883,1.34,71.00,38.29
"Jul 6 2009 11:26:04",42.313988,-71.03884,0.94,71.00,38.29
"Jul 6 2009 11:26:05",42.313988,-71.03885,0.82,71.00,38.29
"Jul 6 2009 11:26:07",42.313988,-71.03886,1.10,71.00,38.29
"Jul 6 2009 11:26:08",42.313988,-71.038864,0.86,72.00,36.90
"Jul 6 2009 11:26:09",42.31398,-71.03887,1.02,73.00,36.90
"Jul 6 2009 11:26:10",42.31398,-71.03889,0.94,72.00,38.29
"Jul 6 2009 11:26:11",42.313972,-71.038895,0.94,72.00,36.90
"Jul 6 2009 11:26:12",42.313972,-71.0389,1.18,72.00,36.90
"Jul 6 2009 11:26:13",42.313965,-71.03892,0.94,74.00,36.90
"Jul 6 2009 11:26:14",42.313965,-71.038925,1.38,72.00,38.29
"Jul 6 2009 11:26:15",42.313965,-71.03894,1.02,72.00,36.90
"Jul 6 2009 11:26:16",42.313965,-71.03895,1.06,72.00,36.90
"Jul 6 2009 11:26:17",42.313965,-71.038956,1.30,72.00,36.90
"Jul 6 2009 11:26:18",42.313965,-71.038956,1.06,71.00,38.29
"Jul 6 2009 11:26:19",42.313965,-71.03896,1.06,71.00,36.90
"Jul 6 2009 11:26:20",42.313965,-71.03897,1.02,74.00,36.90
"Jul 6 2009 11:26:22",42.313957,-71.038994,0.98,71.00,36.90
"Jul 6 2009 11:26:23",42.31395,-71.038994,1.10,71.00,38.29
"Jul 6 2009 11:26:24",42.31395,-71.03901,1.06,71.00,36.90
"Jul 6 2009 11:26:25",42.31395,-71.03901,0.98,71.00,36.90
"Jul 6 2009 11:26:26",42.31395,-71.03902,0.86,72.00,38.29
"Jul 6 2009 11:26:27",42.31395,-71.039024,1.22,71.00,38.29
"Jul 6 2009 11:26:28",42.313957,-71.03903,0.82,71.00,36.90
"Jul 6 2009 11:26:29",42.31395,-71.03904,0.94,72.00,38.29
"Jul 6 2009 11:26:30",42.31395,-71.03905,1.18,72.00,36.90
"Jul 6 2009 11:26:31",42.31395,-71.039055,0.98,72.00,38.29
"Jul 6 2009 11:26:32",42.31395,-71.03907,0.98,72.00,36.90
"Jul 6 2009 11:26:33",42.31395,-71.03908,0.94,72.00,38.29
"Jul 6 2009 11:26:34",42.31395,-71.039085,1.06,72.00,38.29
"Jul 6 2009 11:26:36",42.31395,-71.0391,1.02,72.00,38.29
"Jul 6 2009 11:26:37",42.31395,-71.0391,1.06,72.00,38.29
"Jul 6 2009 11:26:38",42.313942,-71.03911,1.02,74.00,38.29
"Jul 6 2009 11:26:39",42.313942,-71.03911,0.94,74.00,38.29
"Jul 6 2009 11:26:40",42.313942,-71.03911,1.10,72.00,38.29
"Jul 6 2009 11:26:41",42.313942,-71.03911,1.14,74.00,38.29
"Jul 6 2009 11:26:42",42.31393,-71.039116,0.94,74.00,38.29
"Jul 6 2009 11:26:43",42.31393,-71.03913,1.26,74.00,36.90
"Jul 6 2009 11:26:44",42.313923,-71.03913,0.78,74.00,38.29
"Jul 6 2009 11:26:45",42.313923,-71.03914,1.18,74.00,38.29
"Jul 6 2009 11:26:46",42.313915,-71.03915,1.18,74.00,38.29
"Jul 6 2009 11:26:47",42.313915,-71.039154,1.26,74.00,38.29
"Jul 6 2009 11:26:48",42.313908,-71.03916,1.06,74.00,38.29
"Jul 6 2009 11:26:50",42.313892,-71.039185,0.82,74.00,38.29
"Jul 6 2009 11:26:51",42.313885,-71.03919,0.90,74.00,38.29
"Jul 6 2009 11:26:52",42.313885,-71.03921,1.26,74.00,38.29
"Jul 6 2009 11:26:53",42.313877,-71.039215,1.02,74.00,38.29
"Jul 6 2009 11:26:54",42.313866,-71.03922,0.74,74.00,38.29
"Jul 6 2009 11:26:55",42.313866,-71.03924,1.22,74.00,38.29
"Jul 6 2009 11:26:56",42.313858,-71.03925,1.06,74.00,38.29
"Jul 6 2009 11:26:57",42.31385,-71.03927,0.90,74.00,38.29
"Jul 6 2009 11:26:58",42.313843,-71.039276,1.18,74.00,36.90
"Jul 6 2009 11:26:59",42.313835,-71.03929,1.02,74.00,38.29
"Jul 6 2009 11:27:00",42.313828,-71.03931,0.74,74.00,36.90
"Jul 6 2009 11:27:01",42.31382,-71.039314,1.10,74.00,38.29
"Jul 6 2009 11:27:02",42.31381,-71.03933,1.02,74.00,36.90
"Jul 6 2009 11:27:03",42.3138,-71.039345,1.10,74.00,38.29
"Jul 6 2009 11:27:05",42.313793,-71.03935,1.10,74.00,36.90
"Jul 6 2009 11:27:06",42.313786,-71.03935,0.78,74.00,38.29
"Jul 6 2009 11:27:07",42.313778,-71.03936,1.02,74.00,36.90
"Jul 6 2009 11:27:08",42.313778,-71.03936,1.02,74.00,36.90
"Jul 6 2009 11:27:09",42.31377,-71.039375,0.82,74.00,36.90
"Jul 6 2009 11:27:10",42.31377,-71.039375,1.02,72.00,36.90
"Jul 6 2009 11:27:11",42.31377,-71.039375,0.90,72.00,36.90
"Jul 6 2009 11:27:12",42.313778,-71.039375,0.82,74.00,36.90
"Jul 6 2009 11:27:13",42.313786,-71.03936,1.26,74.00,36.90
"Jul 6 2009 11:27:14",42.313786,-71.03935,1.22,74.00,36.90
"Jul 6 2009 11:27:15",42.313793,-71.03935,1.26,74.00,36.90
"Jul 6 2009 11:27:16",42.313793,-71.039345,1.06,74.00,38.29
"Jul 6 2009 11:27:17",42.313793,-71.039345,1.02,74.00,38.29
"Jul 6 2009 11:27:19",42.3138,-71.03933,1.06,74.00,36.90
"Jul 6 2009 11:27:20",42.31381,-71.03933,1.18,74.00,36.90
"Jul 6 2009 11:27:21",42.31381,-71.03934,1.10,74.00,36.90
"Jul 6 2009 11:27:22",42.3138,-71.039345,0.94,74.00,36.90
"Jul 6 2009 11:27:23",42.3138,-71.03935,1.06,74.00,36.90
"Jul 6 2009 11:27:24",42.313793,-71.039375,1.06,74.00,38.29
"Jul 6 2009 11:27:25",42.313793,-71.03938,1.06,72.00,38.29
"Jul 6 2009 11:27:26",42.313786,-71.0394,0.90,71.00,38.29
"Jul 6 2009 11:27:27",42.313778,-71.039406,1.02,71.00,36.90
"Jul 6 2009 11:27:28",42.313778,-71.03942,0.94,71.00,36.90
"Jul 6 2009 11:27:29",42.313778,-71.03944,1.06,71.00,36.90
"Jul 6 2009 11:27:30",42.313778,-71.039444,0.98,69.00,38.29
"Jul 6 2009 11:27:31",42.313778,-71.03945,1.26,70.00,36.90
"Jul 6 2009 11:27:33",42.31377,-71.03946,0.98,69.00,36.90
"Jul 6 2009 11:27:34",42.31377,-71.03946,0.82,69.00,36.90
"Jul 6 2009 11:27:35",42.31377,-71.03946,1.10,66.00,36.90
"Jul 6 2009 11:27:36",42.313778,-71.03945,0.82,67.00,36.90
"Jul 6 2009 11:27:37",42.313786,-71.039444,0.94,63.00,36.90
"Jul 6 2009 11:27:38",42.3138,-71.03944,0.90,50.00,36.90
"Jul 6 2009 11:27:39",42.31382,-71.03943,0.90,49.00,36.90
"Jul 6 2009 11:27:40",42.313828,-71.03943,1.14,43.00,36.90
"Jul 6 2009 11:27:41",42.313843,-71.03943,0.82,47.00,36.90
"Jul 6 2009 11:27:42",42.313858,-71.03943,0.94,34.00,36.90
"Jul 6 2009 11:27:43",42.313858,-71.03944,1.14,41.00,36.90
"Jul 6 2009 11:27:44",42.313858,-71.039444,0.82,47.00,38.29
"Jul 6 2009 11:27:45",42.313866,-71.039444,0.94,39.00,36.90
"Jul 6 2009 11:27:46",42.313843,-71.03945,0.98,29.00,36.90
"Jul 6 2009 11:27:48",42.313843,-71.039474,1.26,29.00,36.90
"Jul 6 2009 11:27:49",42.313843,-71.03948,1.10,22.00,36.90
"Jul 6 2009 11:27:50",42.313843,-71.039505,0.94,7.00,36.90
"Jul 6 2009 11:27:51",42.313858,-71.03953,1.14,1.00,36.90
"Jul 6 2009 11:27:52",42.313866,-71.039536,0.90,1.00,36.90
"Jul 6 2009 11:27:53",42.313877,-71.03955,0.90,1.00,36.90
"Jul 6 2009 11:27:54",42.313877,-71.039566,0.62,1.00,36.90
"Jul 6 2009 11:27:55",42.313858,-71.03959,1.22,1.00,36.90
"Jul 6 2009 11:27:56",42.313858,-71.0396,1.18,7.00,36.90
"Jul 6 2009 11:27:57",42.313843,-71.039635,0.94,10.00,36.90
"Jul 6 2009 11:27:58",42.31385,-71.03966,0.98,0.00,36.90
"Jul 6 2009 11:27:59",42.313866,-71.039665,1.18,3.00,36.90
"Jul 6 2009 11:28:00",42.313877,-71.03967,1.02,3.00,36.90
"Jul 6 2009 11:28:02",42.31395,-71.03967,1.02,0.00,36.90
"Jul 6 2009 11:28:03",42.313972,-71.03968,1.02,0.00,36.90
"Jul 6 2009 11:28:04",42.314,-71.039696,0.70,1.00,36.90
"Jul 6 2009 11:28:05",42.314007,-71.03972,0.86,2.00,36.90
"Jul 6 2009 11:28:06",42.314022,-71.03974,1.10,2.00,36.90
"Jul 6 2009 11:28:07",42.314037,-71.03976,1.18,4.00,36.90
"Jul 6 2009 11:28:08",42.314053,-71.03977,1.06,6.00,36.90
"Jul 6 2009 11:28:09",42.31407,-71.039795,1.14,14.00,36.90
"Jul 6 2009 11:28:10",42.31407,-71.039795,0.98,3.00,36.90
"Jul 6 2009 11:28:11",42.31407,-71.039795,0.86,5.00,36.90
"Jul 6 2009 11:28:12",42.31407,-71.039795,0.98,7.00,36.90
"Jul 6 2009 11:28:13",42.31407,-71.039795,0.94,11.00,36.90
"Jul 6 2009 11:28:15",42.31407,-71.039795,0.94,13.00,36.90
"Jul 6 2009 11:28:16",42.31407,-71.039795,0.74,13.00,36.90
"Jul 6 2009 11:28:17",42.31407,-71.039795,0.90,10.00,36.90
"Jul 6 2009 11:28:18",42.31407,-71.039795,0.86,10.00,36.90
"Jul 6 2009 11:28:19",42.31407,-71.039795,1.06,7.00,36.90
"Jul 6 2009 11:28:20",42.31407,-71.039795,1.22,0.00,36.90
"Jul 6 2009 11:28:21",42.31407,-71.039795,1.10,5.00,36.90
"Jul 6 2009 11:28:22",42.31407,-71.039795,1.02,11.00,36.90
"Jul 6 2009 11:28:23",42.31407,-71.039795,0.74,4.00,36.90
"Jul 6 2009 11:28:24",42.31407,-71.039795,0.94,13.00,36.90
"Jul 6 2009 11:28:25",42.31407,-71.039795,1.14,0.00,35.52
"Jul 6 2009 11:28:26",42.31407,-71.039795,0.90,0.00,36.90
"Jul 6 2009 11:28:28",42.31407,-71.039795,0.98,1.00,36.90
"Jul 6 2009 11:28:29",42.31407,-71.039795,0.98,1.00,36.90
"Jul 6 2009 11:28:30",42.31407,-71.039795,1.02,1.00,36.90
"Jul 6 2009 11:28:31",42.31407,-71.039795,0.98,1.00,36.90
"Jul 6 2009 11:28:32",42.31407,-71.039795,1.02,1.00,36.90
"Jul 6 2009 11:28:33",42.31407,-71.039795,1.02,1.00,36.90
"Jul 6 2009 11:28:34",42.31407,-71.039795,0.98,1.00,36.90
"Jul 6 2009 11:28:35",42.31407,-71.039795,0.98,1.00,36.90
"Jul 6 2009 11:28:36",42.31407,-71.039795,0.98,1.00,36.90
"Jul 6 2009 11:28:37",42.31407,-71.039795,1.02,1.00,36.90
"Jul 6 2009 11:28:38",42.31407,-71.039795,0.98,2.00,36.90
"Jul 6 2009 11:28:39",42.31407,-71.039795,0.98,1.00,36.90
"Jul 6 2009 11:28:40",42.31407,-71.039795,0.82,1.00,36.90
"Jul 6 2009 11:28:42",42.31407,-71.039795,0.94,1.00,36.90
"Jul 6 2009 11:28:43",42.31407,-71.039795,0.90,2.00,36.90
"Jul 6 2009 11:28:44",42.31407,-71.039795,0.94,2.00,36.90
"Jul 6 2009 11:28:45",42.31407,-71.039795,1.02,2.00,36.90
"Jul 6 2009 11:28:46",42.31407,-71.039795,1.06,2.00,36.90
"Jul 6 2009 11:28:47",42.31407,-71.039795,1.02,0.00,36.90
"Jul 6 2009 11:28:48",42.31407,-71.039795,0.98,1.00,36.90
"Jul 6 2009 11:28:49",42.31407,-71.039795,1.06,1.00,36.90
"Jul 6 2009 11:28:50",42.31407,-71.039795,0.98,0.00,36.90
"Jul 6 2009 11:28:51",42.31407,-71.039795,0.98,0.00,36.90
"Jul 6 2009 11:28:52",42.31407,-71.039795,1.02,0.00,36.90
"Jul 6 2009 11:28:53",42.31407,-71.039795,0.94,0.00,36.90
"Jul 6 2009 11:28:54",42.31407,-71.039795,0.90,0.00,36.90
"Jul 6 2009 11:28:56",42.31407,-71.039795,1.14,1.00,36.90
"Jul 6 2009 11:28:57",42.31407,-71.039795,1.02,6.00,36.90
"Jul 6 2009 11:28:58",42.31407,-71.039795,0.82,9.00,36.90
"Jul 6 2009 11:28:59",42.31407,-71.039795,0.94,4.00,36.90
"Jul 6 2009 11:29:00",42.31407,-71.039795,1.22,8.00,36.90
"Jul 6 2009 11:29:01",42.31407,-71.039795,1.06,11.00,36.90
"Jul 6 2009 11:29:02",42.31407,-71.039795,0.98,9.00,36.90
"Jul 6 2009 11:29:03",42.31407,-71.039795,0.70,5.00,36.90
"Jul 6 2009 11:29:04",42.31407,-71.039795,1.26,9.00,36.90
"Jul 6 2009 11:29:05",42.31407,-71.039795,1.02,26.00,36.90
"Jul 6 2009 11:29:06",42.31407,-71.039795,0.98,1.00,36.90
"Jul 6 2009 11:29:07",42.31407,-71.039795,1.14,0.00,36.90
"Jul 6 2009 11:29:08",42.31407,-71.039795,1.06,0.00,36.90
"Jul 6 2009 11:29:10",42.31407,-71.039795,0.90,0.00,36.90
"Jul 6 2009 11:29:11",42.31407,-71.039795,0.78,3.00,36.90
"Jul 6 2009 11:29:12",42.31407,-71.039795,0.98,30.00,36.90
"Jul 6 2009 11:29:13",42.31407,-71.039795,1.06,4.00,35.52
"Jul 6 2009 11:29:14",42.31407,-71.039795,0.78,0.00,36.90
"Jul 6 2009 11:29:15",42.31407,-71.039795,1.18,2.00,36.90
"Jul 6 2009 11:29:16",42.31407,-71.039795,1.06,1.00,36.90
"Jul 6 2009 11:29:17",42.31407,-71.039795,0.90,6.00,36.90
"Jul 6 2009 11:29:18",42.31407,-71.039795,1.14,1.00,36.90
"Jul 6 2009 11:29:19",42.31407,-71.039795,1.02,1.00,35.52
"Jul 6 2009 11:29:20",42.31407,-71.039795,1.06,4.00,36.90
"Jul 6 2009 11:29:21",42.31407,-71.039795,0.94,4.00,36.90
"Jul 6 2009 11:29:23",42.31407,-71.039795,1.14,6.00,35.52
"Jul 6 2009 11:29:24",42.31407,-71.039795,0.98,3.00,36.90
"Jul 6 2009 11:29:25",42.31407,-71.039795,1.10,0.00,36.90
"Jul 6 2009 11:29:26",42.31407,-71.039795,1.10,0.00,36.90
"Jul 6 2009 11:29:27",42.31407,-71.039795,0.90,3.00,36.90
"Jul 6 2009 11:29:28",42.31407,-71.039795,1.38,28.00,36.90
"Jul 6 2009 11:29:29",42.31407,-71.039795,1.10,17.00,36.90
"Jul 6 2009 11:29:30",42.31407,-71.039795,0.98,9.00,36.90
"Jul 6 2009 11:29:31",42.31407,-71.039795,1.06,7.00,36.90
"Jul 6 2009 11:29:32",42.31407,-71.039795,0.90,10.00,36.90
"Jul 6 2009 11:29:33",42.31407,-71.039795,1.02,24.00,36.90
"Jul 6 2009 11:29:34",42.31407,-71.039795,1.02,22.00,36.90
"Jul 6 2009 11:29:35",42.31407,-71.039795,0.78,17.00,36.90
"Jul 6 2009 11:29:37",42.31407,-71.039795,0.94,11.00,36.90
"Jul 6 2009 11:29:38",42.31407,-71.039795,1.02,13.00,36.90
"Jul 6 2009 11:29:39",42.31407,-71.039795,0.90,18.00,36.90
"Jul 6 2009 11:29:40",42.31407,-71.039795,0.86,8.00,36.90
"Jul 6 2009 11:29:41",42.31407,-71.039795,1.02,32.00,36.90
"Jul 6 2009 11:29:42",42.31407,-71.039795,1.02,33.00,36.90
"Jul 6 2009 11:29:43",42.31407,-71.039795,1.02,34.00,36.90
"Jul 6 2009 11:29:44",42.31407,-71.039795,0.98,34.00,36.90
"Jul 6 2009 11:29:45",42.31407,-71.039795,0.98,10.00,35.52
"Jul 6 2009 11:29:46",42.31407,-71.039795,1.02,9.00,36.90
"Jul 6 2009 11:29:47",42.31407,-71.039795,0.98,20.00,35.52
"Jul 6 2009 11:29:48",42.31407,-71.039795,0.94,5.00,35.52
"Jul 6 2009 11:29:49",42.31407,-71.039795,0.98,9.00,36.90
"Jul 6 2009 11:29:51",42.31407,-71.039795,0.98,11.00,35.52
"Jul 6 2009 11:29:52",42.31407,-71.039795,0.94,20.00,36.90
"Jul 6 2009 11:29:53",42.31407,-71.039795,0.94,20.00,36.90
"Jul 6 2009 11:29:54",42.31407,-71.039795,0.98,17.00,35.52
"Jul 6 2009 11:29:55",42.31407,-71.039795,0.94,15.00,36.90
"Jul 6 2009 11:29:56",42.31407,-71.039795,0.98,16.00,36.90
"Jul 6 2009 11:29:57",42.31407,-71.039795,0.98,19.00,36.90
"Jul 6 2009 11:29:58",42.31407,-71.039795,1.10,20.00,36.90
"Jul 6 2009 11:29:59",42.31407,-71.039795,1.02,18.00,36.90
"Jul 6 2009 11:30:00",42.31407,-71.039795,0.98,19.00,36.90
"Jul 6 2009 11:30:01",42.31407,-71.039795,0.98,34.00,36.90
"Jul 6 2009 11:30:02",42.31407,-71.039795,1.02,18.00,36.90
"Jul 6 2009 11:30:04",42.31407,-71.039795,1.02,23.00,36.90
"Jul 6 2009 11:30:05",42.31407,-71.039795,0.98,24.00,36.90
"Jul 6 2009 11:30:06",42.31407,-71.039795,0.98,30.00,35.52
"Jul 6 2009 11:30:07",42.31407,-71.039795,1.02,31.00,36.90
"Jul 6 2009 11:30:08",42.31407,-71.039795,1.02,20.00,36.90
"Jul 6 2009 11:30:09",42.31407,-71.039795,0.98,29.00,36.90
"Jul 6 2009 11:30:10",42.31407,-71.039795,0.98,29.00,36.90
"Jul 6 2009 11:30:11",42.31407,-71.039795,0.98,29.00,36.90
"Jul 6 2009 11:30:12",42.31407,-71.039795,1.02,28.00,36.90
"Jul 6 2009 11:30:13",42.31407,-71.039795,1.02,30.00,36.90
"Jul 6 2009 11:30:14",42.31407,-71.039795,1.02,30.00,36.90
"Jul 6 2009 11:30:15",42.31407,-71.039795,1.02,30.00,36.90
"Jul 6 2009 11:30:16",42.31407,-71.039795,0.98,30.00,36.90
"Jul 6 2009 11:30:18",42.31407,-71.039795,1.02,30.00,36.90
"Jul 6 2009 11:30:19",42.31407,-71.039795,0.98,30.00,36.90
"Jul 6 2009 11:30:20",42.31407,-71.039795,1.02,30.00,36.90
"Jul 6 2009 11:30:21",42.31407,-71.039795,1.02,29.00,36.90
"Jul 6 2009 11:30:22",42.31407,-71.039795,0.98,29.00,36.90
"Jul 6 2009 11:30:23",42.31407,-71.039795,1.02,14.00,36.90
"Jul 6 2009 11:30:24",42.31407,-71.039795,1.02,25.00,36.90
"Jul 6 2009 11:30:25",42.31407,-71.039795,0.98,24.00,36.90
"Jul 6 2009 11:30:26",42.31407,-71.039795,1.02,29.00,36.90
"Jul 6 2009 11:30:27",42.31407,-71.039795,1.02,30.00,36.90
"Jul 6 2009 11:30:28",42.31407,-71.039795,0.98,29.00,36.90
"Jul 6 2009 11:30:29",42.31407,-71.039795,0.98,29.00,36.90
"Jul 6 2009 11:30:30",42.31407,-71.039795,0.98,30.00,36.90
"Jul 6 2009 11:30:32",42.31407,-71.039795,0.98,30.00,36.90
"Jul 6 2009 11:30:33",42.31407,-71.039795,1.02,29.00,36.90
"Jul 6 2009 11:30:34",42.31407,-71.039795,1.02,29.00,36.90
"Jul 6 2009 11:30:35",42.31407,-71.039795,0.98,30.00,36.90
"Jul 6 2009 11:30:36",42.31407,-71.039795,0.98,30.00,36.90
"Jul 6 2009 11:30:37",42.31407,-71.039795,1.02,30.00,36.90
"Jul 6 2009 11:30:38",42.31407,-71.039795,0.98,30.00,36.90
"Jul 6 2009 11:30:39",42.31407,-71.039795,1.02,30.00,36.90
"Jul 6 2009 11:30:40",42.31407,-71.039795,1.02,30.00,36.90
"Jul 6 2009 11:30:41",42.31407,-71.039795,0.98,30.00,36.90
"Jul 6 2009 11:30:42",42.31407,-71.039795,1.02,30.00,36.90
"Jul 6 2009 11:30:43",42.31407,-71.039795,0.98,30.00,36.90
"Jul 6 2009 11:30:44",42.31407,-71.039795,0.98,30.00,35.52
"Jul 6 2009 11:30:46",42.31407,-71.039795,0.98,30.00,36.90
"Jul 6 2009 11:30:47",42.31407,-71.039795,1.02,30.00,36.90
"Jul 6 2009 11:30:48",42.31407,-71.039795,1.02,30.00,36.90
"Jul 6 2009 11:30:49",42.31407,-71.039795,1.02,30.00,35.52
"Jul 6 2009 11:30:50",42.31407,-71.039795,0.98,30.00,36.90
"Jul 6 2009 11:30:51",42.31407,-71.039795,1.02,30.00,36.90
"Jul 6 2009 11:30:52",42.31407,-71.039795,0.98,30.00,36.90
"Jul 6 2009 11:30:53",42.31407,-71.039795,1.02,30.00,36.90
"Jul 6 2009 11:30:54",42.31407,-71.039795,1.02,27.00,36.90
"Jul 6 2009 11:30:55",42.31407,-71.039795,0.98,28.00,35.52
"Jul 6 2009 11:30:56",42.31407,-71.039795,0.98,29.00,35.52
"Jul 6 2009 11:30:57",42.31407,-71.039795,0.98,30.00,35.52
"Jul 6 2009 11:30:58",42.31407,-71.039795,1.02,12.00,36.90
"Jul 6 2009 11:31:00",42.31407,-71.039795,0.98,11.00,35.52
"Jul 6 2009 11:31:01",42.31407,-71.039795,0.98,20.00,35.52
"Jul 6 2009 11:31:02",42.31407,-71.039795,1.02,23.00,36.90
