time,lat,lon,acc,light,temp
"Jul 6 2009 15:24:48",0.0,0.0,0.78,8.00,17.52
"Jul 6 2009 15:24:49",0.0,0.0,0.78,8.00,17.52
"Jul 6 2009 15:24:50",0.0,0.0,0.78,7.00,18.91
"Jul 6 2009 15:24:52",0.0,0.0,0.78,7.00,17.52
"Jul 6 2009 15:24:53",0.0,0.0,0.78,7.00,18.91
"Jul 6 2009 15:24:54",0.0,0.0,0.78,7.00,18.91
"Jul 6 2009 15:24:55",0.0,0.0,0.78,7.00,18.91
"Jul 6 2009 15:24:56",0.0,0.0,0.78,7.00,17.52
"Jul 6 2009 15:24:57",0.0,0.0,0.78,6.00,18.91
"Jul 6 2009 15:24:58",0.0,0.0,0.78,8.00,17.52
"Jul 6 2009 15:24:59",0.0,0.0,0.78,8.00,18.91
"Jul 6 2009 15:25:00",0.0,0.0,0.78,8.00,17.52
"Jul 6 2009 15:25:01",0.0,0.0,0.78,7.00,17.52
"Jul 6 2009 15:25:02",0.0,0.0,0.78,8.00,18.91
"Jul 6 2009 15:25:03",0.0,0.0,0.78,8.00,18.91
"Jul 6 2009 15:25:05",0.0,0.0,0.78,8.00,18.91
"Jul 6 2009 15:25:06",0.0,0.0,0.78,5.00,18.91
"Jul 6 2009 15:25:07",0.0,0.0,0.78,8.00,18.91
"Jul 6 2009 15:25:08",0.0,0.0,0.78,7.00,18.91
"Jul 6 2009 15:25:09",0.0,0.0,0.78,7.00,18.91
"Jul 6 2009 15:25:10",0.0,0.0,0.78,7.00,17.52
"Jul 6 2009 15:25:11",0.0,0.0,0.78,7.00,18.91
"Jul 6 2009 15:25:12",0.0,0.0,0.78,7.00,18.91
"Jul 6 2009 15:25:13",0.0,0.0,0.78,7.00,18.91
"Jul 6 2009 15:25:14",0.0,0.0,0.78,7.00,18.91
"Jul 6 2009 15:25:15",0.0,0.0,0.78,7.00,18.91
"Jul 6 2009 15:25:16",0.0,0.0,0.78,7.00,17.52
"Jul 6 2009 15:25:18",0.0,0.0,0.78,7.00,18.91
"Jul 6 2009 15:25:19",0.0,0.0,0.78,1.00,17.52
"Jul 6 2009 15:25:20",0.0,0.0,0.82,7.00,17.52
"Jul 6 2009 15:25:21",0.0,0.0,0.78,7.00,18.91
"Jul 6 2009 15:25:22",0.0,0.0,0.78,7.00,18.91
"Jul 6 2009 15:25:23",0.0,0.0,0.78,7.00,17.52
"Jul 6 2009 20:01:24",0.0,0.0,0.98,19.00,36.90
"Jul 6 2009 20:01:25",0.0,0.0,0.98,20.00,36.90
"Jul 6 2009 20:01:26",0.0,0.0,0.94,20.00,36.90
"Jul 6 2009 20:01:27",0.0,0.0,0.94,23.00,36.90
"Jul 6 2009 20:01:29",0.0,0.0,1.02,23.00,36.90
"Jul 6 2009 20:01:30",0.0,0.0,0.98,24.00,36.90
"Jul 6 2009 20:01:31",0.0,0.0,0.98,24.00,36.90
"Jul 6 2009 20:01:32",0.0,0.0,0.94,24.00,36.90
"Jul 6 2009 20:01:33",0.0,0.0,0.98,23.00,36.90
"Jul 6 2009 20:01:34",0.0,0.0,0.98,23.00,36.90
"Jul 6 2009 20:05:04",0.0,0.0,0.98,9.00,35.52
"Jul 6 2009 20:05:06",0.0,0.0,1.02,4.00,35.52
"Jul 6 2009 20:05:07",0.0,0.0,1.02,0.00,35.52
"Jul 6 2009 20:05:08",0.0,0.0,0.90,0.00,35.52
"Jul 6 2009 20:05:09",0.0,0.0,0.94,0.00,35.52
"Jul 6 2009 20:05:10",0.0,0.0,0.78,1.00,35.52
"Jul 6 2009 20:05:11",0.0,0.0,1.02,1.00,35.52
"Jul 6 2009 20:05:12",0.0,0.0,1.18,1.00,35.52
"Jul 6 2009 20:05:13",0.0,0.0,0.98,1.00,35.52
"Jul 6 2009 20:05:14",0.0,0.0,1.02,0.00,35.52
"Jul 6 2009 20:05:15",0.0,0.0,0.94,1.00,35.52
"Jul 6 2009 20:05:16",0.0,0.0,0.98,1.00,35.52
"Jul 6 2009 20:05:17",0.0,0.0,0.98,3.00,35.52
"Jul 6 2009 20:05:19",0.0,0.0,0.98,3.00,35.52
"Jul 6 2009 20:05:20",0.0,0.0,1.02,3.00,35.52
"Jul 6 2009 20:05:21",0.0,0.0,0.94,2.00,35.52
"Jul 6 2009 20:05:22",0.0,0.0,0.94,1.00,35.52
"Jul 6 2009 20:05:23",0.0,0.0,0.94,2.00,35.52
"Jul 6 2009 20:05:24",0.0,0.0,1.02,3.00,35.52
"Jul 6 2009 20:05:25",0.0,0.0,1.02,1.00,35.52
"Jul 6 2009 20:05:26",0.0,0.0,1.02,1.00,35.52
"Jul 6 2009 20:05:27",0.0,0.0,0.98,1.00,35.52
"Jul 6 2009 20:05:28",0.0,0.0,0.90,2.00,35.52
"Jul 6 2009 20:05:29",0.0,0.0,0.94,0.00,35.52
"Jul 6 2009 20:05:31",0.0,0.0,0.98,0.00,35.52
"Jul 6 2009 20:05:32",0.0,0.0,0.90,1.00,35.52
"Jul 6 2009 20:05:33",0.0,0.0,0.94,1.00,35.52
"Jul 6 2009 20:05:34",0.0,0.0,0.94,1.00,35.52
"Jul 6 2009 20:05:35",0.0,0.0,0.98,1.00,35.52
"Jul 6 2009 20:05:36",0.0,0.0,1.06,0.00,35.52
"Jul 6 2009 20:05:37",0.0,0.0,0.98,1.00,35.52
"Jul 6 2009 20:05:38",0.0,0.0,0.94,1.00,35.52
"Jul 6 2009 20:05:39",0.0,0.0,1.02,1.00,35.52
"Jul 6 2009 20:05:40",0.0,0.0,1.02,0.00,35.52
"Jul 6 2009 20:05:41",0.0,0.0,0.70,0.00,35.52
"Jul 6 2009 20:05:42",0.0,0.0,0.86,3.00,35.52
"Jul 6 2009 20:05:44",0.0,0.0,1.14,14.00,35.52
"Jul 6 2009 20:05:45",0.0,0.0,0.78,3.00,35.52
"Jul 6 2009 20:05:46",0.0,0.0,1.34,0.00,35.52
"Jul 6 2009 20:05:47",0.0,0.0,1.10,16.00,35.52
"Jul 6 2009 20:05:48",0.0,0.0,0.74,4.00,35.52
"Jul 6 2009 20:05:49",0.0,0.0,1.30,0.00,35.52
"Jul 6 2009 20:05:50",0.0,0.0,1.06,0.00,35.52
"Jul 6 2009 20:05:51",0.0,0.0,0.90,0.00,35.52
"Jul 6 2009 20:05:52",0.0,0.0,1.10,0.00,35.52
"Jul 6 2009 20:05:53",0.0,0.0,1.10,1.00,35.52
"Jul 6 2009 20:05:54",0.0,0.0,0.98,2.00,35.52
"Jul 6 2009 20:05:55",0.0,0.0,0.94,2.00,35.52
"Jul 6 2009 20:05:57",0.0,0.0,0.98,9.00,35.52
"Jul 6 2009 20:05:58",0.0,0.0,1.22,4.00,35.52
"Jul 6 2009 20:05:59",0.0,0.0,0.98,0.00,35.52
"Jul 6 2009 20:06:00",0.0,0.0,1.10,0.00,35.52
"Jul 6 2009 20:06:01",0.0,0.0,1.06,2.00,35.52
"Jul 6 2009 20:06:02",0.0,0.0,1.22,4.00,35.52
"Jul 6 2009 20:06:03",0.0,0.0,1.02,1.00,35.52
"Jul 6 2009 20:06:04",0.0,0.0,1.22,0.00,35.52
"Jul 6 2009 20:06:05",0.0,0.0,1.18,1.00,35.52
"Jul 6 2009 20:06:06",0.0,0.0,1.06,0.00,35.52
"Jul 6 2009 20:06:07",0.0,0.0,0.98,0.00,35.52
"Jul 6 2009 20:06:08",0.0,0.0,1.10,1.00,35.52
"Jul 6 2009 20:06:10",0.0,0.0,1.22,4.00,35.52
"Jul 6 2009 20:06:11",0.0,0.0,1.14,4.00,35.52
"Jul 6 2009 20:06:12",0.0,0.0,1.50,7.00,35.52
"Jul 6 2009 20:06:13",0.0,0.0,1.06,3.00,35.52
"Jul 6 2009 20:06:14",0.0,0.0,0.74,3.00,35.52
"Jul 6 2009 20:06:15",0.0,0.0,0.90,3.00,35.52
"Jul 6 2009 20:06:16",0.0,0.0,1.50,4.00,35.52
"Jul 6 2009 20:06:17",0.0,0.0,1.06,3.00,35.52
"Jul 6 2009 20:06:18",0.0,0.0,1.10,23.00,35.52
"Jul 6 2009 20:06:19",0.0,0.0,0.82,24.00,35.52
"Jul 6 2009 20:06:20",0.0,0.0,0.66,30.00,35.52
"Jul 6 2009 20:06:21",0.0,0.0,0.58,37.00,35.52
"Jul 6 2009 20:06:23",0.0,0.0,0.58,30.00,35.52
"Jul 6 2009 20:06:24",0.0,0.0,1.54,32.00,35.52
"Jul 6 2009 20:06:25",0.0,0.0,0.94,39.00,35.52
"Jul 6 2009 20:06:26",0.0,0.0,0.94,47.00,35.52
"Jul 6 2009 20:06:27",0.0,0.0,1.30,46.00,35.52
"Jul 6 2009 20:06:28",0.0,0.0,1.34,49.00,35.52
"Jul 6 2009 20:06:29",0.0,0.0,1.42,60.00,35.52
"Jul 6 2009 20:06:30",0.0,0.0,1.30,67.00,35.52
"Jul 6 2009 20:06:31",0.0,0.0,0.66,69.00,35.52
"Jul 6 2009 20:06:32",0.0,0.0,0.66,70.00,35.52
"Jul 6 2009 20:06:33",0.0,0.0,0.86,71.00,35.52
"Jul 6 2009 20:06:35",0.0,0.0,0.82,72.00,35.52
"Jul 6 2009 20:06:36",0.0,0.0,1.10,72.00,34.13
"Jul 6 2009 20:06:37",0.0,0.0,1.14,72.00,35.52
"Jul 6 2009 20:06:38",0.0,0.0,0.66,72.00,34.13
"Jul 6 2009 20:06:39",0.0,0.0,0.62,72.00,34.13
"Jul 6 2009 20:06:40",0.0,0.0,0.86,72.00,34.13
"Jul 6 2009 20:06:41",0.0,0.0,1.02,73.00,35.52
"Jul 6 2009 20:06:42",0.0,0.0,0.86,75.00,34.13
"Jul 6 2009 20:06:43",0.0,0.0,1.22,74.00,34.13
"Jul 6 2009 20:06:44",0.0,0.0,1.18,75.00,34.13
"Jul 6 2009 20:06:45",0.0,0.0,0.90,74.00,35.52
"Jul 6 2009 20:06:46",0.0,0.0,0.86,75.00,35.52
"Jul 6 2009 20:06:48",0.0,0.0,1.06,74.00,35.52
"Jul 6 2009 20:06:49",0.0,0.0,1.30,74.00,35.52
"Jul 6 2009 20:06:50",0.0,0.0,1.74,75.00,35.52
"Jul 6 2009 20:06:51",0.0,0.0,0.90,75.00,35.52
"Jul 6 2009 20:06:52",0.0,0.0,0.98,73.00,35.52
"Jul 6 2009 20:06:53",0.0,0.0,0.98,75.00,35.52
"Jul 6 2009 20:06:54",0.0,0.0,1.02,74.00,35.52
"Jul 6 2009 20:06:55",0.0,0.0,1.06,74.00,35.52
"Jul 6 2009 20:06:56",0.0,0.0,0.18,74.00,35.52
"Jul 6 2009 20:06:57",0.0,0.0,0.94,73.00,35.52
"Jul 6 2009 20:06:58",0.0,0.0,1.38,75.00,35.52
"Jul 6 2009 20:06:59",0.0,0.0,0.90,75.00,35.52
"Jul 6 2009 20:07:01",0.0,0.0,1.06,75.00,35.52
"Jul 6 2009 20:07:02",0.0,0.0,0.94,73.00,35.52
"Jul 6 2009 20:07:03",0.0,0.0,0.90,73.00,35.52
"Jul 6 2009 20:07:04",0.0,0.0,0.94,74.00,35.52
"Jul 6 2009 20:07:05",0.0,0.0,0.90,74.00,35.52
"Jul 6 2009 20:07:06",0.0,0.0,0.94,75.00,35.52
"Jul 6 2009 20:07:07",0.0,0.0,0.98,75.00,35.52
"Jul 6 2009 20:07:08",0.0,0.0,0.98,74.00,35.52
"Jul 6 2009 20:07:09",0.0,0.0,0.94,75.00,35.52
"Jul 6 2009 20:07:10",0.0,0.0,0.98,75.00,35.52
"Jul 6 2009 20:07:11",0.0,0.0,0.94,74.00,35.52
"Jul 6 2009 20:07:13",0.0,0.0,1.06,75.00,35.52
"Jul 6 2009 20:07:14",0.0,0.0,0.94,73.00,35.52
"Jul 6 2009 20:07:15",0.0,0.0,0.90,73.00,35.52
"Jul 6 2009 20:07:16",0.0,0.0,0.94,74.00,35.52
"Jul 6 2009 11:02:48",0.0,0.0,0.98,74.00,35.52
"Jul 6 2009 11:02:49",0.0,0.0,0.94,74.00,35.52
"Jul 6 2009 11:02:50",0.0,0.0,0.94,73.00,35.52
"Jul 6 2009 11:02:51",0.0,0.0,1.06,73.00,35.52
"Jul 6 2009 11:02:52",0.0,0.0,0.82,74.00,35.52
"Jul 6 2009 11:02:53",0.0,0.0,1.14,73.00,35.52
"Jul 6 2009 11:02:54",0.0,0.0,0.90,75.00,35.52
"Jul 6 2009 11:02:55",0.0,0.0,0.94,75.00,35.52
"Jul 6 2009 11:02:57",0.0,0.0,1.30,73.00,35.52
"Jul 6 2009 11:02:58",0.0,0.0,1.10,75.00,35.52
"Jul 6 2009 11:02:59",0.0,0.0,1.10,73.00,35.52
"Jul 6 2009 11:03:00",0.0,0.0,1.06,73.00,35.52
"Jul 6 2009 11:03:01",0.0,0.0,1.06,73.00,35.52
"Jul 6 2009 11:03:02",0.0,0.0,0.98,74.00,36.90
"Jul 6 2009 11:03:03",0.0,0.0,1.06,75.00,35.52
"Jul 6 2009 11:03:04",0.0,0.0,0.98,73.00,35.52
"Jul 6 2009 11:03:05",0.0,0.0,1.06,73.00,35.52
"Jul 6 2009 11:03:06",0.0,0.0,0.94,73.00,35.52
"Jul 6 2009 11:03:07",0.0,0.0,1.50,72.00,35.52
"Jul 6 2009 11:03:09",0.0,0.0,0.94,73.00,35.52
"Jul 6 2009 11:03:10",0.0,0.0,1.02,72.00,35.52
"Jul 6 2009 11:03:11",0.0,0.0,0.98,74.00,35.52
"Jul 6 2009 11:03:12",0.0,0.0,0.82,73.00,36.90
"Jul 6 2009 11:03:13",0.0,0.0,1.14,75.00,36.90
"Jul 6 2009 11:03:14",0.0,0.0,0.90,75.00,36.90
"Jul 6 2009 11:03:15",0.0,0.0,0.98,75.00,36.90
"Jul 6 2009 11:03:16",0.0,0.0,1.06,75.00,36.90
"Jul 6 2009 11:03:17",0.0,0.0,0.86,74.00,36.90
"Jul 6 2009 11:03:18",0.0,0.0,0.98,75.00,36.90
"Jul 6 2009 11:03:19",0.0,0.0,0.98,73.00,36.90
"Jul 6 2009 11:03:20",0.0,0.0,1.10,73.00,36.90
"Jul 6 2009 11:03:22",0.0,0.0,0.94,73.00,36.90
"Jul 6 2009 11:03:23",0.0,0.0,0.98,75.00,36.90
"Jul 6 2009 11:03:24",0.0,0.0,0.98,75.00,36.90
"Jul 6 2009 11:03:25",0.0,0.0,1.02,75.00,36.90
"Jul 6 2009 11:03:26",0.0,0.0,1.06,75.00,36.90
"Jul 6 2009 11:03:27",0.0,0.0,0.86,73.00,36.90
"Jul 6 2009 11:03:28",0.0,0.0,0.94,73.00,36.90
"Jul 6 2009 11:03:29",0.0,0.0,0.94,74.00,36.90
"Jul 6 2009 11:03:30",0.0,0.0,0.98,74.00,36.90
"Jul 6 2009 11:03:31",0.0,0.0,0.94,74.00,38.29
"Jul 6 2009 11:03:32",0.0,0.0,0.90,75.00,36.90
"Jul 6 2009 11:03:33",0.0,0.0,0.98,75.00,38.29
"Jul 6 2009 11:03:35",0.0,0.0,0.90,75.00,38.29
"Jul 6 2009 11:03:36",0.0,0.0,0.90,75.00,38.29
"Jul 6 2009 11:03:37",0.0,0.0,0.98,73.00,36.90
"Jul 6 2009 11:03:38",0.0,0.0,0.90,75.00,36.90
"Jul 6 2009 11:03:39",0.0,0.0,0.98,75.00,36.90
"Jul 6 2009 11:03:40",0.0,0.0,0.98,75.00,36.90
"Jul 6 2009 11:03:41",0.0,0.0,1.06,75.00,36.90
"Jul 6 2009 11:03:42",0.0,0.0,0.94,75.00,36.90
"Jul 6 2009 11:03:43",0.0,0.0,0.98,75.00,36.90
"Jul 6 2009 11:03:44",0.0,0.0,0.90,74.00,36.90
"Jul 6 2009 11:03:45",0.0,0.0,0.74,73.00,36.90
"Jul 6 2009 11:03:46",0.0,0.0,0.82,75.00,36.90
"Jul 6 2009 11:03:48",0.0,0.0,0.98,75.00,36.90
"Jul 6 2009 11:03:49",0.0,0.0,0.94,75.00,36.90
"Jul 6 2009 11:03:50",0.0,0.0,1.06,75.00,36.90
"Jul 6 2009 11:03:51",0.0,0.0,0.94,75.00,36.90
"Jul 6 2009 11:03:52",0.0,0.0,0.86,75.00,36.90
"Jul 6 2009 11:03:53",0.0,0.0,0.74,74.00,36.90
"Jul 6 2009 11:03:54",0.0,0.0,1.10,75.00,36.90
"Jul 6 2009 11:03:55",0.0,0.0,0.98,75.00,36.90
"Jul 6 2009 11:03:56",0.0,0.0,0.94,74.00,36.90
"Jul 6 2009 11:03:57",0.0,0.0,1.02,73.00,36.90
"Jul 6 2009 11:03:58",0.0,0.0,1.22,75.00,36.90
"Jul 6 2009 11:04:00",0.0,0.0,1.26,75.00,36.90
"Jul 6 2009 11:04:01",0.0,0.0,0.94,75.00,36.90
"Jul 6 2009 11:04:02",0.0,0.0,0.34,74.00,36.90
"Jul 6 2009 11:04:03",0.0,0.0,1.30,72.00,36.90
"Jul 6 2009 11:04:04",0.0,0.0,0.98,73.00,36.90
"Jul 6 2009 11:04:05",0.0,0.0,0.74,73.00,36.90
"Jul 6 2009 11:04:06",0.0,0.0,0.74,73.00,36.90
"Jul 6 2009 11:04:07",0.0,0.0,0.50,75.00,36.90
"Jul 6 2009 11:04:08",0.0,0.0,0.42,73.00,36.90
"Jul 6 2009 11:04:09",0.0,0.0,1.22,72.00,36.90
"Jul 6 2009 11:04:10",0.0,0.0,1.42,75.00,36.90
"Jul 6 2009 11:04:11",0.0,0.0,0.74,74.00,36.90
"Jul 6 2009 11:04:13",0.0,0.0,0.66,74.00,36.90
"Jul 6 2009 11:04:14",0.0,0.0,0.58,75.00,36.90
"Jul 6 2009 11:04:15",0.0,0.0,0.78,75.00,36.90
"Jul 6 2009 11:04:16",0.0,0.0,1.14,74.00,36.90
"Jul 6 2009 11:04:17",0.0,0.0,1.42,75.00,36.90
"Jul 6 2009 11:04:18",0.0,0.0,1.50,75.00,36.90
"Jul 6 2009 11:04:19",0.0,0.0,0.74,74.00,36.90
"Jul 6 2009 11:04:20",0.0,0.0,0.82,75.00,36.90
"Jul 6 2009 11:04:21",0.0,0.0,1.06,75.00,36.90
"Jul 6 2009 11:04:22",0.0,0.0,1.14,75.00,36.90
"Jul 6 2009 11:04:23",0.0,0.0,0.78,74.00,38.29
"Jul 6 2009 11:04:24",0.0,0.0,1.22,73.00,36.90
"Jul 6 2009 11:04:26",0.0,0.0,0.90,74.00,36.90
"Jul 6 2009 11:04:27",0.0,0.0,0.94,73.00,36.90
"Jul 6 2009 11:04:28",0.0,0.0,0.98,74.00,36.90
"Jul 6 2009 11:04:29",0.0,0.0,0.94,74.00,36.90
"Jul 6 2009 11:04:30",0.0,0.0,0.98,74.00,36.90
"Jul 6 2009 11:04:31",0.0,0.0,0.90,74.00,36.90
"Jul 6 2009 11:04:32",0.0,0.0,0.74,75.00,38.29
"Jul 6 2009 11:04:33",0.0,0.0,0.94,75.00,38.29
"Jul 6 2009 11:04:34",0.0,0.0,1.18,74.00,38.29
"Jul 6 2009 11:04:35",0.0,0.0,0.90,73.00,38.29
"Jul 6 2009 11:04:36",0.0,0.0,1.14,73.00,36.90
"Jul 6 2009 11:04:37",0.0,0.0,1.02,73.00,36.90
"Jul 6 2009 11:04:39",0.0,0.0,0.86,74.00,36.90
"Jul 6 2009 11:04:40",0.0,0.0,1.02,73.00,36.90
"Jul 6 2009 11:04:41",0.0,0.0,0.82,72.00,36.90
"Jul 6 2009 11:04:42",0.0,0.0,1.22,72.00,36.90
"Jul 6 2009 11:04:43",0.0,0.0,0.90,73.00,36.90
"Jul 6 2009 11:04:44",0.0,0.0,1.06,72.00,36.90
"Jul 6 2009 11:04:45",0.0,0.0,0.98,73.00,36.90
"Jul 6 2009 11:04:46",0.0,0.0,1.22,73.00,36.90
"Jul 6 2009 11:04:47",0.0,0.0,0.94,74.00,36.90
"Jul 6 2009 11:04:48",0.0,0.0,1.06,72.00,36.90
"Jul 6 2009 11:04:49",0.0,0.0,0.98,72.00,36.90
"Jul 6 2009 11:04:51",0.0,0.0,0.94,72.00,36.90
"Jul 6 2009 11:04:52",0.0,0.0,0.94,70.00,36.90
"Jul 6 2009 11:04:53",0.0,0.0,1.10,72.00,36.90
"Jul 6 2009 11:04:54",0.0,0.0,0.86,72.00,36.90
"Jul 6 2009 11:04:55",0.0,0.0,0.94,73.00,36.90
"Jul 6 2009 11:04:56",0.0,0.0,0.78,72.00,36.90
"Jul 6 2009 11:04:57",0.0,0.0,0.94,72.00,36.90
"Jul 6 2009 11:04:58",0.0,0.0,1.14,72.00,35.52
"Jul 6 2009 11:04:59",0.0,0.0,0.98,72.00,36.90
"Jul 6 2009 11:05:00",0.0,0.0,0.94,72.00,35.52
"Jul 6 2009 11:05:01",0.0,0.0,0.78,72.00,36.90
"Jul 6 2009 11:05:02",0.0,0.0,0.98,72.00,35.52
"Jul 6 2009 11:05:04",0.0,0.0,1.02,72.00,35.52
"Jul 6 2009 11:05:05",0.0,0.0,0.78,72.00,35.52
"Jul 6 2009 11:05:06",0.0,0.0,0.98,72.00,36.90
"Jul 6 2009 11:05:07",0.0,0.0,0.94,72.00,35.52
"Jul 6 2009 11:05:08",0.0,0.0,0.94,72.00,35.52
"Jul 6 2009 11:05:09",0.0,0.0,0.94,72.00,35.52
"Jul 6 2009 11:05:10",0.0,0.0,0.94,72.00,35.52
"Jul 6 2009 11:05:11",0.0,0.0,0.94,72.00,35.52
"Jul 6 2009 11:05:12",0.0,0.0,0.98,72.00,35.52
"Jul 6 2009 11:05:13",0.0,0.0,0.94,72.00,35.52
"Jul 6 2009 11:05:14",0.0,0.0,0.94,72.00,35.52
"Jul 6 2009 11:05:15",0.0,0.0,0.98,72.00,35.52
"Jul 6 2009 11:05:17",0.0,0.0,0.98,72.00,35.52
"Jul 6 2009 11:05:18",0.0,0.0,0.90,74.00,35.52
"Jul 6 2009 11:05:19",0.0,0.0,1.02,72.00,35.52
"Jul 6 2009 11:05:20",0.0,0.0,0.98,72.00,35.52
"Jul 6 2009 11:05:21",0.0,0.0,0.90,72.00,35.52
"Jul 6 2009 11:05:22",0.0,0.0,0.98,72.00,35.52
"Jul 6 2009 11:05:23",0.0,0.0,0.98,72.00,35.52
"Jul 6 2009 11:05:24",0.0,0.0,1.02,72.00,35.52
"Jul 6 2009 11:05:25",0.0,0.0,0.90,72.00,35.52
"Jul 6 2009 11:05:26",0.0,0.0,0.94,72.00,35.52
"Jul 6 2009 11:05:27",0.0,0.0,0.94,72.00,35.52
"Jul 6 2009 11:05:28",0.0,0.0,0.46,72.00,35.52
"Jul 6 2009 11:05:30",0.0,0.0,1.02,72.00,35.52
"Jul 6 2009 11:05:31",0.0,0.0,1.02,72.00,35.52
"Jul 6 2009 11:05:32",0.0,0.0,1.06,72.00,35.52
"Jul 6 2009 11:05:33",0.0,0.0,0.86,72.00,35.52
"Jul 6 2009 11:05:34",0.0,0.0,0.94,72.00,35.52
"Jul 6 2009 11:05:35",0.0,0.0,1.02,72.00,35.52
"Jul 6 2009 11:05:36",0.0,0.0,1.06,72.00,35.52
"Jul 6 2009 11:05:37",0.0,0.0,0.94,72.00,35.52
"Jul 6 2009 11:05:38",0.0,0.0,1.02,72.00,35.52
"Jul 6 2009 11:05:39",0.0,0.0,1.06,72.00,35.52
"Jul 6 2009 11:05:40",0.0,0.0,0.94,72.00,35.52
"Jul 6 2009 11:05:42",0.0,0.0,0.90,72.00,35.52
"Jul 6 2009 11:05:43",0.0,0.0,1.02,72.00,35.52
"Jul 6 2009 11:05:44",0.0,0.0,0.98,72.00,35.52
"Jul 6 2009 11:05:45",0.0,0.0,0.98,72.00,35.52
"Jul 6 2009 11:05:46",0.0,0.0,1.06,72.00,35.52
"Jul 6 2009 11:05:47",0.0,0.0,0.94,72.00,35.52
"Jul 6 2009 11:05:48",0.0,0.0,1.10,72.00,35.52
"Jul 6 2009 11:05:49",0.0,0.0,0.82,72.00,35.52
"Jul 6 2009 11:05:50",0.0,0.0,0.94,72.00,34.13
"Jul 6 2009 11:05:51",0.0,0.0,0.94,72.00,34.13
"Jul 6 2009 11:05:52",0.0,0.0,0.94,73.00,34.13
"Jul 6 2009 11:05:53",0.0,0.0,0.98,72.00,34.13
"Jul 6 2009 11:05:55",0.0,0.0,1.06,72.00,34.13
"Jul 6 2009 11:05:56",0.0,0.0,1.10,72.00,34.13
"Jul 6 2009 11:05:57",0.0,0.0,0.98,72.00,34.13
"Jul 6 2009 11:05:58",0.0,0.0,0.98,72.00,34.13
"Jul 6 2009 11:05:59",0.0,0.0,1.02,72.00,34.13
"Jul 6 2009 11:06:00",0.0,0.0,0.86,72.00,34.13
"Jul 6 2009 11:06:01",0.0,0.0,1.02,72.00,34.13
"Jul 6 2009 11:06:02",0.0,0.0,0.90,72.00,34.13
"Jul 6 2009 11:06:03",0.0,0.0,0.94,72.00,34.13
"Jul 6 2009 11:06:04",0.0,0.0,1.06,72.00,34.13
"Jul 6 2009 11:06:05",0.0,0.0,0.98,72.00,34.13
"Jul 6 2009 11:06:06",0.0,0.0,0.90,72.00,34.13
"Jul 6 2009 11:06:08",0.0,0.0,0.94,72.00,34.13
"Jul 6 2009 11:06:09",0.0,0.0,0.90,72.00,34.13
"Jul 6 2009 11:06:10",0.0,0.0,0.94,72.00,34.13
"Jul 6 2009 11:06:11",0.0,0.0,0.94,72.00,34.13
"Jul 6 2009 11:06:12",0.0,0.0,1.06,72.00,34.13
"Jul 6 2009 11:06:13",0.0,0.0,0.90,72.00,34.13
"Jul 6 2009 11:06:14",0.0,0.0,0.94,72.00,34.13
"Jul 6 2009 11:06:15",0.0,0.0,0.98,72.00,34.13
"Jul 6 2009 11:06:16",0.0,0.0,0.94,72.00,34.13
"Jul 6 2009 11:06:17",0.0,0.0,0.90,72.00,34.13
"Jul 6 2009 11:06:18",0.0,0.0,0.94,72.00,34.13
"Jul 6 2009 11:06:20",0.0,0.0,0.98,72.00,34.13
"Jul 6 2009 11:06:21",0.0,0.0,0.94,72.00,34.13
"Jul 6 2009 11:06:22",0.0,0.0,1.18,72.00,34.13
"Jul 6 2009 11:06:23",0.0,0.0,0.86,72.00,34.13
"Jul 6 2009 11:06:24",0.0,0.0,0.98,72.00,34.13
"Jul 6 2009 11:06:25",0.0,0.0,0.86,72.00,34.13
"Jul 6 2009 11:06:26",0.0,0.0,0.82,72.00,34.13
"Jul 6 2009 11:06:27",0.0,0.0,1.02,73.00,34.13
"Jul 6 2009 11:06:28",0.0,0.0,0.98,72.00,34.13
"Jul 6 2009 11:06:29",0.0,0.0,0.94,72.00,34.13
"Jul 6 2009 11:06:30",0.0,0.0,0.94,72.00,34.13
"Jul 6 2009 11:06:31",0.0,0.0,1.06,72.00,34.13
"Jul 6 2009 11:06:33",0.0,0.0,0.94,72.00,34.13
"Jul 6 2009 11:06:34",0.0,0.0,0.90,72.00,34.13
"Jul 6 2009 11:06:35",0.0,0.0,1.02,72.00,34.13
"Jul 6 2009 11:06:36",0.0,0.0,0.94,72.00,34.13
"Jul 6 2009 11:06:37",0.0,0.0,0.98,72.00,34.13
"Jul 6 2009 11:06:38",0.0,0.0,0.98,72.00,34.13
"Jul 6 2009 11:06:39",0.0,0.0,1.18,72.00,34.13
"Jul 6 2009 11:06:40",0.0,0.0,0.98,72.00,34.13
"Jul 6 2009 11:06:41",0.0,0.0,0.98,72.00,34.13
"Jul 6 2009 11:06:42",0.0,0.0,1.02,72.00,34.13
"Jul 6 2009 11:06:43",0.0,0.0,0.90,72.00,34.13
"Jul 6 2009 11:06:45",0.0,0.0,0.86,72.00,32.75
"Jul 6 2009 11:06:46",0.0,0.0,0.94,72.00,34.13
"Jul 6 2009 11:06:47",0.0,0.0,0.46,73.00,32.75
"Jul 6 2009 11:06:48",0.0,0.0,1.02,72.00,34.13
"Jul 6 2009 11:06:49",0.0,0.0,0.82,72.00,32.75
"Jul 6 2009 11:06:50",0.0,0.0,0.98,72.00,32.75
"Jul 6 2009 11:06:51",0.0,0.0,0.98,72.00,34.13
"Jul 6 2009 11:06:52",0.0,0.0,0.98,72.00,34.13
"Jul 6 2009 11:06:53",0.0,0.0,0.90,72.00,32.75
"Jul 6 2009 11:06:54",0.0,0.0,0.98,72.00,32.75
"Jul 6 2009 11:06:55",0.0,0.0,0.98,72.00,32.75
"Jul 6 2009 11:06:56",0.0,0.0,0.94,71.00,32.75
"Jul 6 2009 11:06:58",0.0,0.0,1.02,71.00,32.75
"Jul 6 2009 11:06:59",0.0,0.0,0.86,69.00,32.75
"Jul 6 2009 11:07:00",0.0,0.0,0.94,72.00,32.75
"Jul 6 2009 11:07:01",0.0,0.0,1.10,72.00,32.75
"Jul 6 2009 11:07:02",0.0,0.0,1.06,72.00,32.75
"Jul 6 2009 11:07:03",0.0,0.0,1.02,72.00,32.75
"Jul 6 2009 11:07:04",0.0,0.0,0.98,72.00,32.75
"Jul 6 2009 11:07:05",0.0,0.0,1.02,72.00,32.75
"Jul 6 2009 11:07:06",0.0,0.0,0.94,72.00,32.75
"Jul 6 2009 11:07:07",0.0,0.0,0.90,72.00,32.75
"Jul 6 2009 11:07:08",0.0,0.0,1.10,72.00,32.75
"Jul 6 2009 11:07:09",0.0,0.0,0.98,72.00,32.75
"Jul 6 2009 11:07:11",0.0,0.0,0.98,72.00,32.75
"Jul 6 2009 11:07:12",0.0,0.0,1.02,72.00,32.75
"Jul 6 2009 11:07:13",0.0,0.0,1.06,72.00,32.75
"Jul 6 2009 11:07:14",0.0,0.0,0.90,72.00,32.75
"Jul 6 2009 11:07:15",0.0,0.0,0.94,72.00,32.75
"Jul 6 2009 11:07:16",0.0,0.0,0.98,72.00,32.75
"Jul 6 2009 11:07:17",0.0,0.0,0.90,72.00,32.75
"Jul 6 2009 11:07:18",0.0,0.0,1.02,72.00,32.75
"Jul 6 2009 11:07:19",0.0,0.0,0.98,72.00,32.75
"Jul 6 2009 11:07:20",0.0,0.0,0.86,72.00,32.75
"Jul 6 2009 11:07:21",0.0,0.0,1.18,72.00,32.75
"Jul 6 2009 11:07:23",0.0,0.0,0.82,72.00,32.75
"Jul 6 2009 11:07:24",0.0,0.0,0.90,72.00,32.75
"Jul 6 2009 11:07:25",0.0,0.0,0.98,72.00,32.75
"Jul 6 2009 11:07:26",0.0,0.0,1.14,72.00,32.75
"Jul 6 2009 11:07:27",0.0,0.0,0.94,72.00,32.75
"Jul 6 2009 11:07:28",0.0,0.0,1.02,72.00,32.75
"Jul 6 2009 11:07:29",0.0,0.0,0.86,72.00,32.75
"Jul 6 2009 11:07:30",0.0,0.0,0.94,72.00,32.75
"Jul 6 2009 11:07:31",0.0,0.0,0.98,72.00,32.75
"Jul 6 2009 11:07:32",0.0,0.0,0.98,72.00,32.75
"Jul 6 2009 11:07:33",0.0,0.0,0.98,72.00,32.75
"Jul 6 2009 11:07:35",0.0,0.0,0.98,72.00,32.75
"Jul 6 2009 11:07:36",0.0,0.0,0.94,72.00,32.75
"Jul 6 2009 11:07:37",0.0,0.0,0.94,72.00,32.75
"Jul 6 2009 11:07:38",0.0,0.0,0.90,72.00,32.75
"Jul 6 2009 11:07:39",0.0,0.0,0.94,72.00,32.75
"Jul 6 2009 11:07:40",0.0,0.0,1.18,72.00,32.75
"Jul 6 2009 11:07:41",0.0,0.0,0.94,72.00,32.75
"Jul 6 2009 11:07:42",0.0,0.0,1.02,72.00,32.75
"Jul 6 2009 11:07:43",0.0,0.0,0.94,72.00,32.75
"Jul 6 2009 11:07:44",0.0,0.0,0.98,72.00,32.75
"Jul 6 2009 11:07:45",0.0,0.0,1.02,72.00,32.75
"Jul 6 2009 11:07:46",0.0,0.0,0.98,72.00,32.75
"Jul 6 2009 11:07:48",0.0,0.0,1.02,72.00,32.75
"Jul 6 2009 11:07:49",0.0,0.0,1.02,72.00,32.75
"Jul 6 2009 11:07:50",0.0,0.0,1.14,72.00,32.75
"Jul 6 2009 11:07:51",0.0,0.0,1.02,71.00,32.75
"Jul 6 2009 11:07:52",0.0,0.0,0.98,72.00,32.75
"Jul 6 2009 11:07:53",0.0,0.0,0.90,71.00,32.75
"Jul 6 2009 11:07:54",0.0,0.0,1.06,70.00,32.75
"Jul 6 2009 11:07:55",0.0,0.0,1.06,71.00,32.75
"Jul 6 2009 11:07:56",0.0,0.0,0.94,72.00,32.75
"Jul 6 2009 11:07:57",0.0,0.0,0.86,72.00,32.75
"Jul 6 2009 11:07:58",0.0,0.0,1.02,72.00,32.75
"Jul 6 2009 11:08:00",0.0,0.0,1.02,72.00,32.75
"Jul 6 2009 11:08:01",0.0,0.0,0.98,72.00,32.75
"Jul 6 2009 11:08:02",0.0,0.0,0.90,72.00,32.75
"Jul 6 2009 11:08:03",0.0,0.0,0.94,72.00,32.75
"Jul 6 2009 11:08:04",0.0,0.0,0.90,72.00,32.75
"Jul 6 2009 11:08:05",0.0,0.0,0.94,72.00,32.75
"Jul 6 2009 11:08:06",0.0,0.0,1.02,72.00,32.75
"Jul 6 2009 11:08:07",0.0,0.0,0.94,72.00,32.75
"Jul 6 2009 11:08:08",0.0,0.0,0.86,71.00,32.75
"Jul 6 2009 11:08:09",0.0,0.0,0.90,72.00,32.75
"Jul 6 2009 11:08:10",0.0,0.0,1.02,72.00,32.75
"Jul 6 2009 11:08:11",0.0,0.0,1.06,72.00,32.75
"Jul 6 2009 11:08:13",0.0,0.0,1.02,72.00,32.75
"Jul 6 2009 11:08:14",0.0,0.0,0.94,72.00,31.36
"Jul 6 2009 11:08:15",0.0,0.0,0.86,72.00,31.36
"Jul 6 2009 11:08:16",0.0,0.0,1.02,72.00,31.36
"Jul 6 2009 11:08:17",0.0,0.0,0.94,72.00,31.36
"Jul 6 2009 11:08:18",0.0,0.0,0.94,71.00,31.36
"Jul 6 2009 11:08:19",0.0,0.0,0.98,72.00,31.36
"Jul 6 2009 11:08:20",0.0,0.0,1.06,72.00,31.36
"Jul 6 2009 11:08:21",0.0,0.0,0.90,72.00,31.36
"Jul 6 2009 11:08:22",0.0,0.0,1.02,72.00,31.36
"Jul 6 2009 11:08:23",0.0,0.0,0.94,72.00,31.36
"Jul 6 2009 11:08:25",0.0,0.0,0.98,72.00,31.36
"Jul 6 2009 11:08:26",0.0,0.0,1.14,72.00,31.36
"Jul 6 2009 11:08:27",0.0,0.0,0.98,72.00,31.36
"Jul 6 2009 11:08:28",0.0,0.0,0.86,71.00,31.36
"Jul 6 2009 11:08:29",0.0,0.0,0.82,71.00,31.36
"Jul 6 2009 11:08:30",0.0,0.0,0.86,71.00,31.36
"Jul 6 2009 11:08:31",0.0,0.0,0.94,71.00,31.36
"Jul 6 2009 11:08:32",0.0,0.0,0.86,71.00,31.36
"Jul 6 2009 11:08:33",0.0,0.0,0.90,71.00,31.36
"Jul 6 2009 11:08:34",0.0,0.0,1.02,71.00,31.36
"Jul 6 2009 11:08:35",0.0,0.0,0.86,71.00,31.36
"Jul 6 2009 11:08:36",0.0,0.0,0.94,71.00,31.36
"Jul 6 2009 11:08:38",0.0,0.0,1.06,71.00,31.36
"Jul 6 2009 11:08:39",0.0,0.0,0.78,71.00,31.36
"Jul 6 2009 11:08:40",0.0,0.0,1.18,71.00,31.36
"Jul 6 2009 11:08:41",0.0,0.0,0.98,71.00,31.36
"Jul 6 2009 11:08:42",0.0,0.0,0.94,71.00,31.36
"Jul 6 2009 11:08:43",0.0,0.0,0.94,71.00,31.36
"Jul 6 2009 11:08:44",0.0,0.0,0.90,71.00,31.36
"Jul 6 2009 11:08:45",0.0,0.0,0.98,71.00,31.36
"Jul 6 2009 11:08:46",0.0,0.0,1.02,71.00,31.36
"Jul 6 2009 11:08:47",0.0,0.0,1.02,71.00,31.36
"Jul 6 2009 11:08:48",0.0,0.0,0.98,71.00,31.36
"Jul 6 2009 11:08:50",0.0,0.0,0.98,71.00,31.36
"Jul 6 2009 11:08:51",0.0,0.0,0.98,71.00,31.36
"Jul 6 2009 11:08:52",0.0,0.0,0.86,71.00,31.36
"Jul 6 2009 11:08:53",0.0,0.0,0.98,71.00,31.36
"Jul 6 2009 11:08:54",0.0,0.0,0.82,72.00,31.36
"Jul 6 2009 11:08:55",0.0,0.0,1.02,72.00,31.36
"Jul 6 2009 11:08:56",0.0,0.0,1.10,72.00,31.36
"Jul 6 2009 11:08:57",0.0,0.0,0.98,72.00,31.36
"Jul 6 2009 11:08:58",0.0,0.0,0.94,72.00,31.36
"Jul 6 2009 11:08:59",0.0,0.0,0.98,72.00,31.36
"Jul 6 2009 11:09:00",0.0,0.0,1.02,72.00,31.36
"Jul 6 2009 11:09:01",0.0,0.0,0.94,72.00,31.36
"Jul 6 2009 11:09:03",0.0,0.0,0.94,71.00,31.36
"Jul 6 2009 11:09:04",0.0,0.0,0.98,71.00,31.36
"Jul 6 2009 11:09:05",0.0,0.0,1.02,71.00,31.36
"Jul 6 2009 11:09:06",0.0,0.0,0.94,71.00,31.36
"Jul 6 2009 11:09:07",0.0,0.0,1.10,72.00,31.36
"Jul 6 2009 11:09:08",0.0,0.0,1.02,72.00,31.36
"Jul 6 2009 11:09:09",0.0,0.0,0.90,71.00,31.36
"Jul 6 2009 11:09:10",0.0,0.0,0.98,71.00,31.36
"Jul 6 2009 11:09:11",0.0,0.0,0.86,71.00,31.36
"Jul 6 2009 11:09:12",0.0,0.0,0.98,71.00,31.36
"Jul 6 2009 11:09:13",0.0,0.0,0.82,72.00,31.36
"Jul 6 2009 11:09:15",0.0,0.0,0.94,72.00,32.75
"Jul 6 2009 11:09:16",0.0,0.0,0.90,72.00,32.75
"Jul 6 2009 11:09:17",0.0,0.0,0.90,72.00,32.75
"Jul 6 2009 11:09:18",0.0,0.0,1.06,72.00,31.36
"Jul 6 2009 11:09:19",0.0,0.0,0.90,72.00,31.36
"Jul 6 2009 11:09:20",0.0,0.0,0.82,73.00,31.36
"Jul 6 2009 11:09:21",0.0,0.0,0.90,71.00,31.36
"Jul 6 2009 11:09:22",0.0,0.0,0.94,71.00,32.75
"Jul 6 2009 11:09:23",0.0,0.0,0.86,71.00,32.75
"Jul 6 2009 11:09:24",0.0,0.0,1.02,72.00,32.75
"Jul 6 2009 11:09:25",0.0,0.0,1.02,72.00,32.75
"Jul 6 2009 11:09:26",0.0,0.0,1.02,72.00,32.75
"Jul 6 2009 11:09:28",0.0,0.0,0.98,72.00,32.75
"Jul 6 2009 11:09:29",0.0,0.0,1.02,72.00,32.75
"Jul 6 2009 11:09:30",0.0,0.0,1.10,72.00,32.75
"Jul 6 2009 11:09:31",0.0,0.0,0.94,72.00,32.75
"Jul 6 2009 11:09:32",0.0,0.0,1.10,72.00,32.75
"Jul 6 2009 11:09:33",0.0,0.0,1.02,74.00,32.75
"Jul 6 2009 11:09:34",0.0,0.0,0.98,72.00,32.75
"Jul 6 2009 11:09:35",0.0,0.0,0.86,73.00,32.75
"Jul 6 2009 11:09:36",0.0,0.0,0.94,72.00,32.75
"Jul 6 2009 11:09:37",0.0,0.0,0.94,72.00,32.75
"Jul 6 2009 11:09:38",0.0,0.0,0.98,72.00,32.75
"Jul 6 2009 11:09:40",0.0,0.0,1.06,72.00,32.75
"Jul 6 2009 11:09:41",0.0,0.0,0.94,72.00,32.75
"Jul 6 2009 11:09:42",0.0,0.0,0.94,72.00,32.75
"Jul 6 2009 11:09:43",0.0,0.0,1.02,72.00,32.75
"Jul 6 2009 11:09:44",0.0,0.0,0.94,72.00,32.75
"Jul 6 2009 11:09:45",0.0,0.0,0.98,72.00,32.75
"Jul 6 2009 11:09:46",0.0,0.0,0.94,72.00,32.75
"Jul 6 2009 11:09:47",0.0,0.0,0.98,72.00,32.75
"Jul 6 2009 11:09:48",0.0,0.0,0.98,72.00,32.75
"Jul 6 2009 11:09:49",0.0,0.0,0.94,72.00,32.75
"Jul 6 2009 11:09:50",0.0,0.0,0.94,72.00,32.75
"Jul 6 2009 11:09:51",0.0,0.0,0.98,72.00,32.75
"Jul 6 2009 11:09:53",0.0,0.0,0.94,72.00,32.75
"Jul 6 2009 11:09:54",0.0,0.0,1.06,72.00,32.75
"Jul 6 2009 11:09:55",0.0,0.0,0.82,73.00,32.75
"Jul 6 2009 11:09:56",0.0,0.0,1.02,72.00,32.75
"Jul 6 2009 11:09:57",0.0,0.0,0.98,72.00,32.75
"Jul 6 2009 11:09:58",0.0,0.0,0.90,72.00,32.75
"Jul 6 2009 11:09:59",0.0,0.0,0.90,72.00,32.75
"Jul 6 2009 11:10:00",0.0,0.0,0.98,72.00,32.75
"Jul 6 2009 11:10:01",0.0,0.0,0.94,72.00,32.75
"Jul 6 2009 11:10:02",0.0,0.0,0.94,72.00,32.75
"Jul 6 2009 11:10:03",0.0,0.0,0.98,72.00,32.75
"Jul 6 2009 11:10:05",0.0,0.0,0.94,72.00,32.75
"Jul 6 2009 11:10:06",0.0,0.0,0.98,72.00,32.75
"Jul 6 2009 11:10:07",0.0,0.0,1.02,72.00,32.75
"Jul 6 2009 11:10:08",0.0,0.0,0.94,72.00,32.75
"Jul 6 2009 11:10:09",0.0,0.0,0.94,72.00,32.75
"Jul 6 2009 11:10:10",0.0,0.0,1.02,72.00,32.75
"Jul 6 2009 11:10:11",0.0,0.0,0.94,72.00,32.75
"Jul 6 2009 11:10:12",0.0,0.0,1.02,72.00,32.75
"Jul 6 2009 11:10:13",0.0,0.0,0.86,72.00,32.75
"Jul 6 2009 11:10:14",0.0,0.0,0.86,72.00,32.75
"Jul 6 2009 11:10:15",0.0,0.0,0.98,72.00,32.75
"Jul 6 2009 11:10:16",0.0,0.0,0.94,72.00,32.75
"Jul 6 2009 11:10:18",0.0,0.0,0.94,73.00,32.75
"Jul 6 2009 11:10:19",0.0,0.0,1.02,72.00,32.75
"Jul 6 2009 11:10:20",0.0,0.0,0.98,72.00,32.75
"Jul 6 2009 11:10:21",0.0,0.0,0.94,72.00,32.75
"Jul 6 2009 11:10:22",0.0,0.0,1.02,72.00,32.75
"Jul 6 2009 11:10:23",0.0,0.0,1.02,72.00,32.75
"Jul 6 2009 11:10:24",0.0,0.0,0.94,72.00,32.75
"Jul 6 2009 11:10:25",0.0,0.0,0.98,72.00,32.75
"Jul 6 2009 11:10:26",0.0,0.0,0.90,72.00,32.75
"Jul 6 2009 11:10:27",0.0,0.0,1.02,72.00,32.75
"Jul 6 2009 11:10:28",0.0,0.0,0.98,72.00,32.75
"Jul 6 2009 11:10:30",0.0,0.0,1.06,72.00,32.75
"Jul 6 2009 11:10:31",0.0,0.0,0.98,72.00,32.75
"Jul 6 2009 11:10:32",0.0,0.0,0.94,72.00,32.75
"Jul 6 2009 11:10:33",0.0,0.0,0.98,72.00,32.75
"Jul 6 2009 11:10:34",0.0,0.0,0.94,72.00,32.75
"Jul 6 2009 11:10:35",0.0,0.0,1.02,72.00,32.75
"Jul 6 2009 11:10:36",0.0,0.0,1.02,72.00,32.75
"Jul 6 2009 11:10:37",0.0,0.0,0.94,72.00,32.75
"Jul 6 2009 11:10:38",0.0,0.0,1.02,72.00,32.75
"Jul 6 2009 11:10:39",0.0,0.0,0.98,72.00,32.75
"Jul 6 2009 11:10:40",0.0,0.0,0.90,72.00,32.75
"Jul 6 2009 11:10:41",0.0,0.0,0.90,72.00,32.75
"Jul 6 2009 11:10:43",0.0,0.0,0.94,72.00,32.75
"Jul 6 2009 11:10:44",0.0,0.0,1.22,72.00,32.75
"Jul 6 2009 11:10:45",0.0,0.0,1.06,72.00,32.75
"Jul 6 2009 11:10:46",0.0,0.0,0.82,72.00,32.75
"Jul 6 2009 11:10:47",0.0,0.0,0.98,72.00,32.75
"Jul 6 2009 11:10:48",0.0,0.0,0.82,72.00,32.75
"Jul 6 2009 11:10:49",0.0,0.0,0.94,72.00,32.75
"Jul 6 2009 11:10:50",0.0,0.0,0.98,73.00,32.75
"Jul 6 2009 11:10:51",0.0,0.0,0.90,72.00,32.75
"Jul 6 2009 11:10:52",0.0,0.0,0.94,72.00,32.75
"Jul 6 2009 11:10:53",0.0,0.0,0.94,72.00,32.75
"Jul 6 2009 11:10:55",0.0,0.0,0.94,72.00,32.75
"Jul 6 2009 11:10:56",0.0,0.0,0.98,72.00,32.75
"Jul 6 2009 11:10:57",0.0,0.0,0.94,73.00,32.75
"Jul 6 2009 11:10:58",0.0,0.0,0.98,72.00,32.75
"Jul 6 2009 11:10:59",0.0,0.0,0.94,72.00,32.75
"Jul 6 2009 11:11:00",0.0,0.0,0.94,73.00,32.75
"Jul 6 2009 11:11:01",0.0,0.0,0.94,73.00,32.75
"Jul 6 2009 11:11:02",0.0,0.0,0.98,72.00,32.75
"Jul 6 2009 11:11:03",0.0,0.0,0.90,72.00,32.75
"Jul 6 2009 11:11:04",0.0,0.0,1.02,72.00,32.75
"Jul 6 2009 11:11:05",0.0,0.0,0.94,72.00,32.75
"Jul 6 2009 11:11:06",0.0,0.0,1.02,72.00,32.75
"Jul 6 2009 11:11:08",0.0,0.0,0.86,72.00,32.75
"Jul 6 2009 11:11:09",0.0,0.0,0.94,71.00,32.75
"Jul 6 2009 11:11:10",0.0,0.0,0.94,71.00,32.75
"Jul 6 2009 11:11:11",0.0,0.0,0.94,71.00,32.75
"Jul 6 2009 11:11:12",0.0,0.0,0.98,71.00,32.75
"Jul 6 2009 11:11:13",0.0,0.0,0.98,71.00,32.75
"Jul 6 2009 11:11:14",0.0,0.0,0.94,72.00,32.75
"Jul 6 2009 11:11:15",0.0,0.0,0.94,72.00,32.75
"Jul 6 2009 11:11:16",0.0,0.0,0.98,72.00,32.75
"Jul 6 2009 11:11:17",0.0,0.0,0.98,72.00,32.75
"Jul 6 2009 11:11:18",0.0,0.0,1.02,72.00,32.75
"Jul 6 2009 11:11:20",0.0,0.0,0.90,72.00,32.75
"Jul 6 2009 11:11:21",0.0,0.0,0.98,72.00,32.75
"Jul 6 2009 11:11:22",0.0,0.0,0.94,72.00,32.75
"Jul 6 2009 11:11:23",0.0,0.0,0.98,72.00,32.75
"Jul 6 2009 11:11:24",0.0,0.0,0.98,73.00,32.75
"Jul 6 2009 11:11:25",0.0,0.0,1.02,73.00,32.75
"Jul 6 2009 11:11:26",0.0,0.0,0.98,72.00,32.75
"Jul 6 2009 11:11:27",0.0,0.0,0.98,72.00,32.75
"Jul 6 2009 11:11:28",0.0,0.0,0.98,72.00,32.75
"Jul 6 2009 11:11:29",0.0,0.0,1.02,72.00,32.75
"Jul 6 2009 11:11:30",0.0,0.0,0.98,72.00,32.75
"Jul 6 2009 11:11:31",0.0,0.0,0.98,72.00,32.75
"Jul 6 2009 11:11:33",0.0,0.0,0.90,72.00,32.75
"Jul 6 2009 11:11:34",0.0,0.0,0.98,72.00,32.75
"Jul 6 2009 11:11:35",0.0,0.0,1.06,71.00,32.75
"Jul 6 2009 11:11:36",0.0,0.0,0.94,71.00,32.75
"Jul 6 2009 11:11:37",0.0,0.0,1.02,51.00,32.75
"Jul 6 2009 11:11:38",0.0,0.0,0.94,72.00,32.75
"Jul 6 2009 11:11:39",0.0,0.0,0.98,72.00,32.75
"Jul 6 2009 11:11:40",0.0,0.0,0.94,72.00,32.75
"Jul 6 2009 11:11:41",0.0,0.0,0.94,72.00,32.75
"Jul 6 2009 11:11:42",0.0,0.0,0.94,72.00,32.75
"Jul 6 2009 11:11:43",0.0,0.0,0.98,72.00,32.75
"Jul 6 2009 11:11:45",0.0,0.0,1.14,72.00,32.75
"Jul 6 2009 11:11:46",0.0,0.0,0.94,72.00,32.75
"Jul 6 2009 11:11:47",0.0,0.0,0.82,72.00,32.75
"Jul 6 2009 11:11:48",0.0,0.0,0.90,72.00,32.75
"Jul 6 2009 11:11:49",0.0,0.0,0.70,73.00,32.75
"Jul 6 2009 11:11:50",0.0,0.0,0.94,73.00,32.75
"Jul 6 2009 11:11:51",0.0,0.0,1.02,74.00,32.75
"Jul 6 2009 11:11:52",0.0,0.0,0.90,75.00,32.75
"Jul 6 2009 11:11:53",0.0,0.0,0.82,74.00,32.75
"Jul 6 2009 11:11:54",0.0,0.0,1.22,75.00,32.75
"Jul 6 2009 11:11:55",0.0,0.0,0.98,72.00,32.75
"Jul 6 2009 11:11:56",0.0,0.0,0.94,75.00,32.75
"Jul 6 2009 11:11:58",0.0,0.0,1.02,75.00,32.75
"Jul 6 2009 11:11:59",0.0,0.0,0.98,75.00,32.75
"Jul 6 2009 11:12:00",0.0,0.0,0.94,73.00,32.75
"Jul 6 2009 11:12:01",0.0,0.0,0.82,75.00,32.75
"Jul 6 2009 11:12:02",0.0,0.0,1.10,74.00,32.75
"Jul 6 2009 11:12:03",0.0,0.0,1.10,75.00,32.75
"Jul 6 2009 11:12:04",0.0,0.0,0.78,73.00,32.75
"Jul 6 2009 11:12:05",0.0,0.0,0.94,73.00,32.75
"Jul 6 2009 11:12:06",0.0,0.0,0.82,74.00,32.75
"Jul 6 2009 11:12:07",0.0,0.0,1.42,75.00,32.75
"Jul 6 2009 11:12:08",0.0,0.0,1.02,74.00,34.13
"Jul 6 2009 11:12:10",0.0,0.0,1.14,74.00,34.13
"Jul 6 2009 11:12:11",0.0,0.0,0.90,75.00,34.13
"Jul 6 2009 11:12:12",0.0,0.0,1.02,75.00,34.13
"Jul 6 2009 11:12:13",0.0,0.0,1.10,75.00,34.13
"Jul 6 2009 11:12:14",0.0,0.0,0.94,75.00,34.13
"Jul 6 2009 11:12:15",0.0,0.0,1.10,74.00,34.13
"Jul 6 2009 11:12:16",0.0,0.0,1.02,75.00,34.13
"Jul 6 2009 11:12:17",0.0,0.0,0.74,75.00,34.13
"Jul 6 2009 11:12:18",0.0,0.0,0.78,74.00,34.13
"Jul 6 2009 11:12:19",0.0,0.0,1.18,74.00,34.13
"Jul 6 2009 11:12:20",0.0,0.0,0.98,75.00,34.13
"Jul 6 2009 11:12:21",0.0,0.0,1.02,75.00,34.13
"Jul 6 2009 11:12:23",0.0,0.0,0.74,75.00,34.13
"Jul 6 2009 11:12:24",0.0,0.0,0.82,75.00,34.13
"Jul 6 2009 11:12:25",0.0,0.0,0.94,74.00,34.13
"Jul 6 2009 11:12:26",0.0,0.0,1.06,75.00,34.13
"Jul 6 2009 11:12:27",0.0,0.0,0.94,75.00,34.13
"Jul 6 2009 11:12:28",0.0,0.0,0.86,75.00,34.13
"Jul 6 2009 11:12:29",0.0,0.0,0.66,74.00,34.13
"Jul 6 2009 11:12:30",0.0,0.0,0.90,75.00,34.13
"Jul 6 2009 11:12:31",0.0,0.0,1.06,75.00,34.13
"Jul 6 2009 11:12:32",0.0,0.0,1.10,75.00,34.13
"Jul 6 2009 11:12:33",0.0,0.0,0.82,75.00,34.13
"Jul 6 2009 11:12:34",0.0,0.0,0.98,74.00,34.13
"Jul 6 2009 11:12:36",0.0,0.0,1.14,74.00,34.13
"Jul 6 2009 11:12:37",0.0,0.0,0.90,74.00,34.13
"Jul 6 2009 11:12:38",0.0,0.0,0.94,74.00,34.13
"Jul 6 2009 11:12:39",0.0,0.0,0.90,74.00,34.13
"Jul 6 2009 11:12:40",0.0,0.0,0.98,75.00,34.13
"Jul 6 2009 11:12:41",0.0,0.0,0.86,75.00,34.13
"Jul 6 2009 11:12:42",0.0,0.0,1.14,75.00,34.13
"Jul 6 2009 11:12:43",0.0,0.0,0.78,75.00,34.13
"Jul 6 2009 11:12:44",0.0,0.0,0.66,75.00,34.13
"Jul 6 2009 11:12:45",0.0,0.0,0.86,75.00,34.13
"Jul 6 2009 11:12:46",0.0,0.0,1.06,75.00,34.13
"Jul 6 2009 11:12:48",0.0,0.0,0.70,75.00,34.13
"Jul 6 2009 11:12:49",0.0,0.0,0.98,74.00,34.13
"Jul 6 2009 11:12:50",0.0,0.0,1.02,73.00,34.13
"Jul 6 2009 11:12:51",0.0,0.0,1.02,75.00,34.13
"Jul 6 2009 11:12:52",0.0,0.0,1.06,73.00,34.13
"Jul 6 2009 11:12:53",0.0,0.0,0.94,74.00,34.13
"Jul 6 2009 11:12:54",0.0,0.0,0.90,74.00,34.13
"Jul 6 2009 11:12:55",0.0,0.0,0.98,74.00,34.13
"Jul 6 2009 11:12:56",0.0,0.0,1.18,73.00,34.13
"Jul 6 2009 11:12:57",0.0,0.0,0.74,75.00,34.13
"Jul 6 2009 11:12:58",0.0,0.0,1.58,75.00,34.13
"Jul 6 2009 11:12:59",0.0,0.0,1.02,74.00,34.13
"Jul 6 2009 11:13:01",0.0,0.0,1.06,74.00,34.13
"Jul 6 2009 11:13:02",0.0,0.0,0.82,73.00,34.13
"Jul 6 2009 11:13:03",0.0,0.0,1.26,72.00,34.13
"Jul 6 2009 11:13:04",0.0,0.0,0.94,73.00,34.13
"Jul 6 2009 11:13:05",0.0,0.0,0.98,74.00,34.13
"Jul 6 2009 11:13:06",0.0,0.0,0.98,75.00,34.13
"Jul 6 2009 11:13:07",0.0,0.0,0.94,75.00,34.13
"Jul 6 2009 11:13:08",0.0,0.0,1.02,74.00,34.13
"Jul 6 2009 11:13:09",0.0,0.0,1.10,74.00,34.13
"Jul 6 2009 11:13:10",0.0,0.0,1.06,74.00,34.13
"Jul 6 2009 11:13:11",0.0,0.0,1.02,74.00,34.13
"Jul 6 2009 11:13:12",0.0,0.0,1.10,74.00,34.13
"Jul 6 2009 11:13:14",0.0,0.0,1.38,75.00,34.13
"Jul 6 2009 11:13:15",0.0,0.0,0.86,74.00,34.13
"Jul 6 2009 11:13:16",0.0,0.0,0.86,75.00,34.13
"Jul 6 2009 11:13:17",0.0,0.0,1.10,74.00,34.13
"Jul 6 2009 11:13:18",0.0,0.0,0.94,75.00,34.13
"Jul 6 2009 11:13:19",0.0,0.0,0.82,75.00,34.13
"Jul 6 2009 11:13:20",0.0,0.0,0.90,74.00,34.13
"Jul 6 2009 11:13:21",0.0,0.0,0.98,74.00,34.13
"Jul 6 2009 11:13:22",0.0,0.0,0.98,74.00,34.13
"Jul 6 2009 11:13:23",0.0,0.0,0.94,73.00,34.13
"Jul 6 2009 11:13:24",0.0,0.0,0.98,75.00,34.13
"Jul 6 2009 11:13:26",0.0,0.0,0.90,75.00,34.13
"Jul 6 2009 11:13:27",0.0,0.0,0.86,75.00,34.13
"Jul 6 2009 11:13:28",0.0,0.0,1.10,75.00,34.13
"Jul 6 2009 11:13:29",0.0,0.0,1.30,75.00,34.13
"Jul 6 2009 11:13:30",0.0,0.0,1.02,75.00,34.13
"Jul 6 2009 11:13:31",0.0,0.0,0.82,75.00,34.13
"Jul 6 2009 11:13:32",0.0,0.0,0.94,75.00,34.13
"Jul 6 2009 11:13:33",0.0,0.0,1.02,75.00,32.75
"Jul 6 2009 11:13:34",0.0,0.0,0.90,75.00,32.75
"Jul 6 2009 11:13:35",0.0,0.0,0.98,75.00,32.75
"Jul 6 2009 11:13:36",0.0,0.0,0.98,75.00,32.75
"Jul 6 2009 11:13:37",0.0,0.0,0.86,75.00,32.75
"Jul 6 2009 11:13:39",0.0,0.0,0.86,73.00,32.75
"Jul 6 2009 11:13:40",0.0,0.0,0.82,73.00,32.75
"Jul 6 2009 11:13:41",0.0,0.0,1.02,74.00,32.75
"Jul 6 2009 11:13:42",0.0,0.0,0.78,75.00,32.75
"Jul 6 2009 11:13:43",0.0,0.0,1.42,74.00,32.75
"Jul 6 2009 11:13:44",0.0,0.0,1.22,74.00,32.75
"Jul 6 2009 11:13:45",0.0,0.0,0.70,75.00,32.75
"Jul 6 2009 11:13:46",0.0,0.0,1.26,73.00,32.75
"Jul 6 2009 11:13:47",0.0,0.0,0.98,73.00,32.75
"Jul 6 2009 11:13:48",0.0,0.0,0.58,74.00,32.75
"Jul 6 2009 11:13:49",0.0,0.0,1.42,73.00,32.75
"Jul 6 2009 11:13:50",0.0,0.0,0.94,73.00,32.75
"Jul 6 2009 11:13:52",0.0,0.0,0.90,73.00,32.75
"Jul 6 2009 11:13:53",0.0,0.0,1.06,72.00,32.75
"Jul 6 2009 11:13:54",0.0,0.0,0.78,72.00,32.75
"Jul 6 2009 11:13:55",0.0,0.0,1.06,72.00,32.75
"Jul 6 2009 11:13:56",0.0,0.0,0.66,73.00,32.75
"Jul 6 2009 11:13:57",0.0,0.0,0.98,73.00,32.75
"Jul 6 2009 11:13:58",0.0,0.0,0.98,73.00,32.75
"Jul 6 2009 11:13:59",0.0,0.0,0.90,73.00,32.75
"Jul 6 2009 11:14:00",0.0,0.0,0.94,74.00,32.75
"Jul 6 2009 11:14:01",0.0,0.0,1.10,72.00,32.75
"Jul 6 2009 11:14:02",0.0,0.0,0.94,72.00,32.75
"Jul 6 2009 11:14:04",0.0,0.0,1.06,73.00,32.75
"Jul 6 2009 11:14:05",0.0,0.0,1.06,72.00,32.75
"Jul 6 2009 11:14:06",0.0,0.0,1.26,72.00,32.75
"Jul 6 2009 11:14:07",0.0,0.0,1.10,72.00,32.75
"Jul 6 2009 11:14:08",0.0,0.0,1.14,72.00,32.75
"Jul 6 2009 11:14:09",0.0,0.0,1.02,72.00,32.75
"Jul 6 2009 11:14:10",0.0,0.0,1.06,72.00,32.75
"Jul 6 2009 11:14:11",0.0,0.0,0.94,72.00,32.75
"Jul 6 2009 11:14:12",0.0,0.0,0.74,72.00,32.75
"Jul 6 2009 11:14:13",0.0,0.0,0.74,73.00,32.75
"Jul 6 2009 11:14:14",0.0,0.0,1.18,72.00,31.36
"Jul 6 2009 11:14:15",0.0,0.0,0.98,73.00,31.36
"Jul 6 2009 11:14:17",0.0,0.0,0.98,72.00,32.75
"Jul 6 2009 11:14:18",0.0,0.0,0.94,72.00,32.75
"Jul 6 2009 11:14:19",0.0,0.0,1.02,72.00,32.75
"Jul 6 2009 11:14:20",0.0,0.0,1.10,73.00,32.75
"Jul 6 2009 11:14:21",0.0,0.0,1.02,72.00,32.75
"Jul 6 2009 11:14:22",0.0,0.0,0.82,73.00,32.75
"Jul 6 2009 11:14:23",0.0,0.0,0.98,73.00,32.75
"Jul 6 2009 11:14:24",0.0,0.0,0.98,74.00,32.75
"Jul 6 2009 11:14:25",0.0,0.0,0.98,72.00,32.75
"Jul 6 2009 11:14:26",0.0,0.0,0.90,72.00,31.36
"Jul 6 2009 11:14:27",0.0,0.0,1.10,72.00,31.36
"Jul 6 2009 11:14:29",0.0,0.0,0.78,72.00,31.36
"Jul 6 2009 11:14:30",0.0,0.0,1.06,72.00,31.36
"Jul 6 2009 11:14:31",0.0,0.0,0.90,72.00,31.36
"Jul 6 2009 11:14:32",0.0,0.0,1.02,72.00,31.36
"Jul 6 2009 11:14:33",0.0,0.0,0.94,72.00,31.36
"Jul 6 2009 11:14:34",0.0,0.0,0.90,73.00,31.36
"Jul 6 2009 11:14:35",0.0,0.0,1.26,73.00,31.36
"Jul 6 2009 11:14:36",0.0,0.0,1.06,73.00,31.36
"Jul 6 2009 11:14:37",0.0,0.0,0.78,74.00,31.36
"Jul 6 2009 11:14:38",0.0,0.0,0.62,75.00,31.36
"Jul 6 2009 11:14:39",0.0,0.0,1.10,75.00,31.36
"Jul 6 2009 11:14:41",0.0,0.0,1.34,75.00,31.36
"Jul 6 2009 11:14:42",0.0,0.0,0.86,74.00,32.75
"Jul 6 2009 11:14:43",0.0,0.0,0.82,74.00,32.75
"Jul 6 2009 11:14:44",0.0,0.0,0.70,74.00,32.75
"Jul 6 2009 11:14:45",0.0,0.0,0.94,75.00,32.75
"Jul 6 2009 11:14:46",0.0,0.0,1.02,74.00,32.75
"Jul 6 2009 11:14:47",0.0,0.0,0.78,75.00,32.75
"Jul 6 2009 11:14:48",0.0,0.0,0.98,75.00,32.75
"Jul 6 2009 11:14:49",0.0,0.0,1.26,75.00,32.75
"Jul 6 2009 11:14:50",0.0,0.0,0.90,75.00,32.75
"Jul 6 2009 11:14:51",0.0,0.0,1.06,74.00,32.75
"Jul 6 2009 11:14:52",0.0,0.0,1.14,73.00,32.75
"Jul 6 2009 11:14:54",0.0,0.0,0.94,74.00,32.75
"Jul 6 2009 11:14:55",0.0,0.0,0.66,74.00,32.75
"Jul 6 2009 11:14:56",0.0,0.0,1.14,75.00,32.75
"Jul 6 2009 11:14:57",0.0,0.0,1.02,75.00,32.75
"Jul 6 2009 11:14:58",0.0,0.0,1.06,75.00,32.75
"Jul 6 2009 11:14:59",0.0,0.0,1.18,75.00,32.75
"Jul 6 2009 11:15:00",0.0,0.0,0.98,75.00,32.75
"Jul 6 2009 11:15:01",0.0,0.0,1.14,75.00,32.75
"Jul 6 2009 11:15:02",0.0,0.0,0.90,75.00,32.75
"Jul 6 2009 11:15:03",0.0,0.0,0.98,73.00,32.75
"Jul 6 2009 11:15:04",0.0,0.0,0.70,74.00,32.75
"Jul 6 2009 11:15:06",0.0,0.0,1.14,73.00,32.75
"Jul 6 2009 11:15:07",0.0,0.0,0.94,75.00,32.75
"Jul 6 2009 11:15:08",0.0,0.0,0.90,75.00,32.75
"Jul 6 2009 11:15:09",0.0,0.0,1.10,75.00,32.75
"Jul 6 2009 11:15:10",0.0,0.0,0.90,75.00,32.75
"Jul 6 2009 11:15:11",0.0,0.0,0.82,75.00,32.75
"Jul 6 2009 11:15:12",0.0,0.0,1.02,74.00,32.75
"Jul 6 2009 11:15:13",0.0,0.0,0.94,74.00,32.75
"Jul 6 2009 11:15:14",0.0,0.0,0.98,73.00,32.75
"Jul 6 2009 11:15:15",0.0,0.0,1.02,74.00,32.75
"Jul 6 2009 11:15:16",0.0,0.0,0.90,74.00,32.75
"Jul 6 2009 11:15:17",0.0,0.0,1.14,75.00,32.75
"Jul 6 2009 11:15:19",0.0,0.0,0.90,74.00,32.75
"Jul 6 2009 11:15:20",0.0,0.0,0.94,74.00,32.75
"Jul 6 2009 11:15:21",0.0,0.0,1.14,75.00,32.75
"Jul 6 2009 11:15:22",0.0,0.0,0.82,74.00,32.75
"Jul 6 2009 11:15:23",0.0,0.0,0.98,75.00,32.75
"Jul 6 2009 11:15:24",0.0,0.0,1.02,74.00,32.75
"Jul 6 2009 11:15:25",0.0,0.0,1.82,75.00,32.75
"Jul 6 2009 11:15:26",0.0,0.0,1.22,75.00,32.75
"Jul 6 2009 11:15:27",0.0,0.0,0.94,75.00,32.75
"Jul 6 2009 11:15:28",0.0,0.0,1.02,75.00,32.75
"Jul 6 2009 11:15:29",0.0,0.0,0.98,73.00,32.75
"Jul 6 2009 11:15:31",0.0,0.0,1.06,75.00,32.75
"Jul 6 2009 11:15:32",0.0,0.0,0.90,74.00,32.75
"Jul 6 2009 11:15:33",0.0,0.0,1.02,74.00,34.13
"Jul 6 2009 11:15:34",0.0,0.0,0.98,75.00,34.13
"Jul 6 2009 11:15:35",0.0,0.0,0.94,75.00,34.13
"Jul 6 2009 11:15:36",0.0,0.0,1.06,73.00,34.13
"Jul 6 2009 11:15:37",0.0,0.0,0.86,75.00,34.13
"Jul 6 2009 11:15:38",0.0,0.0,0.90,75.00,34.13
"Jul 6 2009 11:15:39",0.0,0.0,1.02,75.00,34.13
"Jul 6 2009 11:15:40",0.0,0.0,1.18,75.00,32.75
"Jul 6 2009 11:15:41",0.0,0.0,1.02,75.00,34.13
"Jul 6 2009 11:15:42",0.0,0.0,0.94,75.00,34.13
"Jul 6 2009 11:15:44",0.0,0.0,1.02,75.00,34.13
"Jul 6 2009 11:15:45",0.0,0.0,0.90,75.00,34.13
"Jul 6 2009 11:15:46",0.0,0.0,1.14,75.00,34.13
"Jul 6 2009 11:15:47",0.0,0.0,0.74,75.00,34.13
"Jul 6 2009 11:15:48",0.0,0.0,1.22,74.00,34.13
"Jul 6 2009 11:15:49",0.0,0.0,1.34,75.00,34.13
"Jul 6 2009 11:15:50",0.0,0.0,1.10,75.00,34.13
"Jul 6 2009 11:15:51",0.0,0.0,1.22,75.00,34.13
"Jul 6 2009 11:15:52",0.0,0.0,0.90,75.00,34.13
"Jul 6 2009 11:15:53",0.0,0.0,0.86,75.00,34.13
"Jul 6 2009 11:15:54",0.0,0.0,1.42,75.00,34.13
"Jul 6 2009 11:15:55",0.0,0.0,1.02,75.00,34.13
"Jul 6 2009 11:15:57",0.0,0.0,1.02,75.00,34.13
"Jul 6 2009 11:15:58",0.0,0.0,0.66,75.00,34.13
"Jul 6 2009 11:15:59",0.0,0.0,1.10,75.00,34.13
"Jul 6 2009 11:16:00",0.0,0.0,1.10,75.00,34.13
"Jul 6 2009 11:16:01",0.0,0.0,1.14,75.00,34.13
"Jul 6 2009 11:16:02",0.0,0.0,1.74,75.00,34.13
"Jul 6 2009 11:16:03",0.0,0.0,1.06,75.00,34.13
"Jul 6 2009 11:16:04",0.0,0.0,1.02,75.00,34.13
"Jul 6 2009 11:16:05",0.0,0.0,0.62,75.00,34.13
"Jul 6 2009 11:16:06",0.0,0.0,0.62,75.00,34.13
"Jul 6 2009 11:16:07",0.0,0.0,1.06,75.00,34.13
"Jul 6 2009 11:16:09",0.0,0.0,0.98,75.00,34.13
"Jul 6 2009 11:16:10",0.0,0.0,1.06,74.00,34.13
"Jul 6 2009 11:16:11",0.0,0.0,0.78,74.00,34.13
"Jul 6 2009 11:16:12",0.0,0.0,1.10,75.00,34.13
"Jul 6 2009 11:16:13",0.0,0.0,1.18,75.00,34.13
"Jul 6 2009 11:16:14",0.0,0.0,0.74,75.00,34.13
"Jul 6 2009 11:16:15",0.0,0.0,1.50,74.00,34.13
"Jul 6 2009 11:16:16",0.0,0.0,0.94,74.00,34.13
"Jul 6 2009 11:16:17",0.0,0.0,0.94,75.00,34.13
"Jul 6 2009 11:16:18",0.0,0.0,0.90,74.00,34.13
"Jul 6 2009 11:16:19",0.0,0.0,0.82,75.00,34.13
"Jul 6 2009 11:16:20",0.0,0.0,1.22,75.00,34.13
"Jul 6 2009 11:16:22",0.0,0.0,0.98,73.00,34.13
"Jul 6 2009 11:16:23",0.0,0.0,0.94,73.00,32.75
"Jul 6 2009 11:16:24",0.0,0.0,0.98,74.00,32.75
"Jul 6 2009 11:16:25",0.0,0.0,0.90,73.00,32.75
"Jul 6 2009 11:16:26",0.0,0.0,1.70,73.00,32.75
"Jul 6 2009 11:16:27",0.0,0.0,1.10,74.00,32.75
"Jul 6 2009 11:16:28",0.0,0.0,0.90,75.00,32.75
"Jul 6 2009 11:16:29",0.0,0.0,1.54,75.00,32.75
"Jul 6 2009 11:16:30",0.0,0.0,0.90,74.00,32.75
"Jul 6 2009 11:16:31",0.0,0.0,0.94,75.00,32.75
"Jul 6 2009 11:16:32",0.0,0.0,0.98,74.00,32.75
"Jul 6 2009 11:16:33",0.0,0.0,0.82,75.00,32.75
"Jul 6 2009 11:16:35",0.0,0.0,1.02,74.00,32.75
"Jul 6 2009 11:16:36",0.0,0.0,1.10,74.00,32.75
"Jul 6 2009 11:16:37",0.0,0.0,1.14,75.00,32.75
"Jul 6 2009 11:16:38",0.0,0.0,1.06,74.00,32.75
"Jul 6 2009 11:16:39",0.0,0.0,1.10,74.00,32.75
"Jul 6 2009 11:16:40",0.0,0.0,0.94,73.00,32.75
"Jul 6 2009 11:16:41",0.0,0.0,0.98,74.00,32.75
"Jul 6 2009 11:16:42",0.0,0.0,1.30,75.00,32.75
"Jul 6 2009 11:16:43",0.0,0.0,0.90,74.00,32.75
"Jul 6 2009 11:16:44",0.0,0.0,0.98,74.00,32.75
"Jul 6 2009 11:16:45",0.0,0.0,0.90,74.00,32.75
"Jul 6 2009 11:16:47",0.0,0.0,0.94,73.00,32.75
"Jul 6 2009 11:16:48",0.0,0.0,0.98,73.00,32.75
"Jul 6 2009 11:16:49",0.0,0.0,1.02,73.00,32.75
"Jul 6 2009 11:16:50",0.0,0.0,0.98,72.00,32.75
"Jul 6 2009 11:16:51",0.0,0.0,0.98,72.00,32.75
"Jul 6 2009 11:16:52",0.0,0.0,1.02,73.00,32.75
"Jul 6 2009 11:16:53",0.0,0.0,1.02,73.00,32.75
"Jul 6 2009 11:16:54",0.0,0.0,0.82,72.00,32.75
"Jul 6 2009 11:16:55",0.0,0.0,0.86,72.00,32.75
"Jul 6 2009 11:16:56",0.0,0.0,0.86,73.00,32.75
"Jul 6 2009 11:16:57",0.0,0.0,0.90,73.00,32.75
"Jul 6 2009 11:16:59",0.0,0.0,1.14,73.00,32.75
"Jul 6 2009 11:17:00",0.0,0.0,0.74,72.00,32.75
"Jul 6 2009 11:17:01",0.0,0.0,0.58,72.00,32.75
"Jul 6 2009 11:17:02",0.0,0.0,1.02,72.00,32.75
"Jul 6 2009 11:17:03",0.0,0.0,0.98,72.00,32.75
"Jul 6 2009 11:17:04",0.0,0.0,1.02,72.00,32.75
"Jul 6 2009 11:17:05",0.0,0.0,0.70,73.00,32.75
"Jul 6 2009 11:17:06",0.0,0.0,0.86,72.00,32.75
"Jul 6 2009 11:17:07",0.0,0.0,1.30,72.00,32.75
"Jul 6 2009 11:17:08",0.0,0.0,1.18,72.00,32.75
"Jul 6 2009 11:17:09",0.0,0.0,1.06,72.00,32.75
"Jul 6 2009 11:17:10",0.0,0.0,0.74,72.00,32.75
"Jul 6 2009 11:17:12",0.0,0.0,1.22,72.00,32.75
"Jul 6 2009 11:17:13",0.0,0.0,1.10,72.00,32.75
"Jul 6 2009 11:17:14",0.0,0.0,0.90,73.00,32.75
"Jul 6 2009 11:17:15",0.0,0.0,1.66,72.00,32.75
"Jul 6 2009 11:17:16",0.0,0.0,0.94,72.00,32.75
"Jul 6 2009 11:17:17",0.0,0.0,0.78,72.00,32.75
"Jul 6 2009 11:17:18",0.0,0.0,1.02,72.00,32.75
"Jul 6 2009 11:17:19",0.0,0.0,1.26,72.00,32.75
"Jul 6 2009 11:17:20",0.0,0.0,1.26,72.00,32.75
"Jul 6 2009 11:17:21",0.0,0.0,0.94,72.00,31.36
"Jul 6 2009 11:17:22",0.0,0.0,0.66,72.00,31.36
"Jul 6 2009 11:17:24",0.0,0.0,0.62,72.00,31.36
"Jul 6 2009 11:17:25",0.0,0.0,0.78,73.00,31.36
"Jul 6 2009 11:17:26",0.0,0.0,1.42,72.00,31.36
"Jul 6 2009 11:17:27",0.0,0.0,1.14,72.00,31.36
"Jul 6 2009 11:17:28",0.0,0.0,1.26,72.00,31.36
"Jul 6 2009 11:17:29",0.0,0.0,1.14,72.00,31.36
"Jul 6 2009 11:17:30",0.0,0.0,1.06,72.00,31.36
"Jul 6 2009 11:17:31",0.0,0.0,1.02,72.00,31.36
"Jul 6 2009 11:17:32",0.0,0.0,1.10,72.00,31.36
"Jul 6 2009 11:17:33",0.0,0.0,1.22,72.00,31.36
"Jul 6 2009 11:17:34",0.0,0.0,0.86,72.00,31.36
"Jul 6 2009 11:17:35",0.0,0.0,1.02,73.00,31.36
"Jul 6 2009 11:17:37",0.0,0.0,1.06,72.00,31.36
"Jul 6 2009 11:17:38",0.0,0.0,0.94,72.00,31.36
"Jul 6 2009 11:17:39",0.0,0.0,0.90,73.00,31.36
"Jul 6 2009 11:17:40",0.0,0.0,1.06,73.00,31.36
"Jul 6 2009 11:17:41",0.0,0.0,0.82,73.00,31.36
"Jul 6 2009 11:17:42",0.0,0.0,0.98,73.00,31.36
"Jul 6 2009 11:17:43",0.0,0.0,1.10,73.00,31.36
"Jul 6 2009 11:17:44",0.0,0.0,0.58,72.00,31.36
"Jul 6 2009 11:17:45",0.0,0.0,1.42,73.00,31.36
"Jul 6 2009 11:17:46",0.0,0.0,1.10,72.00,31.36
"Jul 6 2009 11:17:47",0.0,0.0,0.86,72.00,31.36
"Jul 6 2009 11:17:49",0.0,0.0,0.78,72.00,31.36
"Jul 6 2009 11:17:50",0.0,0.0,0.98,72.00,31.36
"Jul 6 2009 11:17:51",0.0,0.0,0.78,72.00,31.36
"Jul 6 2009 11:17:52",0.0,0.0,0.70,73.00,31.36
"Jul 6 2009 11:17:53",0.0,0.0,0.74,73.00,31.36
"Jul 6 2009 11:17:54",0.0,0.0,1.10,72.00,31.36
"Jul 6 2009 11:17:55",0.0,0.0,1.10,73.00,31.36
"Jul 6 2009 11:17:56",0.0,0.0,1.06,73.00,31.36
"Jul 6 2009 11:17:57",0.0,0.0,0.74,73.00,31.36
"Jul 6 2009 11:17:58",0.0,0.0,0.74,73.00,31.36
"Jul 6 2009 11:17:59",0.0,0.0,1.18,73.00,31.36
"Jul 6 2009 11:18:00",0.0,0.0,1.02,73.00,31.36
"Jul 6 2009 11:18:02",0.0,0.0,0.70,73.00,31.36
"Jul 6 2009 11:18:03",0.0,0.0,0.86,73.00,31.36
"Jul 6 2009 11:18:04",0.0,0.0,1.54,73.00,31.36
"Jul 6 2009 11:18:05",0.0,0.0,1.18,73.00,31.36
"Jul 6 2009 11:18:06",0.0,0.0,1.10,73.00,31.36
"Jul 6 2009 11:18:07",0.0,0.0,0.78,73.00,31.36
"Jul 6 2009 11:18:08",0.0,0.0,0.82,73.00,31.36
"Jul 6 2009 11:18:09",0.0,0.0,0.78,73.00,31.36
"Jul 6 2009 11:18:10",0.0,0.0,1.38,73.00,31.36
"Jul 6 2009 11:18:11",0.0,0.0,1.14,73.00,31.36
"Jul 6 2009 11:18:12",0.0,0.0,0.94,73.00,31.36
"Jul 6 2009 11:18:13",0.0,0.0,1.02,72.00,31.36
"Jul 6 2009 11:18:15",0.0,0.0,0.74,72.00,31.36
"Jul 6 2009 11:18:16",0.0,0.0,1.22,73.00,31.36
"Jul 6 2009 11:18:17",0.0,0.0,0.66,73.00,31.36
"Jul 6 2009 11:18:18",0.0,0.0,0.66,73.00,31.36
"Jul 6 2009 11:18:19",0.0,0.0,0.66,73.00,31.36
"Jul 6 2009 11:18:20",0.0,0.0,1.22,73.00,31.36
"Jul 6 2009 11:18:21",0.0,0.0,1.14,73.00,31.36
"Jul 6 2009 11:18:22",0.0,0.0,1.02,72.00,31.36
"Jul 6 2009 11:18:23",0.0,0.0,0.58,72.00,31.36
"Jul 6 2009 11:18:24",0.0,0.0,0.86,73.00,31.36
"Jul 6 2009 11:18:25",0.0,0.0,0.90,73.00,31.36
"Jul 6 2009 11:18:27",0.0,0.0,1.54,73.00,31.36
"Jul 6 2009 11:18:28",0.0,0.0,1.38,72.00,31.36
"Jul 6 2009 11:18:29",0.0,0.0,1.02,72.00,31.36
"Jul 6 2009 11:18:30",0.0,0.0,1.30,73.00,31.36
"Jul 6 2009 11:18:31",0.0,0.0,0.90,74.00,31.36
"Jul 6 2009 11:18:32",0.0,0.0,0.82,74.00,31.36
"Jul 6 2009 11:18:33",0.0,0.0,0.78,72.00,31.36
"Jul 6 2009 11:18:34",0.0,0.0,1.14,73.00,31.36
"Jul 6 2009 11:18:35",0.0,0.0,0.78,72.00,31.36
"Jul 6 2009 11:18:36",0.0,0.0,1.06,72.00,31.36
"Jul 6 2009 11:18:37",0.0,0.0,1.46,74.00,31.36
"Jul 6 2009 11:18:38",0.0,0.0,0.94,72.00,31.36
"Jul 6 2009 11:18:40",0.0,0.0,0.90,72.00,31.36
"Jul 6 2009 11:18:41",0.0,0.0,0.70,73.00,31.36
"Jul 6 2009 11:18:42",0.0,0.0,0.98,75.00,31.36
"Jul 6 2009 11:18:43",0.0,0.0,0.98,75.00,31.36
"Jul 6 2009 11:18:44",0.0,0.0,0.90,75.00,31.36
"Jul 6 2009 11:18:45",0.0,0.0,1.10,73.00,31.36
"Jul 6 2009 11:18:46",0.0,0.0,0.94,72.00,31.36
"Jul 6 2009 11:18:47",0.0,0.0,0.90,74.00,31.36
"Jul 6 2009 11:18:48",0.0,0.0,0.70,73.00,31.36
"Jul 6 2009 11:18:49",0.0,0.0,1.22,73.00,31.36
"Jul 6 2009 11:18:50",0.0,0.0,0.98,73.00,31.36
"Jul 6 2009 11:18:52",0.0,0.0,0.58,74.00,31.36
"Jul 6 2009 11:18:53",0.0,0.0,0.86,73.00,31.36
"Jul 6 2009 11:18:54",0.0,0.0,0.94,73.00,31.36
"Jul 6 2009 11:18:55",0.0,0.0,1.22,73.00,31.36
"Jul 6 2009 11:18:56",0.0,0.0,1.02,72.00,31.36
"Jul 6 2009 11:18:57",0.0,0.0,0.66,72.00,31.36
"Jul 6 2009 11:18:58",0.0,0.0,0.70,72.00,31.36
"Jul 6 2009 11:18:59",0.0,0.0,1.14,72.00,31.36
"Jul 6 2009 11:19:00",0.0,0.0,0.90,72.00,31.36
"Jul 6 2009 11:19:01",0.0,0.0,0.82,72.00,31.36
"Jul 6 2009 11:19:02",0.0,0.0,1.06,72.00,31.36
"Jul 6 2009 11:19:03",0.0,0.0,1.10,72.00,31.36
"Jul 6 2009 11:19:05",0.0,0.0,1.14,72.00,31.36
"Jul 6 2009 11:19:06",0.0,0.0,0.86,72.00,31.36
"Jul 6 2009 11:19:07",0.0,0.0,1.34,72.00,31.36
"Jul 6 2009 11:19:08",0.0,0.0,1.02,72.00,31.36
"Jul 6 2009 11:19:09",0.0,0.0,1.06,72.00,31.36
"Jul 6 2009 11:19:10",0.0,0.0,1.14,72.00,31.36
"Jul 6 2009 11:19:11",0.0,0.0,0.82,73.00,31.36
"Jul 6 2009 11:19:12",0.0,0.0,0.90,73.00,31.36
"Jul 6 2009 11:19:13",0.0,0.0,1.10,73.00,32.75
"Jul 6 2009 11:19:14",0.0,0.0,1.02,72.00,31.36
"Jul 6 2009 11:19:15",0.0,0.0,0.82,72.00,31.36
"Jul 6 2009 11:19:17",0.0,0.0,1.06,73.00,31.36
"Jul 6 2009 11:19:18",0.0,0.0,0.90,72.00,31.36
"Jul 6 2009 11:19:19",0.0,0.0,0.86,72.00,31.36
"Jul 6 2009 11:19:20",0.0,0.0,0.94,72.00,31.36
"Jul 6 2009 11:19:21",0.0,0.0,0.78,72.00,31.36
"Jul 6 2009 11:19:22",0.0,0.0,1.34,72.00,31.36
"Jul 6 2009 11:19:23",0.0,0.0,0.98,72.00,31.36
"Jul 6 2009 11:19:24",0.0,0.0,0.78,72.00,31.36
"Jul 6 2009 11:19:25",0.0,0.0,1.06,73.00,31.36
"Jul 6 2009 11:19:26",0.0,0.0,1.14,72.00,31.36
"Jul 6 2009 11:19:27",0.0,0.0,0.78,72.00,31.36
"Jul 6 2009 11:19:28",0.0,0.0,0.70,72.00,31.36
"Jul 6 2009 11:19:30",0.0,0.0,1.06,72.00,31.36
"Jul 6 2009 11:19:31",0.0,0.0,0.94,72.00,31.36
"Jul 6 2009 11:19:32",0.0,0.0,1.10,72.00,31.36
"Jul 6 2009 11:19:33",0.0,0.0,0.90,72.00,31.36
"Jul 6 2009 11:19:34",0.0,0.0,0.98,72.00,31.36
"Jul 6 2009 11:19:35",0.0,0.0,0.98,72.00,31.36
"Jul 6 2009 11:19:36",0.0,0.0,1.06,72.00,31.36
"Jul 6 2009 11:19:37",0.0,0.0,0.90,72.00,31.36
"Jul 6 2009 11:19:38",0.0,0.0,1.02,72.00,31.36
"Jul 6 2009 11:19:39",0.0,0.0,1.10,72.00,31.36
"Jul 6 2009 11:19:40",0.0,0.0,0.94,72.00,31.36
"Jul 6 2009 11:19:42",0.0,0.0,1.10,72.00,31.36
"Jul 6 2009 11:19:43",0.0,0.0,1.18,72.00,31.36
"Jul 6 2009 11:19:44",0.0,0.0,1.02,72.00,31.36
"Jul 6 2009 11:19:45",0.0,0.0,0.94,72.00,31.36
"Jul 6 2009 11:19:46",0.0,0.0,0.94,72.00,31.36
"Jul 6 2009 11:19:47",0.0,0.0,1.22,72.00,31.36
"Jul 6 2009 11:19:48",0.0,0.0,1.14,72.00,31.36
"Jul 6 2009 11:19:49",0.0,0.0,0.74,72.00,31.36
"Jul 6 2009 11:19:50",0.0,0.0,1.02,72.00,31.36
"Jul 6 2009 11:19:51",0.0,0.0,1.10,72.00,31.36
"Jul 6 2009 11:19:52",0.0,0.0,0.94,72.00,31.36
"Jul 6 2009 11:19:53",0.0,0.0,0.94,72.00,31.36
"Jul 6 2009 11:19:55",0.0,0.0,0.94,72.00,31.36
"Jul 6 2009 11:19:56",0.0,0.0,0.90,71.00,31.36
"Jul 6 2009 11:19:57",0.0,0.0,1.06,71.00,31.36
"Jul 6 2009 11:19:58",0.0,0.0,0.98,72.00,31.36
"Jul 6 2009 11:19:59",0.0,0.0,0.82,72.00,31.36
"Jul 6 2009 11:20:00",0.0,0.0,1.38,72.00,31.36
"Jul 6 2009 11:20:01",0.0,0.0,0.90,72.00,31.36
"Jul 6 2009 11:20:02",0.0,0.0,1.06,72.00,31.36
"Jul 6 2009 11:20:03",0.0,0.0,0.90,72.00,31.36
"Jul 6 2009 11:20:04",0.0,0.0,0.66,72.00,31.36
"Jul 6 2009 11:20:05",0.0,0.0,0.90,72.00,31.36
"Jul 6 2009 11:20:07",0.0,0.0,0.94,72.00,31.36
"Jul 6 2009 11:20:08",0.0,0.0,0.86,71.00,31.36
"Jul 6 2009 11:20:09",0.0,0.0,0.90,72.00,31.36
"Jul 6 2009 11:20:10",0.0,0.0,1.10,71.00,31.36
"Jul 6 2009 11:20:11",0.0,0.0,0.74,71.00,31.36
"Jul 6 2009 11:20:12",0.0,0.0,1.06,71.00,31.36
"Jul 6 2009 11:20:13",0.0,0.0,1.02,71.00,29.98
"Jul 6 2009 11:20:14",0.0,0.0,1.46,71.00,29.98
"Jul 6 2009 11:20:15",0.0,0.0,1.02,71.00,31.36
"Jul 6 2009 11:20:16",0.0,0.0,0.82,71.00,29.98
"Jul 6 2009 11:20:17",0.0,0.0,0.98,72.00,29.98
"Jul 6 2009 11:20:18",0.0,0.0,0.66,72.00,29.98
"Jul 6 2009 11:20:20",0.0,0.0,1.06,74.00,29.98
"Jul 6 2009 11:20:21",0.0,0.0,1.06,72.00,31.36
"Jul 6 2009 11:20:22",0.0,0.0,0.98,72.00,29.98
"Jul 6 2009 11:20:23",0.0,0.0,0.82,71.00,29.98
"Jul 6 2009 11:20:24",0.0,0.0,1.14,72.00,29.98
"Jul 6 2009 11:20:25",0.0,0.0,0.74,72.00,29.98
"Jul 6 2009 11:20:26",0.0,0.0,0.90,72.00,29.98
"Jul 6 2009 11:20:27",0.0,0.0,0.98,72.00,29.98
"Jul 6 2009 11:20:28",0.0,0.0,0.82,72.00,29.98
"Jul 6 2009 11:20:29",0.0,0.0,1.02,72.00,29.98
"Jul 6 2009 11:20:30",0.0,0.0,0.50,73.00,29.98
"Jul 6 2009 11:20:32",0.0,0.0,0.86,73.00,31.36
"Jul 6 2009 11:20:33",0.0,0.0,1.34,73.00,29.98
"Jul 6 2009 11:20:34",0.0,0.0,1.06,74.00,31.36
"Jul 6 2009 11:20:35",0.0,0.0,0.86,75.00,31.36
"Jul 6 2009 11:20:36",0.0,0.0,1.14,73.00,31.36
"Jul 6 2009 11:20:37",0.0,0.0,1.14,74.00,31.36
"Jul 6 2009 11:20:38",0.0,0.0,1.18,73.00,31.36
"Jul 6 2009 11:20:39",0.0,0.0,1.34,73.00,31.36
"Jul 6 2009 11:20:40",0.0,0.0,0.90,73.00,31.36
"Jul 6 2009 11:20:41",0.0,0.0,1.30,73.00,31.36
"Jul 6 2009 11:20:42",0.0,0.0,0.90,73.00,31.36
"Jul 6 2009 11:20:43",0.0,0.0,0.58,73.00,31.36
"Jul 6 2009 11:20:45",0.0,0.0,0.54,72.00,31.36
"Jul 6 2009 11:20:46",0.0,0.0,0.94,72.00,31.36
"Jul 6 2009 11:20:47",0.0,0.0,1.06,72.00,31.36
"Jul 6 2009 11:20:48",0.0,0.0,1.02,72.00,31.36
"Jul 6 2009 11:20:49",0.0,0.0,1.06,72.00,31.36
"Jul 6 2009 11:20:50",0.0,0.0,0.90,72.00,31.36
"Jul 6 2009 11:20:51",0.0,0.0,0.86,72.00,31.36
"Jul 6 2009 11:20:52",0.0,0.0,0.70,72.00,31.36
"Jul 6 2009 11:20:53",0.0,0.0,1.50,72.00,31.36
"Jul 6 2009 11:20:54",0.0,0.0,1.06,72.00,31.36
"Jul 6 2009 11:20:55",0.0,0.0,0.78,72.00,31.36
"Jul 6 2009 11:20:56",0.0,0.0,1.14,72.00,31.36
"Jul 6 2009 11:20:58",0.0,0.0,1.14,72.00,31.36
"Jul 6 2009 11:20:59",0.0,0.0,1.06,72.00,31.36
"Jul 6 2009 11:21:00",0.0,0.0,0.98,75.00,31.36
"Jul 6 2009 11:21:01",0.0,0.0,0.90,72.00,31.36
"Jul 6 2009 11:21:02",0.0,0.0,1.14,73.00,31.36
"Jul 6 2009 11:21:03",0.0,0.0,0.74,73.00,31.36
"Jul 6 2009 11:21:04",0.0,0.0,1.06,72.00,31.36
"Jul 6 2009 11:21:05",0.0,0.0,1.18,72.00,31.36
"Jul 6 2009 11:21:06",0.0,0.0,0.94,72.00,31.36
"Jul 6 2009 11:21:07",0.0,0.0,1.02,74.00,31.36
"Jul 6 2009 11:21:08",0.0,0.0,1.02,72.00,31.36
"Jul 6 2009 11:21:10",0.0,0.0,0.98,75.00,31.36
"Jul 6 2009 11:21:11",0.0,0.0,0.90,74.00,31.36
"Jul 6 2009 11:21:12",0.0,0.0,0.82,75.00,31.36
"Jul 6 2009 11:21:13",0.0,0.0,1.30,75.00,31.36
"Jul 6 2009 11:21:14",0.0,0.0,1.02,73.00,31.36
"Jul 6 2009 11:21:15",0.0,0.0,1.02,73.00,31.36
"Jul 6 2009 11:21:16",0.0,0.0,0.98,72.00,31.36
"Jul 6 2009 11:21:17",0.0,0.0,0.94,72.00,31.36
"Jul 6 2009 11:21:18",0.0,0.0,0.98,72.00,31.36
"Jul 6 2009 11:21:19",0.0,0.0,0.82,72.00,31.36
"Jul 6 2009 11:21:20",0.0,0.0,0.98,72.00,31.36
"Jul 6 2009 11:21:21",0.0,0.0,1.14,72.00,31.36
"Jul 6 2009 11:21:23",0.0,0.0,0.94,71.00,31.36
"Jul 6 2009 11:21:24",0.0,0.0,1.14,72.00,31.36
"Jul 6 2009 11:21:25",0.0,0.0,1.02,71.00,31.36
"Jul 6 2009 11:21:26",0.0,0.0,1.06,71.00,31.36
"Jul 6 2009 11:21:27",0.0,0.0,1.06,71.00,31.36
"Jul 6 2009 11:21:28",0.0,0.0,0.90,71.00,31.36
"Jul 6 2009 11:21:29",0.0,0.0,1.06,73.00,31.36
"Jul 6 2009 11:21:30",0.0,0.0,0.74,72.00,31.36
"Jul 6 2009 11:21:31",0.0,0.0,0.94,73.00,31.36
"Jul 6 2009 11:21:32",0.0,0.0,1.06,73.00,31.36
"Jul 6 2009 11:21:33",0.0,0.0,0.94,72.00,31.36
"Jul 6 2009 11:21:35",0.0,0.0,0.82,72.00,31.36
"Jul 6 2009 11:21:36",0.0,0.0,0.94,72.00,31.36
"Jul 6 2009 11:21:37",0.0,0.0,1.30,72.00,31.36
"Jul 6 2009 11:21:38",0.0,0.0,1.22,72.00,31.36
"Jul 6 2009 11:21:39",0.0,0.0,0.82,72.00,31.36
"Jul 6 2009 11:21:40",0.0,0.0,1.46,75.00,31.36
"Jul 6 2009 11:21:41",0.0,0.0,0.86,74.00,31.36
"Jul 6 2009 11:21:42",0.0,0.0,0.98,72.00,31.36
"Jul 6 2009 11:21:43",0.0,0.0,0.78,73.00,31.36
"Jul 6 2009 11:21:44",0.0,0.0,1.46,74.00,31.36
"Jul 6 2009 11:21:45",0.0,0.0,0.98,75.00,31.36
"Jul 6 2009 11:21:46",0.0,0.0,0.78,74.00,31.36
"Jul 6 2009 11:21:48",0.0,0.0,0.62,74.00,31.36
"Jul 6 2009 11:21:49",0.0,0.0,1.02,75.00,31.36
"Jul 6 2009 11:21:50",0.0,0.0,1.50,75.00,32.75
"Jul 6 2009 11:21:51",0.0,0.0,1.10,73.00,32.75
"Jul 6 2009 11:21:52",0.0,0.0,1.10,72.00,32.75
"Jul 6 2009 11:21:53",0.0,0.0,1.02,72.00,31.36
"Jul 6 2009 11:21:54",0.0,0.0,0.90,73.00,32.75
"Jul 6 2009 11:21:55",0.0,0.0,1.38,72.00,31.36
"Jul 6 2009 11:21:56",0.0,0.0,1.06,72.00,32.75
"Jul 6 2009 11:21:57",0.0,0.0,0.58,72.00,32.75
"Jul 6 2009 11:21:58",0.0,0.0,1.22,72.00,32.75
"Jul 6 2009 11:21:59",0.0,0.0,0.98,72.00,31.36
"Jul 6 2009 11:22:01",0.0,0.0,1.02,72.00,31.36
"Jul 6 2009 11:22:02",0.0,0.0,0.98,72.00,31.36
"Jul 6 2009 11:22:03",0.0,0.0,1.02,72.00,31.36
"Jul 6 2009 11:22:04",0.0,0.0,0.86,72.00,31.36
"Jul 6 2009 11:22:05",0.0,0.0,1.02,72.00,31.36
"Jul 6 2009 11:22:06",0.0,0.0,0.90,72.00,31.36
"Jul 6 2009 11:22:07",0.0,0.0,0.98,72.00,31.36
"Jul 6 2009 11:22:08",0.0,0.0,1.06,72.00,31.36
"Jul 6 2009 11:22:09",0.0,0.0,0.98,74.00,31.36
"Jul 6 2009 11:22:10",0.0,0.0,0.98,72.00,31.36
"Jul 6 2009 11:22:11",0.0,0.0,0.90,72.00,31.36
"Jul 6 2009 11:22:13",0.0,0.0,1.30,72.00,31.36
"Jul 6 2009 11:22:14",0.0,0.0,0.98,72.00,31.36
"Jul 6 2009 11:22:15",0.0,0.0,0.90,73.00,31.36
"Jul 6 2009 11:22:16",0.0,0.0,1.46,74.00,31.36
"Jul 6 2009 11:22:17",0.0,0.0,1.22,72.00,31.36
"Jul 6 2009 11:22:18",0.0,0.0,0.66,72.00,31.36
"Jul 6 2009 11:22:19",0.0,0.0,1.10,72.00,31.36
"Jul 6 2009 11:22:20",0.0,0.0,1.06,72.00,31.36
"Jul 6 2009 11:22:21",0.0,0.0,1.10,73.00,31.36
"Jul 6 2009 11:22:22",0.0,0.0,1.06,72.00,31.36
"Jul 6 2009 11:22:23",0.0,0.0,1.62,72.00,31.36
"Jul 6 2009 11:22:24",0.0,0.0,1.02,72.00,31.36
"Jul 6 2009 11:22:26",0.0,0.0,0.74,72.00,31.36
"Jul 6 2009 11:22:27",0.0,0.0,1.50,72.00,31.36
"Jul 6 2009 11:22:28",0.0,0.0,0.98,72.00,31.36
"Jul 6 2009 11:22:29",0.0,0.0,0.74,72.00,31.36
"Jul 6 2009 11:22:30",0.0,0.0,0.90,72.00,31.36
"Jul 6 2009 11:22:31",0.0,0.0,1.18,72.00,31.36
"Jul 6 2009 11:22:32",0.0,0.0,0.82,72.00,31.36
"Jul 6 2009 11:22:33",0.0,0.0,0.90,72.00,31.36
"Jul 6 2009 11:22:34",0.0,0.0,0.58,72.00,31.36
"Jul 6 2009 11:22:35",0.0,0.0,1.06,72.00,31.36
"Jul 6 2009 11:22:36",0.0,0.0,0.86,72.00,31.36
"Jul 6 2009 11:22:38",0.0,0.0,0.86,72.00,31.36
"Jul 6 2009 11:22:39",0.0,0.0,0.74,72.00,31.36
"Jul 6 2009 11:22:40",0.0,0.0,0.98,73.00,31.36
"Jul 6 2009 11:22:41",0.0,0.0,0.94,72.00,31.36
"Jul 6 2009 11:22:42",0.0,0.0,0.94,73.00,31.36
"Jul 6 2009 11:22:43",0.0,0.0,0.94,74.00,31.36
"Jul 6 2009 11:22:44",0.0,0.0,1.02,72.00,31.36
"Jul 6 2009 11:22:45",0.0,0.0,0.74,73.00,31.36
"Jul 6 2009 11:22:46",0.0,0.0,1.58,75.00,31.36
"Jul 6 2009 11:22:47",0.0,0.0,0.98,75.00,31.36
"Jul 6 2009 11:22:48",0.0,0.0,0.90,73.00,31.36
"Jul 6 2009 11:22:49",0.0,0.0,1.14,72.00,31.36
"Jul 6 2009 11:22:51",0.0,0.0,0.94,73.00,31.36
"Jul 6 2009 11:22:52",0.0,0.0,1.26,72.00,31.36
"Jul 6 2009 11:22:53",0.0,0.0,1.02,72.00,31.36
"Jul 6 2009 11:22:54",0.0,0.0,1.26,72.00,31.36
"Jul 6 2009 11:22:55",0.0,0.0,0.78,72.00,31.36
"Jul 6 2009 11:22:56",0.0,0.0,0.94,72.00,31.36
"Jul 6 2009 11:22:57",0.0,0.0,0.94,72.00,31.36
"Jul 6 2009 11:22:58",0.0,0.0,1.22,73.00,31.36
"Jul 6 2009 11:22:59",0.0,0.0,0.78,75.00,31.36
"Jul 6 2009 11:23:00",0.0,0.0,1.02,73.00,31.36
"Jul 6 2009 11:23:01",0.0,0.0,0.82,75.00,32.75
"Jul 6 2009 11:23:03",0.0,0.0,1.02,75.00,32.75
"Jul 6 2009 11:23:04",0.0,0.0,0.90,74.00,32.75
"Jul 6 2009 11:23:05",0.0,0.0,1.14,73.00,32.75
"Jul 6 2009 11:23:06",0.0,0.0,1.02,73.00,32.75
"Jul 6 2009 11:23:07",0.0,0.0,0.78,75.00,32.75
"Jul 6 2009 11:23:08",0.0,0.0,1.26,73.00,32.75
"Jul 6 2009 11:23:09",0.0,0.0,0.90,73.00,32.75
"Jul 6 2009 11:23:10",0.0,0.0,1.06,75.00,32.75
"Jul 6 2009 11:23:11",0.0,0.0,1.10,73.00,32.75
"Jul 6 2009 11:23:12",0.0,0.0,0.98,73.00,32.75
"Jul 6 2009 11:23:13",0.0,0.0,0.94,73.00,32.75
"Jul 6 2009 11:23:14",0.0,0.0,1.06,75.00,32.75
"Jul 6 2009 11:23:16",0.0,0.0,0.82,75.00,32.75
"Jul 6 2009 11:23:17",0.0,0.0,1.06,73.00,32.75
"Jul 6 2009 11:23:18",0.0,0.0,0.78,75.00,34.13
"Jul 6 2009 11:23:19",0.0,0.0,1.02,73.00,34.13
"Jul 6 2009 11:23:20",0.0,0.0,0.98,74.00,34.13
"Jul 6 2009 11:23:21",0.0,0.0,0.98,75.00,34.13
"Jul 6 2009 11:23:22",0.0,0.0,0.94,74.00,34.13
"Jul 6 2009 11:23:23",0.0,0.0,0.98,75.00,34.13
"Jul 6 2009 11:23:24",0.0,0.0,1.06,73.00,34.13
"Jul 6 2009 11:23:25",0.0,0.0,1.10,73.00,34.13
"Jul 6 2009 11:23:26",0.0,0.0,0.90,73.00,34.13
"Jul 6 2009 11:23:27",0.0,0.0,0.74,73.00,34.13
"Jul 6 2009 11:23:29",0.0,0.0,0.98,73.00,34.13
"Jul 6 2009 11:23:30",0.0,0.0,0.74,73.00,34.13
"Jul 6 2009 11:23:31",0.0,0.0,1.14,73.00,34.13
"Jul 6 2009 11:23:32",0.0,0.0,0.94,73.00,34.13
"Jul 6 2009 11:23:33",0.0,0.0,0.90,73.00,34.13
"Jul 6 2009 11:23:34",42.313892,-71.03908,0.86,73.00,34.13
"Jul 6 2009 11:23:35",42.313908,-71.03907,1.22,73.00,34.13
"Jul 6 2009 11:23:36",42.313908,-71.03899,0.70,73.00,34.13
"Jul 6 2009 11:23:37",42.313885,-71.03908,0.90,72.00,34.13
"Jul 6 2009 11:23:38",42.313915,-71.039154,1.18,72.00,34.13
"Jul 6 2009 11:23:39",42.314007,-71.03913,0.82,72.00,34.13
"Jul 6 2009 11:23:40",42.3139,-71.03907,0.90,72.00,34.13
"Jul 6 2009 11:23:41",42.313965,-71.03907,0.90,72.00,34.13
"Jul 6 2009 11:23:43",42.313957,-71.03908,1.02,73.00,34.13
"Jul 6 2009 11:23:44",42.31393,-71.03903,0.66,72.00,34.13
"Jul 6 2009 11:23:45",42.313908,-71.0391,1.14,72.00,34.13
"Jul 6 2009 11:23:46",42.31398,-71.03905,1.06,75.00,34.13
"Jul 6 2009 11:23:47",42.313877,-71.039085,0.90,73.00,34.13
"Jul 6 2009 11:23:48",42.313923,-71.03903,1.06,73.00,34.13
"Jul 6 2009 11:23:49",42.3139,-71.03903,0.86,74.00,34.13
"Jul 6 2009 11:23:50",42.313908,-71.03907,1.42,75.00,34.13
"Jul 6 2009 11:23:51",42.313885,-71.03905,0.98,75.00,34.13
"Jul 6 2009 11:23:52",42.313885,-71.03906,0.78,75.00,35.52
"Jul 6 2009 11:23:53",42.31393,-71.039116,0.94,75.00,35.52
"Jul 6 2009 11:23:54",42.313892,-71.03907,1.06,75.00,35.52
"Jul 6 2009 11:23:55",42.313858,-71.039116,0.86,75.00,35.52
"Jul 6 2009 11:23:57",42.313877,-71.03907,0.90,73.00,35.52
"Jul 6 2009 11:23:58",42.31393,-71.039024,0.62,73.00,35.52
"Jul 6 2009 11:23:59",42.313885,-71.03903,0.98,73.00,35.52
"Jul 6 2009 11:24:00",42.313885,-71.039024,0.94,73.00,35.52
"Jul 6 2009 11:24:01",42.313892,-71.03902,0.98,73.00,35.52
"Jul 6 2009 11:24:02",42.3139,-71.03902,1.90,72.00,35.52
"Jul 6 2009 11:24:03",42.313915,-71.03898,1.14,73.00,35.52
"Jul 6 2009 11:24:04",42.313908,-71.03897,0.74,73.00,35.52
"Jul 6 2009 11:24:05",42.313908,-71.03897,1.22,73.00,35.52
"Jul 6 2009 11:24:06",42.313908,-71.03896,1.10,73.00,35.52
"Jul 6 2009 11:24:07",42.313908,-71.038956,1.22,72.00,35.52
"Jul 6 2009 11:24:08",42.313923,-71.038956,0.98,72.00,35.52
"Jul 6 2009 11:24:09",42.313942,-71.038956,0.90,72.00,35.52
"Jul 6 2009 11:24:10",42.31395,-71.03895,1.02,72.00,34.13
"Jul 6 2009 11:24:11",42.313957,-71.03894,1.34,72.00,34.13
"Jul 6 2009 11:24:13",42.313957,-71.03894,1.34,72.00,34.13
"Jul 6 2009 11:24:14",42.313957,-71.03894,1.86,72.00,34.13
"Jul 6 2009 11:24:15",42.313965,-71.03893,1.02,72.00,34.13
"Jul 6 2009 11:24:16",42.313957,-71.03893,1.50,72.00,34.13
"Jul 6 2009 11:24:17",42.313965,-71.03893,0.90,72.00,34.13
"Jul 6 2009 11:24:18",42.313972,-71.038925,1.26,72.00,34.13
"Jul 6 2009 11:24:19",42.31398,-71.03892,1.22,72.00,34.13
"Jul 6 2009 11:24:20",42.313988,-71.03892,1.02,72.00,34.13
"Jul 6 2009 11:24:21",42.314,-71.03892,1.06,71.00,34.13
"Jul 6 2009 11:24:22",42.314014,-71.038925,1.46,71.00,34.13
"Jul 6 2009 11:24:23",42.314037,-71.038925,1.70,72.00,34.13
"Jul 6 2009 11:24:24",42.314053,-71.03892,1.38,72.00,34.13
"Jul 6 2009 11:24:26",42.31408,-71.03892,1.34,72.00,34.13
"Jul 6 2009 11:24:27",42.314095,-71.03892,1.18,72.00,34.13
"Jul 6 2009 11:24:28",42.314102,-71.03891,1.46,72.00,34.13
"Jul 6 2009 11:24:29",42.31412,-71.0389,1.38,72.00,34.13
"Jul 6 2009 11:24:30",42.314137,-71.0389,0.98,73.00,34.13
"Jul 6 2009 11:24:31",42.314144,-71.03891,1.02,72.00,34.13
"Jul 6 2009 11:24:32",42.31415,-71.03891,1.06,72.00,34.13
"Jul 6 2009 11:24:33",42.31416,-71.0389,1.06,72.00,34.13
"Jul 6 2009 11:24:34",42.314167,-71.03891,0.90,72.00,34.13
"Jul 6 2009 11:24:35",42.31415,-71.03892,1.02,71.00,34.13
"Jul 6 2009 11:24:36",42.314144,-71.03892,0.98,72.00,34.13
"Jul 6 2009 11:24:37",42.31413,-71.03892,0.98,73.00,34.13
"Jul 6 2009 11:24:38",42.314095,-71.03894,1.22,73.00,34.13
"Jul 6 2009 11:24:40",42.31411,-71.03895,1.50,75.00,35.52
"Jul 6 2009 11:24:41",42.31411,-71.03896,1.50,73.00,35.52
"Jul 6 2009 11:24:42",42.31413,-71.03898,1.06,72.00,34.13
"Jul 6 2009 11:24:43",42.314137,-71.03898,0.98,72.00,34.13
"Jul 6 2009 11:24:44",42.314175,-71.038994,0.98,73.00,34.13
"Jul 6 2009 11:24:45",42.3142,-71.03901,1.06,74.00,34.13
"Jul 6 2009 11:24:46",42.3142,-71.039024,1.10,74.00,34.13
"Jul 6 2009 11:24:47",42.314194,-71.03901,0.94,75.00,35.52
"Jul 6 2009 11:24:48",42.314194,-71.039024,0.90,75.00,35.52
"Jul 6 2009 11:24:49",42.314186,-71.039024,1.26,75.00,35.52
"Jul 6 2009 11:24:50",42.314175,-71.03903,1.06,75.00,35.52
"Jul 6 2009 11:24:51",42.314175,-71.03905,1.02,75.00,35.52
"Jul 6 2009 11:24:52",42.314167,-71.03904,1.14,73.00,35.52
"Jul 6 2009 11:24:53",42.314167,-71.03905,1.30,73.00,35.52
"Jul 6 2009 11:24:55",42.314167,-71.03907,0.86,73.00,35.52
"Jul 6 2009 11:24:56",42.31416,-71.03906,0.90,72.00,34.13
"Jul 6 2009 11:24:57",42.314175,-71.03907,1.02,72.00,34.13
"Jul 6 2009 11:24:58",42.314175,-71.039055,0.90,72.00,34.13
"Jul 6 2009 11:24:59",42.314167,-71.039055,1.10,72.00,34.13
"Jul 6 2009 11:25:00",42.314186,-71.03907,1.10,73.00,34.13
"Jul 6 2009 11:25:01",42.314175,-71.03907,0.90,72.00,34.13
"Jul 6 2009 11:25:02",42.314186,-71.039085,0.98,72.00,34.13
"Jul 6 2009 11:25:03",42.31416,-71.039085,1.14,72.00,34.13
"Jul 6 2009 11:25:04",42.31415,-71.0391,0.94,72.00,34.13
"Jul 6 2009 11:25:05",42.31413,-71.039085,0.86,72.00,34.13
"Jul 6 2009 11:25:06",42.31411,-71.039085,0.98,72.00,34.13
"Jul 6 2009 11:25:08",42.314102,-71.0391,0.86,73.00,34.13
"Jul 6 2009 11:25:09",42.314087,-71.0391,0.98,73.00,34.13
"Jul 6 2009 11:25:10",42.31412,-71.03915,1.18,74.00,34.13
"Jul 6 2009 11:25:11",42.314175,-71.03918,0.82,72.00,34.13
"Jul 6 2009 11:25:12",42.3142,-71.03918,0.94,72.00,34.13
"Jul 6 2009 11:25:13",42.314175,-71.03918,0.86,73.00,34.13
"Jul 6 2009 11:25:14",42.31416,-71.03918,1.10,74.00,34.13
"Jul 6 2009 11:25:15",42.314167,-71.039185,0.90,73.00,34.13
"Jul 6 2009 11:25:16",42.314167,-71.039185,1.10,73.00,34.13
"Jul 6 2009 11:25:17",42.31416,-71.03923,0.98,73.00,34.13
"Jul 6 2009 11:25:18",42.31416,-71.03919,0.62,73.00,34.13
"Jul 6 2009 11:25:19",42.314167,-71.039154,1.06,74.00,34.13
"Jul 6 2009 11:25:21",42.31415,-71.03913,1.02,73.00,34.13
"Jul 6 2009 11:25:21",42.31415,-71.03913,0.94,72.00,34.13
"Jul 6 2009 11:25:23",42.31415,-71.03914,0.98,72.00,34.13
"Jul 6 2009 11:25:24",42.31415,-71.03913,1.02,73.00,34.13
"Jul 6 2009 11:25:25",42.31415,-71.03911,1.02,74.00,34.13
"Jul 6 2009 11:25:26",42.31415,-71.03909,1.06,75.00,34.13
"Jul 6 2009 11:25:27",42.31416,-71.03907,1.22,73.00,34.13
"Jul 6 2009 11:25:28",42.314167,-71.039055,0.98,72.00,34.13
"Jul 6 2009 11:25:29",42.314167,-71.039055,1.02,72.00,34.13
"Jul 6 2009 11:25:30",42.314144,-71.03905,0.94,73.00,34.13
"Jul 6 2009 11:25:31",42.31412,-71.03904,1.02,74.00,34.13
"Jul 6 2009 11:25:32",42.314095,-71.03903,0.90,72.00,34.13
"Jul 6 2009 11:25:33",42.314087,-71.03903,1.22,72.00,34.13
"Jul 6 2009 11:25:34",42.314087,-71.03903,0.98,72.00,34.13
"Jul 6 2009 11:25:36",42.314053,-71.03911,1.06,72.00,34.13
"Jul 6 2009 11:25:37",42.314087,-71.03916,0.86,74.00,34.13
"Jul 6 2009 11:25:38",42.314102,-71.03917,0.86,73.00,34.13
"Jul 6 2009 11:25:39",42.314137,-71.03916,0.94,73.00,34.13
"Jul 6 2009 11:25:40",42.31412,-71.03916,1.38,73.00,34.13
"Jul 6 2009 11:25:41",42.31412,-71.03917,0.98,73.00,34.13
"Jul 6 2009 11:25:42",42.314102,-71.03916,1.14,73.00,34.13
"Jul 6 2009 11:25:43",42.314064,-71.039116,0.86,73.00,34.13
"Jul 6 2009 11:25:44",42.31408,-71.03909,1.10,73.00,34.13
"Jul 6 2009 11:25:45",42.31408,-71.03908,1.18,73.00,34.13
"Jul 6 2009 11:25:46",42.31407,-71.03906,0.98,72.00,34.13
"Jul 6 2009 11:25:47",42.314045,-71.03906,0.94,72.00,34.13
"Jul 6 2009 11:25:48",42.314022,-71.03907,0.98,73.00,34.13
"Jul 6 2009 11:25:50",42.314037,-71.03911,0.86,73.00,34.13
"Jul 6 2009 11:25:51",42.314064,-71.0391,0.98,74.00,34.13
"Jul 6 2009 11:25:52",42.314064,-71.03907,0.98,75.00,34.13
"Jul 6 2009 11:25:53",42.31408,-71.03905,1.10,75.00,34.13
"Jul 6 2009 11:25:54",42.314095,-71.03904,0.94,74.00,34.13
"Jul 6 2009 11:25:55",42.314095,-71.039024,0.86,74.00,34.13
"Jul 6 2009 11:25:56",42.314102,-71.03904,0.86,74.00,34.13
"Jul 6 2009 11:25:57",42.314087,-71.03905,1.02,74.00,34.13
"Jul 6 2009 11:25:58",42.31407,-71.039055,1.06,75.00,34.13
"Jul 6 2009 11:25:59",42.31408,-71.03909,0.90,74.00,34.13
"Jul 6 2009 11:26:00",42.314087,-71.03909,0.98,75.00,34.13
"Jul 6 2009 11:26:01",42.314087,-71.039085,1.06,72.00,34.13
"Jul 6 2009 11:26:03",42.314045,-71.03907,1.02,72.00,34.13
"Jul 6 2009 11:26:04",42.314053,-71.03907,0.90,72.00,34.13
"Jul 6 2009 11:26:05",42.314053,-71.03909,0.98,73.00,34.13
"Jul 6 2009 11:26:06",42.314053,-71.0391,0.78,73.00,34.13
"Jul 6 2009 11:26:07",42.314064,-71.03911,1.02,72.00,34.13
"Jul 6 2009 11:26:08",42.31407,-71.039116,1.06,72.00,34.13
"Jul 6 2009 11:26:09",42.31408,-71.03913,0.98,72.00,34.13
"Jul 6 2009 11:26:10",42.31408,-71.03913,0.98,72.00,34.13
"Jul 6 2009 11:26:11",42.31407,-71.03913,0.78,72.00,34.13
"Jul 6 2009 11:26:12",42.31407,-71.03914,0.98,72.00,34.13
"Jul 6 2009 11:26:13",42.314064,-71.03914,0.94,72.00,34.13
"Jul 6 2009 11:26:14",42.314064,-71.03914,0.98,72.00,34.13
"Jul 6 2009 11:26:15",42.314053,-71.03914,0.90,72.00,34.13
"Jul 6 2009 11:26:16",42.31403,-71.03921,1.06,72.00,34.13
"Jul 6 2009 11:26:18",42.31395,-71.03928,1.06,72.00,34.13
"Jul 6 2009 11:26:19",42.31395,-71.039276,0.90,72.00,34.13
"Jul 6 2009 11:26:20",42.313957,-71.03924,0.94,72.00,34.13
"Jul 6 2009 11:26:21",42.313972,-71.03923,0.86,72.00,34.13
"Jul 6 2009 11:26:22",42.31398,-71.039215,1.06,73.00,34.13
"Jul 6 2009 11:26:23",42.314,-71.03919,1.02,73.00,34.13
"Jul 6 2009 11:26:24",42.313988,-71.039185,0.70,72.00,34.13
"Jul 6 2009 11:26:25",42.313972,-71.03917,0.90,72.00,34.13
"Jul 6 2009 11:26:26",42.31398,-71.03916,0.94,72.00,34.13
"Jul 6 2009 11:26:27",42.313988,-71.03918,0.90,73.00,34.13
"Jul 6 2009 11:26:28",42.313972,-71.03919,1.02,73.00,34.13
"Jul 6 2009 11:26:29",42.313957,-71.03919,1.02,73.00,34.13
"Jul 6 2009 11:26:31",42.31393,-71.039215,0.90,73.00,34.13
"Jul 6 2009 11:26:32",42.313915,-71.03922,1.26,73.00,34.13
"Jul 6 2009 11:26:33",42.3139,-71.03924,0.66,73.00,34.13
"Jul 6 2009 11:26:34",42.313915,-71.03919,1.10,74.00,34.13
"Jul 6 2009 11:26:35",42.313915,-71.0392,1.02,73.00,34.13
"Jul 6 2009 11:26:36",42.3139,-71.03922,1.06,73.00,34.13
"Jul 6 2009 11:26:37",42.313866,-71.03925,0.94,74.00,34.13
"Jul 6 2009 11:26:38",42.313877,-71.03925,0.74,74.00,34.13
"Jul 6 2009 11:26:39",42.3139,-71.03926,0.98,75.00,34.13
"Jul 6 2009 11:26:40",42.31395,-71.03927,1.10,75.00,34.13
"Jul 6 2009 11:26:41",42.313957,-71.03927,1.02,73.00,34.13
"Jul 6 2009 11:26:42",42.313957,-71.03927,0.78,73.00,34.13
"Jul 6 2009 11:26:43",42.31393,-71.03927,1.14,73.00,34.13
"Jul 6 2009 11:26:44",42.313915,-71.03924,0.78,74.00,34.13
"Jul 6 2009 11:26:46",42.313877,-71.039215,1.06,75.00,34.13
"Jul 6 2009 11:26:47",42.313866,-71.0392,0.98,75.00,34.13
"Jul 6 2009 11:26:48",42.31385,-71.039185,1.02,75.00,34.13
"Jul 6 2009 11:26:49",42.313877,-71.03923,0.82,75.00,34.13
"Jul 6 2009 11:26:50",42.313915,-71.03927,0.90,75.00,34.13
"Jul 6 2009 11:26:51",42.313915,-71.03927,1.14,75.00,34.13
"Jul 6 2009 11:26:52",42.313908,-71.039276,0.78,75.00,34.13
"Jul 6 2009 11:26:53",42.3139,-71.03929,1.02,74.00,34.13
"Jul 6 2009 11:26:54",42.313885,-71.0393,1.02,75.00,34.13
"Jul 6 2009 11:26:55",42.313877,-71.03931,0.82,74.00,34.13
"Jul 6 2009 11:26:56",42.313858,-71.03934,0.74,75.00,34.13
"Jul 6 2009 11:26:57",42.31385,-71.03935,1.10,75.00,34.13
"Jul 6 2009 11:26:58",42.313858,-71.03936,1.50,75.00,34.13
"Jul 6 2009 11:27:00",42.313858,-71.03934,1.14,75.00,34.13
"Jul 6 2009 11:27:01",42.31385,-71.03933,1.18,75.00,34.13
"Jul 6 2009 11:27:02",42.313843,-71.03932,0.58,75.00,34.13
"Jul 6 2009 11:27:03",42.313835,-71.03933,0.66,74.00,34.13
"Jul 6 2009 11:27:04",42.313828,-71.03934,0.82,75.00,34.13
"Jul 6 2009 11:27:05",42.313828,-71.03936,1.06,74.00,34.13
"Jul 6 2009 11:27:06",42.31382,-71.039375,1.10,75.00,34.13
"Jul 6 2009 11:27:07",42.31381,-71.039375,0.90,75.00,34.13
"Jul 6 2009 11:27:08",42.3138,-71.03939,0.90,75.00,34.13
"Jul 6 2009 11:27:09",42.3138,-71.03938,0.78,73.00,34.13
"Jul 6 2009 11:27:10",42.313793,-71.03939,0.74,73.00,34.13
"Jul 6 2009 11:27:11",42.313793,-71.0394,1.18,75.00,34.13
"Jul 6 2009 11:27:13",42.313923,-71.039185,0.98,74.00,34.13
"Jul 6 2009 11:27:14",42.313957,-71.03913,0.46,74.00,34.13
"Jul 6 2009 11:27:15",42.314,-71.03908,0.62,75.00,34.13
"Jul 6 2009 11:27:16",42.31403,-71.039055,0.66,75.00,34.13
"Jul 6 2009 11:27:17",42.31407,-71.03908,0.66,75.00,34.13
"Jul 6 2009 11:27:18",42.31407,-71.03909,0.66,74.00,34.13
"Jul 6 2009 11:27:19",42.314102,-71.039085,0.58,75.00,34.13
"Jul 6 2009 11:27:20",42.31413,-71.03908,0.50,75.00,34.13
"Jul 6 2009 11:27:21",42.31416,-71.03906,1.02,74.00,34.13
"Jul 6 2009 11:27:22",42.314194,-71.039055,0.86,72.00,34.13
"Jul 6 2009 11:27:23",42.314194,-71.039055,0.70,72.00,34.13
"Jul 6 2009 11:27:24",42.314194,-71.039055,0.78,72.00,34.13
"Jul 6 2009 11:27:26",42.314194,-71.039055,0.94,71.00,34.13
"Jul 6 2009 11:27:27",42.314194,-71.039055,1.30,70.00,34.13
"Jul 6 2009 11:27:28",42.314194,-71.039055,1.58,69.00,34.13
"Jul 6 2009 11:27:29",42.314194,-71.039055,1.34,56.00,32.75
"Jul 6 2009 11:27:30",42.314194,-71.039055,1.06,54.00,34.13
"Jul 6 2009 11:27:31",42.314194,-71.039055,0.66,70.00,34.13
"Jul 6 2009 11:27:32",42.314194,-71.039055,1.38,70.00,32.75
"Jul 6 2009 11:27:33",42.314194,-71.039055,1.14,68.00,32.75
"Jul 6 2009 11:27:34",42.314194,-71.039055,0.78,68.00,32.75
"Jul 6 2009 11:27:35",42.314194,-71.039055,0.70,66.00,32.75
"Jul 6 2009 11:27:36",42.314194,-71.039055,0.74,57.00,32.75
"Jul 6 2009 11:27:37",42.314194,-71.039055,1.06,69.00,32.75
"Jul 6 2009 11:27:39",42.314194,-71.039055,1.10,70.00,32.75
"Jul 6 2009 11:27:40",42.314194,-71.039055,1.02,67.00,32.75
"Jul 6 2009 11:27:41",42.314194,-71.039055,1.14,69.00,32.75
"Jul 6 2009 11:27:42",42.314194,-71.039055,1.06,12.00,32.75
"Jul 6 2009 11:27:43",42.314194,-71.039055,1.74,6.00,32.75
"Jul 6 2009 11:27:44",42.314194,-71.039055,0.78,0.00,32.75
"Jul 6 2009 11:27:45",42.314194,-71.039055,1.22,0.00,32.75
"Jul 6 2009 11:27:46",42.314194,-71.039055,1.22,1.00,32.75
"Jul 6 2009 11:27:47",42.314194,-71.039055,1.22,1.00,32.75
"Jul 6 2009 11:27:48",42.314194,-71.039055,1.38,2.00,32.75
"Jul 6 2009 11:27:49",42.314194,-71.039055,1.86,5.00,32.75
"Jul 6 2009 11:27:50",42.314194,-71.039055,1.66,3.00,32.75
"Jul 6 2009 11:27:52",42.314194,-71.039055,1.46,0.00,32.75
"Jul 6 2009 11:27:53",42.314194,-71.039055,1.06,0.00,32.75
"Jul 6 2009 11:27:54",42.314194,-71.039055,1.10,0.00,32.75
"Jul 6 2009 11:27:55",42.314194,-71.039055,1.54,3.00,32.75
"Jul 6 2009 11:27:56",42.314194,-71.039055,1.90,3.00,32.75
"Jul 6 2009 11:27:57",42.314194,-71.039055,1.46,1.00,32.75
"Jul 6 2009 11:27:58",42.314194,-71.039055,1.46,6.00,32.75
"Jul 6 2009 11:27:59",42.314194,-71.039055,1.26,4.00,32.75
"Jul 6 2009 11:28:00",42.314194,-71.039055,0.94,3.00,32.75
"Jul 6 2009 11:28:01",42.314194,-71.039055,1.10,5.00,32.75
"Jul 6 2009 11:28:02",42.314194,-71.039055,1.02,7.00,32.75
"Jul 6 2009 11:28:04",42.314194,-71.039055,1.14,9.00,32.75
"Jul 6 2009 11:28:05",42.314194,-71.039055,1.30,9.00,32.75
"Jul 6 2009 11:28:06",42.314194,-71.039055,0.70,9.00,32.75
"Jul 6 2009 11:28:07",42.314194,-71.039055,0.74,8.00,32.75
"Jul 6 2009 11:28:08",42.314194,-71.039055,0.66,10.00,32.75
"Jul 6 2009 11:28:09",42.314194,-71.039055,0.78,12.00,32.75
"Jul 6 2009 11:28:10",42.314194,-71.039055,0.90,9.00,32.75
"Jul 6 2009 11:28:11",42.314194,-71.039055,0.50,0.00,32.75
"Jul 6 2009 11:28:12",42.314194,-71.039055,1.06,3.00,32.75
"Jul 6 2009 11:28:13",42.314194,-71.039055,0.70,21.00,32.75
"Jul 6 2009 11:28:14",42.314194,-71.039055,0.82,0.00,32.75
"Jul 6 2009 11:28:15",42.314194,-71.039055,1.14,2.00,32.75
"Jul 6 2009 11:28:17",42.314194,-71.039055,0.94,4.00,32.75
"Jul 6 2009 11:28:18",42.314194,-71.039055,0.78,7.00,32.75
"Jul 6 2009 11:28:19",42.314194,-71.039055,0.94,11.00,32.75
"Jul 6 2009 11:28:20",42.314194,-71.039055,1.02,10.00,32.75
"Jul 6 2009 11:28:21",42.314194,-71.039055,0.86,0.00,32.75
"Jul 6 2009 11:28:22",42.314194,-71.039055,0.82,0.00,32.75
"Jul 6 2009 11:28:23",42.314194,-71.039055,0.94,1.00,32.75
"Jul 6 2009 11:28:24",42.314194,-71.039055,1.22,0.00,32.75
"Jul 6 2009 11:28:25",42.314194,-71.039055,0.98,0.00,32.75
"Jul 6 2009 11:28:26",42.314194,-71.039055,1.06,0.00,32.75
"Jul 6 2009 11:28:27",42.314194,-71.039055,1.02,0.00,32.75
"Jul 6 2009 11:28:28",42.314194,-71.039055,0.98,0.00,32.75
"Jul 6 2009 11:28:30",42.314194,-71.039055,1.02,0.00,32.75
"Jul 6 2009 11:28:31",42.314194,-71.039055,0.98,0.00,32.75
"Jul 6 2009 11:28:32",42.314194,-71.039055,1.02,0.00,32.75
"Jul 6 2009 11:28:33",42.314194,-71.039055,1.06,0.00,32.75
"Jul 6 2009 11:28:34",42.314194,-71.039055,1.06,0.00,32.75
"Jul 6 2009 11:28:35",42.314194,-71.039055,0.94,0.00,32.75
"Jul 6 2009 11:28:36",42.314194,-71.039055,1.02,0.00,32.75
"Jul 6 2009 11:28:37",42.314194,-71.039055,1.02,0.00,32.75
"Jul 6 2009 11:28:38",42.314194,-71.039055,1.06,0.00,32.75
"Jul 6 2009 11:28:39",42.314194,-71.039055,1.02,0.00,32.75
"Jul 6 2009 11:28:40",42.314194,-71.039055,1.02,0.00,32.75
"Jul 6 2009 11:28:41",42.314194,-71.039055,0.94,0.00,32.75
"Jul 6 2009 11:28:43",42.314194,-71.039055,0.94,0.00,32.75
"Jul 6 2009 11:28:44",42.314194,-71.039055,0.98,0.00,32.75
"Jul 6 2009 11:28:45",42.314194,-71.039055,1.02,0.00,32.75
"Jul 6 2009 11:28:46",42.314194,-71.039055,1.06,0.00,32.75
"Jul 6 2009 11:28:47",42.314194,-71.039055,1.06,0.00,32.75
"Jul 6 2009 11:28:48",42.314194,-71.039055,1.06,0.00,32.75
"Jul 6 2009 11:28:49",42.314194,-71.039055,1.02,0.00,32.75
"Jul 6 2009 11:28:50",42.314194,-71.039055,1.02,0.00,32.75
"Jul 6 2009 11:28:51",42.314194,-71.039055,1.02,0.00,32.75
"Jul 6 2009 11:28:52",42.314194,-71.039055,1.06,0.00,32.75
"Jul 6 2009 11:28:53",42.314194,-71.039055,1.02,0.00,32.75
"Jul 6 2009 11:28:55",42.314194,-71.039055,1.10,0.00,32.75
"Jul 6 2009 11:28:56",42.314194,-71.039055,0.70,2.00,32.75
"Jul 6 2009 11:28:57",42.314194,-71.039055,0.98,2.00,32.75
"Jul 6 2009 11:28:58",42.314194,-71.039055,1.02,0.00,32.75
"Jul 6 2009 11:28:59",42.314194,-71.039055,0.98,1.00,32.75
"Jul 6 2009 11:29:00",42.314194,-71.039055,1.34,0.00,32.75
"Jul 6 2009 11:29:01",42.314194,-71.039055,1.54,8.00,32.75
"Jul 6 2009 11:29:02",42.314194,-71.039055,1.50,6.00,32.75
"Jul 6 2009 11:29:03",42.314194,-71.039055,1.38,1.00,32.75
"Jul 6 2009 11:29:04",42.314194,-71.039055,1.26,4.00,32.75
"Jul 6 2009 11:29:05",42.314194,-71.039055,1.06,4.00,32.75
"Jul 6 2009 11:29:06",42.314194,-71.039055,1.06,6.00,32.75
"Jul 6 2009 11:29:08",42.314194,-71.039055,0.82,15.00,32.75
"Jul 6 2009 11:29:09",42.314194,-71.039055,0.74,10.00,32.75
"Jul 6 2009 11:29:10",42.314194,-71.039055,0.78,16.00,32.75
"Jul 6 2009 11:29:11",42.314194,-71.039055,0.66,1.00,32.75
"Jul 6 2009 11:29:12",42.314194,-71.039055,1.46,0.00,32.75
"Jul 6 2009 11:29:13",42.314194,-71.039055,0.86,0.00,32.75
"Jul 6 2009 11:29:14",42.314194,-71.039055,1.18,0.00,32.75
"Jul 6 2009 11:29:15",42.314194,-71.039055,1.34,2.00,32.75
"Jul 6 2009 11:29:16",42.314194,-71.039055,0.98,5.00,32.75
"Jul 6 2009 11:29:17",42.314194,-71.039055,0.42,0.00,32.75
"Jul 6 2009 11:29:18",42.314194,-71.039055,1.42,0.00,32.75
"Jul 6 2009 11:29:20",42.314194,-71.039055,1.06,0.00,32.75
"Jul 6 2009 11:29:21",42.314194,-71.039055,0.66,0.00,32.75
"Jul 6 2009 11:29:22",42.314194,-71.039055,0.90,0.00,32.75
"Jul 6 2009 11:29:23",42.314194,-71.039055,0.70,0.00,32.75
"Jul 6 2009 11:29:24",42.314194,-71.039055,1.10,1.00,32.75
"Jul 6 2009 11:29:25",42.314194,-71.039055,1.02,0.00,32.75
"Jul 6 2009 11:29:26",42.314194,-71.039055,0.94,1.00,32.75
"Jul 6 2009 11:29:27",42.314194,-71.039055,0.94,7.00,32.75
"Jul 6 2009 11:29:28",42.314194,-71.039055,0.90,0.00,32.75
"Jul 6 2009 11:29:29",42.314194,-71.039055,0.98,0.00,32.75
"Jul 6 2009 11:29:30",42.314194,-71.039055,0.98,0.00,32.75
"Jul 6 2009 11:29:31",42.314194,-71.039055,0.94,17.00,32.75
"Jul 6 2009 11:29:33",42.314194,-71.039055,0.98,11.00,32.75
"Jul 6 2009 11:29:34",42.314194,-71.039055,0.90,0.00,32.75
"Jul 6 2009 11:29:35",42.314194,-71.039055,1.18,0.00,32.75
"Jul 6 2009 11:29:36",42.314194,-71.039055,1.02,0.00,32.75
"Jul 6 2009 11:29:37",42.314194,-71.039055,1.02,10.00,32.75
"Jul 6 2009 11:29:38",42.314194,-71.039055,0.82,7.00,32.75
"Jul 6 2009 11:29:39",42.314194,-71.039055,0.90,6.00,32.75
"Jul 6 2009 11:29:40",42.314194,-71.039055,1.14,31.00,32.75
"Jul 6 2009 11:29:41",42.314194,-71.039055,1.02,18.00,32.75
"Jul 6 2009 11:29:42",42.314194,-71.039055,1.10,22.00,32.75
"Jul 6 2009 11:29:43",42.314194,-71.039055,0.90,12.00,32.75
"Jul 6 2009 11:29:44",42.314194,-71.039055,1.02,25.00,32.75
"Jul 6 2009 11:29:46",42.314194,-71.039055,0.98,14.00,32.75
"Jul 6 2009 11:29:47",42.314194,-71.039055,1.18,2.00,32.75
"Jul 6 2009 11:29:48",42.314194,-71.039055,0.86,16.00,32.75
"Jul 6 2009 11:29:49",42.314194,-71.039055,0.90,2.00,32.75
"Jul 6 2009 11:29:50",42.314194,-71.039055,0.94,5.00,32.75
"Jul 6 2009 11:29:51",42.314194,-71.039055,0.86,11.00,32.75
"Jul 6 2009 11:29:52",42.314194,-71.039055,0.90,10.00,32.75
