time,latitude,longitude,acceleration,light,temperature,sound,altitude
1277703000,,,0.98,10.47,25.40,0, 
1277703001,,,1.02,25.06,25.40,0, 
1277703002,,,1.17,100.69,25.40,0, 
1277703003,,,1.13,235.15,25.40,3, 
1277703004,,,1.02,49.86,25.40,29, 
1277703005,,,0.62,43.68,25.40,25, 
1277703006,,,0.39,53.97,25.40,5, 
1277703007,,,0.39,86.57,25.40,4, 
1277703008,,,0.78,68.29,25.40,0, 
1277703009,,,1.29,35.42,25.40,17, 
1277703010,,,1.45,39.56,25.40,6, 
1277703011,,,1.13,43.68,25.40,8, 
1277703012,,,1.37,98.68,25.40,4, 
1277703013,,,0.70,45.74,25.40,7, 
1277703014,,,0.90,51.91,25.40,30, 
1277703015,,,1.33,102.70,25.40,7, 
1277703016,,,1.21,74.40,25.40,35, 
1277703017,,,0.70,41.62,25.40,29, 
1277703018,,,1.17,35.42,25.40,12, 
1277703019,,,0.94,35.42,25.40,14, 
1277703020,,,1.41,82.52,25.40,5, 
1277703021,,,0.74,126.68,25.40,2, 
1277703022,,,1.56,132.63,25.40,4, 
1277703023,,,1.45,130.65,25.40,10, 
1277703024,,,1.02,728.18,25.40,9, 
1277703025,,,0.90,1043.11,25.40,2, 
1277703026,,,0.94,615.55,25.40,11, 
1277703027,,,1.05,996.93,25.40,2, 
1277703028,,,1.02,908.30,25.72,0, 
1277703029,,,0.98,776.37,25.72,1, 
1277703030,,,0.90,875.51,25.72,1, 
1277703031,,,0.98,1063.47,25.72,19, 
1277703032,,,0.94,1065.74,25.72,0, 
1277703033,,,1.02,1063.47,25.72,0, 
1277703034,,,0.86,1066.50,25.72,0, 
1277703035,,,0.78,1069.49,25.72,3, 
1277703036,,,0.78,1071.72,25.72,0, 
1277703037,,,0.82,1071.72,25.72,11, 
1277703038,,,0.86,1070.24,26.04,0, 
1277703039,,,1.09,1070.24,26.04,7, 
1277703040,,,0.94,1070.98,26.04,4, 
1277703041,,,1.17,1072.46,26.04,0, 
1277703042,,,1.09,1075.40,26.04,0, 
1277703043,,,1.02,1076.86,26.37,0, 
1277703044,,,1.09,1075.40,26.37,0, 
1277703045,,,0.94,1075.40,26.37,9, 
1277703046,,,0.82,1075.40,26.37,0, 
1277703047,,,0.82,1076.13,26.37,0, 
1277703048,,,1.05,1076.13,26.37,0, 
1277703049,,,1.09,1076.86,26.69,1, 
1277703050,,,1.25,1077.58,26.69,8, 
1277703051,,,0.94,1076.13,26.69,4, 
1277703052,,,0.78,1077.58,27.01,14, 
1277703053,,,0.90,1076.86,27.01,4, 
1277703054,,,0.82,1076.13,27.01,3, 
1277703055,,,0.90,1077.58,27.01,8, 
1277703056,,,1.02,1076.86,27.33,43, 
1277703057,,,0.98,1076.86,27.33,13, 
1277703058,,,1.09,1079.03,27.33,10, 
1277703059,,,1.13,1079.03,27.33,23, 
1277703060,,,1.21,1078.31,27.66,30, 
1277703061,,,1.09,1076.86,27.66,7, 
1277703062,,,0.82,1078.31,27.98,14, 
1277703063,,,1.05,1077.58,27.98,3, 
1277703064,,,1.17,1079.75,27.98,14, 
1277703065,,,0.94,1078.31,27.98,13, 
1277703066,,,0.74,1079.03,27.98,30, 
1277703067,,,0.94,1077.58,28.30,9, 
1277703068,,,0.98,1077.58,28.30,13, 
1277703069,,,0.74,1070.98,28.30,9, 
1277703070,,,0.78,1054.23,28.30,15, 
1277703071,,,0.86,1047.92,28.30,18, 
1277703072,,,1.02,1049.51,28.30,7, 
1277703073,,,1.05,1051.87,28.30,5, 
1277703074,,,0.74,1054.23,28.62,32, 
1277703075,,,0.78,1053.44,28.62,8, 
1277703076,,,0.78,1050.30,28.62,5, 
1277703077,,,0.90,1050.30,28.62,30, 
1277703078,,,0.98,1051.87,28.62,12, 
1277703079,,,0.90,1054.23,28.62,9, 
1277703080,,,0.86,1055.01,28.62,12, 
1277703081,,,0.98,1055.01,28.62,5, 
1277703082,,,1.21,1053.44,28.62,11, 
1277703083,,,1.21,1051.87,28.62,19, 
1277703084,,,1.25,1051.87,28.62,4, 
1277703085,,,1.33,1065.74,28.62,5, 
1277703086,,,1.09,1079.03,28.95,37, 
1277703087,,,1.17,1075.40,28.95,18, 
1277703088,,,1.05,1079.75,28.95,0, 
1277703089,,,1.05,1082.62,28.95,3, 
1277703090,,,1.02,1079.03,28.95,0, 
1277703091,,,1.05,1076.13,28.95,1, 
1277703092,,,1.13,1076.13,29.27,0, 
1277703093,,,1.05,1079.75,29.27,2, 
1277703094,,,1.09,1080.47,29.27,0, 
1277703095,,,1.02,1078.31,29.27,14, 
1277703096,,,1.05,1080.47,29.27,0, 
1277703097,,,0.94,1080.47,29.27,0, 
1277703098,,,0.90,1078.31,29.59,2, 
1277703099,,,1.05,1081.91,29.59,5, 
1277703100,,,1.09,1082.62,29.59,0, 
1277703101,,,1.09,1081.91,29.59,2, 
1277703102,,,1.05,1080.47,29.91,0, 
1277703103,,,0.98,1081.19,29.91,0, 
1277703104,,,1.76,1081.19,29.91,1, 
1277703105,,,0.70,1079.75,29.91,3, 
1277703106,,,1.02,1079.75,29.91,6, 
1277703107,,,1.56,1079.75,29.91,7, 
1277703108,,,1.17,1079.75,30.23,18, 
1277703109,,,0.94,1079.03,30.23,12, 
1277703110,,,1.02,1077.58,30.23,12, 
1277703111,,,1.41,1078.31,30.23,7, 
1277703112,,,1.37,1079.03,30.23,9, 
1277703113,,,0.70,1077.58,30.23,2, 
1277703114,,,0.98,1079.03,30.56,0, 
1277703115,,,1.17,1078.31,30.56,22, 
1277703116,,,1.09,1080.47,30.56,12, 
1277703117,,,0.94,1081.19,30.56,2, 
1277703118,,,1.05,1080.47,30.56,31, 
1277703119,,,1.17,1079.75,30.56,5, 
1277703120,,,1.29,1079.03,30.56,23, 
1277703121,,,0.90,1079.03,30.56,34, 
1277703122,,,1.02,1079.03,30.56,5, 
1277703123,,,1.25,1079.03,30.88,48, 
1277703124,,,1.17,1079.03,30.88,3, 
1277703125,,,0.90,1079.03,30.88,28, 
1277703126,,,0.98,1079.03,30.88,29, 
1277703127,,,1.29,1079.75,30.88,3, 
1277703128,,,1.37,1080.47,30.88,41, 
1277703129,,,0.62,1078.31,30.88,13, 
1277703130,,,0.90,1080.47,30.88,2, 
1277703131,,,0.94,1079.03,30.88,30, 
1277703132,,,0.98,1081.19,30.88,20, 
1277703133,,,1.05,1081.91,30.88,5, 
1277703134,,,1.17,1081.91,31.20,14, 
1277703135,,,1.21,1081.91,30.88,8, 
1277703136,,,1.17,1082.62,31.20,8, 
1277703137,,,1.05,1072.46,31.20,4, 
1277703138,,,0.94,1072.46,31.20,7, 
1277703139,,,1.05,1073.93,31.20,27, 
1277703140,,,1.05,1073.20,31.20,18, 
1277703141,,,0.98,1071.72,31.20,11, 
1277703142,,,1.05,1072.46,31.20,20, 
1277703143,,,0.74,1072.46,31.20,10, 
1277703144,,,1.09,1071.72,31.20,0, 
1277703145,,,0.94,1068.75,31.20,3, 
1277703146,,,0.82,1069.49,31.20,4, 
1277703147,,,0.98,1069.49,31.20,29, 
1277703148,,,0.98,1070.24,31.20,21, 
1277703149,,,1.13,1069.49,31.20,6, 
1277703150,,,0.98,1070.24,31.52,6, 
1277703151,,,0.86,1068.00,31.20,4, 
1277703152,,,1.02,1067.25,31.52,9, 
1277703153,,,0.78,1068.75,31.52,3, 
1277703154,,,1.29,1073.20,31.52,23, 
1277703155,,,1.02,1070.24,31.52,18, 
1277703156,,,1.02,1071.72,31.52,6, 
1277703157,,,0.78,1074.67,31.52,20, 
1277703158,,,1.52,1073.20,31.52,35, 
1277703159,,,1.02,1073.93,31.52,5, 
1277703160,,,0.90,1073.20,31.52,48, 
1277703161,,,1.21,1072.46,31.52,20, 
1277703162,,,0.62,1073.93,31.52,36, 
1277703163,,,1.29,1075.40,31.85,25, 
1277703164,,,0.78,1076.13,31.52,32, 
1277703165,,,0.90,1076.86,31.85,24, 
1277703166,,,0.90,1077.58,31.85,24, 
1277703167,,,0.94,1078.31,31.85,35, 
1277703168,,,0.82,1083.33,31.85,16, 
1277703169,,,1.02,1084.75,31.85,24, 
1277703170,,,0.98,1085.46,31.85,21, 
1277703171,,,0.94,1084.75,31.85,17, 
1277703172,,,1.37,1084.75,31.85,43, 
1277703173,,,1.37,1083.33,31.85,47, 
1277703174,,,0.98,1082.62,31.85,42, 
1277703175,,,0.98,1083.33,31.85,42, 
1277703176,42.655403,-71.32622,0.98,1083.33,32.17,45,39
1277703177,42.655403,-71.32624,0.82,1082.62,32.17,45,41
1277703178,42.655403,-71.326256,1.05,1081.19,32.17,47,41
1277703179,42.655403,-71.32627,0.94,1082.62,32.17,32,40
1277703180,42.655403,-71.32629,0.90,1081.91,32.17,45,40
1277703181,42.655403,-71.3263,1.33,1081.91,32.17,45,40
1277703182,42.65542,-71.3263,1.09,1082.62,32.17,46,40
1277703183,42.65542,-71.32632,0.62,1082.62,32.17,23,40
1277703184,42.65542,-71.32633,1.13,1083.33,32.17,46,40
1277703185,42.65542,-71.32635,0.90,1083.33,32.17,45,40
1277703186,42.65542,-71.32637,1.29,1082.62,32.17,47,40
1277703187,42.655403,-71.326385,0.98,1082.62,32.17,41,40
1277703188,42.655403,-71.3264,0.66,1082.62,32.17,36,40
1277703189,42.65542,-71.3264,1.02,1083.33,32.49,6,40
1277703190,42.65542,-71.326416,0.86,1081.91,32.49,12,40
1277703191,42.65542,-71.32643,0.90,1082.62,32.49,13,40
1277703192,42.655437,-71.32645,1.13,1082.62,32.49,2,40
1277703193,42.655437,-71.32645,1.02,1081.91,32.49,0,40
1277703194,42.655437,-71.32646,0.94,1082.62,32.49,5,40
1277703195,42.655453,-71.32646,1.17,1081.91,32.49,0,41
1277703196,42.655453,-71.326485,0.82,1079.03,32.49,13,40
1277703197,42.655468,-71.326485,1.60,1073.93,32.49,30,40
1277703198,,,2.66,1068.75,32.49,17, 
1277703199,42.655518,-71.326485,3.36,1064.99,32.49,0,44
1277703200,,,1.95,1070.98,32.49,16, 
1277703201,,,1.21,1076.13,32.49,20, 
1277703202,42.655567,-71.32645,2.30,1068.00,32.49,17,44
1277703203,,,2.34,1073.93,32.49,9, 
1277703204,,,2.11,1068.00,32.49,1, 
1277703205,,,1.52,1071.72,32.49,7, 
1277703206,,,1.91,1070.24,32.49,21, 
1277703207,42.655647,-71.32646,3.16,1064.99,32.49,2,44
1277703208,42.655598,-71.326416,2.54,1073.20,32.49,7,43
1277703209,,,2.11,1070.24,32.49,22, 
1277703210,42.655617,-71.32646,1.48,1070.98,32.49,1,44
1277703211,,,1.17,1070.24,32.49,10, 
1277703212,42.655632,-71.326485,1.17,1074.67,32.49,1,44
1277703213,,,1.45,1038.24,32.49,0, 
1277703214,42.65568,-71.326515,1.52,822.10,32.49,0,48
1277703215,42.655712,-71.32653,1.52,1054.23,32.49,2,48
1277703216,42.65574,-71.32653,0.98,874.39,32.49,0,50
1277703217,42.655754,-71.32653,1.05,873.27,32.49,0,49
1277703218,42.65577,-71.326546,1.37,861.95,32.49,0,50
1277703219,42.65577,-71.32653,1.45,809.98,32.49,0,51
1277703220,,,1.45,864.23,32.49,0, 
1277703221,,,1.09,850.44,32.49,0, 
1277703222,,,0.94,1055.01,32.49,7, 
1277703223,42.655834,-71.32661,0.78,1058.11,32.49,4,55
1277703224,42.65585,-71.32662,1.05,1051.87,32.49,1,58
1277703225,42.65587,-71.32662,1.37,927.19,32.49,2,60
1277703226,42.65587,-71.32661,1.76,1068.75,32.49,0,61
1277703227,42.65587,-71.326584,0.98,1069.49,32.49,0,59
1277703228,42.65587,-71.326584,1.91,1077.58,32.49,17,59
1277703229,42.655884,-71.326584,0.94,1074.67,32.49,8,58
1277703230,42.655884,-71.326584,2.11,1078.31,32.49,4,59
1277703231,42.655884,-71.32657,2.58,1080.47,32.49,9,59
1277703232,42.6559,-71.326546,0.90,1073.93,32.49,7,59
1277703233,42.6559,-71.326546,2.38,1078.31,32.81,6,59
1277703234,42.65592,-71.326546,2.54,1081.91,32.49,15,60
1277703235,42.65592,-71.32653,1.25,1081.91,32.81,4,58
1277703236,42.655933,-71.32653,1.37,1083.33,32.81,2,57
1277703237,42.65595,-71.32653,0.90,1084.04,32.81,7,56
1277703238,42.655964,-71.32653,0.82,1086.16,32.81,0,55
1277703239,,,0.62,1082.62,32.81,1, 
1277703240,42.655983,-71.326515,0.78,1086.16,32.81,0,54
1277703241,42.656,-71.32653,0.82,1085.46,32.81,1,55
1277703242,42.656013,-71.32653,1.02,1084.75,32.81,1,55
1277703243,42.65603,-71.32653,1.13,1085.46,32.81,0,57
1277703244,42.656048,-71.32653,1.21,1084.75,32.81,0,58
1277703245,42.656063,-71.326546,1.29,1083.33,32.81,0,59
1277703246,42.656086,-71.326546,1.21,1081.91,32.81,8,61
1277703247,42.656105,-71.32657,1.25,1081.91,32.81,5,62
1277703248,42.65612,-71.32657,1.13,1080.47,32.81,1,62
1277703249,42.656136,-71.32657,0.86,1081.91,33.13,6,63
1277703250,42.65615,-71.32657,0.78,1080.47,33.13,14,64
1277703251,42.65617,-71.32657,1.21,1081.19,33.13,0,64
1277703252,42.656185,-71.326584,1.09,1080.47,33.13,0,64
1277703253,42.6562,-71.326584,1.17,1081.19,33.13,0,65
1277703254,42.656216,-71.326584,0.90,1081.19,33.13,0,66
1277703255,42.656235,-71.32661,0.82,1080.47,33.13,15,66
1277703256,42.65625,-71.32661,0.86,1080.47,33.13,21,67
1277703257,42.656265,-71.32661,1.02,1081.19,33.13,2,67
1277703258,42.656284,-71.32661,1.09,1081.19,33.13,2,68
1277703259,42.656284,-71.32661,0.94,1081.19,33.13,20,68
1277703260,42.6563,-71.32661,1.17,1080.47,33.13,24,68
1277703261,42.6563,-71.32661,1.09,1081.19,33.13,35,68
1277703262,42.6563,-71.32661,0.90,1080.47,33.46,22,69
1277703263,42.656315,-71.32662,0.86,1081.19,33.13,12,69
1277703264,42.65633,-71.32662,0.90,1080.47,33.46,11,69
1277703265,42.65635,-71.32662,1.13,1080.47,33.46,3,69
1277703266,42.65635,-71.32662,1.25,1080.47,33.46,4,69
1277703267,42.65638,-71.32662,0.94,1081.19,33.13,6,70
1277703268,42.656395,-71.32662,0.82,1080.47,33.46,20,70
1277703269,42.656414,-71.32662,0.82,1081.19,33.46,0,70
1277703270,42.656437,-71.32664,0.98,1080.47,33.46,14,70
1277703271,42.656437,-71.32664,1.29,1081.19,33.46,6,70
1277703272,42.656452,-71.32664,1.17,1080.47,33.13,2,70
1277703273,42.65647,-71.32664,1.13,1080.47,33.46,0,70
1277703274,42.656487,-71.32664,0.82,1080.47,33.46,3,70
1277703275,42.6565,-71.32664,0.94,1081.19,33.46,16,71
1277703276,42.656517,-71.32664,1.17,1081.19,33.46,5,71
1277703277,42.656517,-71.32664,0.94,1081.19,33.46,33,71
1277703278,42.656536,-71.32664,0.94,1081.19,33.46,26,71
1277703279,42.65655,-71.32665,0.94,1080.47,33.46,13,71
1277703280,42.65658,-71.32665,1.13,1081.19,33.46,1,71
1277703281,42.6566,-71.32665,1.13,1081.19,33.46,5,71
1277703282,42.6566,-71.32665,1.05,1081.19,33.46,5,71
1277703283,42.656616,-71.32665,0.82,1081.19,33.46,1,71
1277703284,42.65663,-71.32665,0.70,1081.19,33.78,11,71
1277703285,42.65665,-71.32665,0.98,1081.19,33.46,7,72
1277703286,42.656666,-71.32665,1.17,1081.91,33.78,11,72
1277703287,42.656666,-71.32665,1.17,1081.19,33.78,6,72
1277703288,42.65668,-71.32665,0.90,1081.19,33.78,3,72
1277703289,42.656696,-71.32665,0.98,1081.19,33.78,1,72
1277703290,42.656715,-71.32667,1.33,1080.47,33.78,4,72
1277703291,42.65673,-71.32667,1.56,1081.19,33.78,2,72
1277703292,42.65673,-71.32667,0.98,1081.19,33.78,3,72
1277703293,42.65676,-71.32667,0.82,1081.19,33.78,4,72
1277703294,42.656788,-71.32667,0.74,1081.19,33.78,3,72
1277703295,42.656803,-71.32667,0.94,1080.47,33.78,4,72
1277703296,42.656803,-71.32667,1.05,1080.47,33.78,7,72
1277703297,42.65682,-71.32667,1.17,1080.47,33.78,0,72
1277703298,42.656837,-71.32667,1.29,1081.19,33.78,0,72
1277703299,42.656853,-71.32667,0.70,1081.19,33.78,4,73
1277703300,42.656868,-71.32667,0.62,1080.47,33.78,2,73
1277703301,42.656868,-71.32667,1.09,1080.47,33.78,0,73
1277703302,42.656883,-71.32667,1.17,1080.47,33.78,4,73
1277703303,42.656902,-71.32667,1.37,1080.47,34.10,0,73
1277703304,42.656918,-71.32667,1.05,1080.47,33.78,1,73
1277703305,42.656918,-71.32662,0.66,1079.75,34.10,0,60
1277703306,42.656933,-71.32662,0.78,1080.47,33.78,1,57
1277703307,42.656948,-71.32661,1.09,1080.47,34.10,4,54
1277703308,42.656967,-71.32661,1.05,1081.19,34.10,2,56
1277703309,42.656982,-71.32661,1.09,1080.47,34.10,18,55
1277703310,42.656982,-71.32661,1.41,1080.47,34.10,24,54
1277703311,42.656998,-71.32661,0.62,1080.47,34.10,0,54
1277703312,42.657017,-71.32661,0.62,1081.19,34.10,5,54
1277703313,42.657032,-71.32661,0.98,1081.19,34.10,4,53
1277703314,42.657047,-71.32661,1.21,1080.47,34.10,5,52
1277703315,42.657047,-71.32661,1.84,1081.19,34.10,3,52
1277703316,42.657063,-71.326584,0.82,1079.75,34.10,0,52
1277703317,42.657063,-71.32657,0.78,1080.47,34.10,8,52
1277703318,42.657063,-71.326546,0.90,1079.75,34.10,9,51
1277703319,42.65708,-71.32653,1.25,1079.75,34.10,23,51
1277703320,42.65708,-71.326485,1.45,1079.03,34.10,24,49
1277703321,42.657063,-71.32646,1.05,1079.75,34.10,24,49
1277703322,42.657063,-71.32645,1.33,1081.19,34.10,8,49
1277703323,42.657063,-71.32643,0.98,1081.19,34.10,27,49
1277703324,42.657063,-71.3264,0.74,1081.19,34.10,4,49
1277703325,42.657063,-71.326385,0.66,1080.47,34.10,3,49
1277703326,42.657063,-71.32637,0.86,1079.03,34.10,8,48
1277703327,42.657063,-71.32637,0.94,1079.03,34.10,0,47
1277703328,42.657063,-71.32635,1.25,1078.31,34.10,6,47
1277703329,42.657063,-71.32633,1.25,1078.31,33.78,7,47
1277703330,42.657063,-71.32632,1.09,1079.03,33.78,0,47
1277703331,42.657047,-71.3263,0.74,1079.75,33.78,3,48
1277703332,42.657047,-71.32629,0.82,1079.75,33.78,3,47
1277703333,42.657047,-71.32627,0.82,1079.75,33.78,16,47
1277703334,42.657032,-71.32624,1.25,1079.75,33.78,0,47
1277703335,42.657032,-71.32622,1.45,1079.75,33.78,3,47
1277703336,42.657047,-71.326195,1.13,1079.75,33.78,18,47
1277703337,42.657047,-71.32618,0.59,1080.47,33.78,9,46
1277703338,42.657032,-71.326164,0.70,1081.19,33.78,31,47
1277703339,42.657032,-71.32613,0.94,1081.19,33.78,11,47
1277703340,42.657032,-71.32612,0.94,1081.19,33.78,0,46
1277703341,42.657032,-71.326096,1.13,1080.47,33.78,9,46
1277703342,42.657032,-71.326096,1.13,1080.47,33.78,5,46
1277703343,42.657032,-71.32608,1.72,1079.75,34.10,1,46
1277703344,42.657032,-71.326065,1.13,1080.47,34.10,6,45
1277703345,42.657032,-71.32605,0.90,1080.47,34.10,0,45
1277703346,42.657032,-71.326035,0.70,1079.75,34.10,0,45
1277703347,42.657032,-71.326004,0.59,1079.75,34.10,4,44
1277703348,42.657032,-71.32598,0.39,1081.19,34.10,2,44
1277703349,42.657032,-71.325966,0.74,1079.75,34.10,8,44
1277703350,42.657032,-71.32595,0.90,1079.75,33.78,2,44
1277703351,42.657032,-71.325935,1.02,1080.47,34.10,5,43
1277703352,42.657032,-71.32592,1.29,1079.75,34.10,3,43
1277703353,42.657032,-71.325905,1.09,1081.19,34.10,0,43
1277703354,42.657032,-71.32589,1.05,1080.47,34.10,0,43
1277703355,42.657032,-71.32586,1.02,1080.47,34.10,16,42
1277703356,42.657032,-71.32584,1.17,1080.47,34.10,16,42
1277703357,42.657032,-71.32583,0.82,1080.47,34.10,16,42
1277703358,42.657032,-71.32581,0.62,1080.47,34.10,14,42
1277703359,42.657032,-71.3258,0.55,1080.47,34.10,14,42
1277703360,42.657032,-71.32578,0.82,1080.47,34.10,0,42
1277703361,42.657017,-71.32575,0.86,1080.47,34.10,0,42
1277703362,42.657017,-71.32573,0.98,1079.75,34.10,20,42
1277703363,42.657017,-71.325714,1.37,1079.75,34.10,14,42
1277703364,42.657017,-71.3257,1.37,1079.03,34.10,9,41
1277703365,42.657017,-71.32568,1.33,1078.31,34.10,20,41
1277703366,42.657017,-71.32567,1.25,1079.03,34.10,13,41
1277703367,42.657017,-71.32565,1.21,1079.75,34.10,11,41
1277703368,42.656998,-71.32564,0.82,1079.75,34.10,28,41
1277703369,42.656998,-71.32564,0.98,1080.47,34.10,11,41
1277703370,42.656998,-71.32564,1.02,1079.75,34.10,8,42
1277703371,42.656982,-71.325615,0.86,1078.31,34.10,21,42
1277703372,42.656982,-71.325615,1.33,1079.75,34.10,0,42
1277703373,42.656982,-71.325615,1.05,1079.75,34.10,7,42
1277703374,42.656998,-71.325584,1.02,1080.47,34.10,0,42
1277703375,42.656998,-71.32557,0.78,1079.75,34.10,0,42
1277703376,42.656998,-71.32554,0.90,1079.03,34.10,0,42
1277703377,42.656998,-71.325516,0.70,1074.67,34.10,46,42
1277703378,42.657017,-71.32549,1.41,1073.93,34.10,29,42
1277703379,42.657017,-71.32548,1.13,1073.93,34.10,15,41
1277703380,42.657032,-71.32546,1.25,1073.20,34.10,45,41
1277703381,42.657032,-71.32546,0.98,1071.72,34.10,9,41
1277703382,42.657047,-71.32546,1.05,1071.72,34.10,34,41
1277703383,42.657063,-71.32545,1.05,1072.46,34.10,29,41
1277703384,42.657063,-71.32545,0.86,1072.46,34.10,46,40
1277703385,42.657063,-71.32545,1.05,1072.46,34.10,8,41
1277703386,42.65708,-71.32545,0.98,1071.72,34.10,27,41
1277703387,42.65708,-71.32545,0.98,1071.72,34.10,26,41
1277703388,42.65708,-71.32545,0.98,1072.46,34.10,19,41
1277703389,42.65708,-71.32545,0.98,1072.46,34.10,6,41
1277703390,42.657063,-71.32545,1.02,1073.20,34.10,5,41
1277703391,42.657063,-71.32545,0.94,1071.72,34.10,6,40
1277703392,42.657063,-71.32545,0.98,1072.46,34.10,10,40
1277703393,42.657063,-71.32545,0.94,1071.72,34.10,2,40
1277703394,42.65708,-71.32545,0.98,1071.72,34.10,26,40
1277703395,42.65708,-71.32545,1.02,1072.46,34.10,23,40
1277703396,42.65708,-71.32545,1.13,1072.46,34.10,25,40
1277703397,42.65708,-71.32545,1.25,1073.20,34.10,6,40
1277703398,42.65708,-71.32545,1.09,1073.93,34.10,5,40
1277703399,42.657097,-71.32545,0.98,1074.67,34.10,16,41
1277703400,42.657112,-71.32545,1.05,1076.13,34.10,18,41
1277703401,42.65714,-71.32545,0.94,1078.31,34.10,1,41
1277703402,42.657154,-71.32543,0.98,1079.03,34.10,0,41
1277703403,42.657154,-71.32543,0.90,1079.75,34.10,0,42
1277703404,42.65717,-71.32542,0.90,1080.47,34.10,3,42
1277703405,42.65717,-71.3254,1.05,1080.47,34.10,2,43
1277703406,42.657185,-71.3254,1.09,1080.47,34.10,3,43
1277703407,42.657185,-71.325386,1.02,1080.47,34.10,8,43
1277703408,42.657204,-71.32536,0.82,1080.47,34.10,4,43
1277703409,42.657204,-71.32535,0.78,1080.47,34.10,1,43
1277703410,42.657204,-71.32533,0.90,1080.47,34.42,3,43
1277703411,42.657204,-71.32533,1.05,1079.75,34.42,2,43
1277703412,42.65722,-71.32532,1.09,1079.75,34.42,4,43
1277703413,42.65722,-71.3253,1.13,1079.75,34.42,1,43
1277703414,42.65722,-71.32527,1.21,1079.75,34.10,0,42
1277703415,42.65722,-71.32525,1.02,1079.75,34.42,4,42
1277703416,42.657234,-71.32523,1.21,1079.75,34.42,15,42
1277703417,42.657234,-71.32522,1.02,1079.75,34.42,4,42
1277703418,42.657234,-71.3252,0.98,1079.75,34.42,13,42
1277703419,42.657234,-71.32519,0.94,1079.75,34.42,5,42
1277703420,42.657234,-71.325165,0.78,1079.75,34.42,4,42
1277703421,42.657234,-71.32515,0.86,1079.75,34.42,20,42
1277703422,42.657234,-71.32513,0.94,1080.47,34.10,36,41
1277703423,42.657234,-71.32511,1.09,1080.47,34.42,7,41
1277703424,42.657234,-71.325096,1.05,1080.47,34.42,0,41
1277703425,42.657234,-71.32508,1.29,1080.47,34.42,0,41
1277703426,42.657234,-71.325066,1.02,1080.47,34.42,22,41
1277703427,42.657234,-71.32505,0.98,1081.19,34.42,17,41
1277703428,42.657234,-71.32502,0.86,1079.75,34.42,13,40
1277703429,42.657234,-71.325,0.90,1079.75,34.42,24,40
1277703430,42.657234,-71.32498,0.74,1079.75,34.42,7,40
1277703431,42.65725,-71.32497,0.98,1080.47,34.42,26,40
1277703432,42.65725,-71.32495,0.90,1081.19,34.42,34,40
1277703433,42.65725,-71.324936,0.90,1081.19,34.42,31,40
1277703434,42.65725,-71.32492,1.05,1080.47,34.42,33,40
1277703435,42.65725,-71.324905,0.98,1079.75,34.10,32,40
1277703436,42.65725,-71.32488,0.86,1079.75,34.10,27,40
1277703437,42.65725,-71.32487,0.74,1080.47,34.10,30,40
1277703438,42.65725,-71.32485,0.86,1080.47,34.10,11,40
1277703439,42.65725,-71.32484,0.98,1080.47,34.42,45,40
1277703440,42.65725,-71.324814,0.94,1080.47,34.10,30,40
1277703441,42.65727,-71.3248,0.98,1080.47,34.42,20,40
1277703442,42.65727,-71.32478,1.02,1080.47,34.10,15,40
1277703443,42.65727,-71.32478,1.02,1080.47,34.10,14,40
1277703444,42.65727,-71.32478,0.94,1080.47,34.42,19,40
1277703445,42.65727,-71.32478,0.98,1080.47,34.10,18,40
1277703446,42.65727,-71.32478,0.98,1080.47,34.10,22,40
1277703447,42.65727,-71.32478,0.98,1080.47,34.42,30,40
1277703448,42.65727,-71.32478,0.86,1080.47,34.42,33,40
1277703449,42.65727,-71.32478,1.05,1080.47,34.10,34,40
1277703450,42.65727,-71.32476,1.05,1080.47,34.42,32,39
1277703451,42.65725,-71.32476,1.09,1080.47,34.42,22,39
1277703452,42.65725,-71.32478,1.05,1079.75,34.42,11,39
1277703453,42.657234,-71.32478,0.98,1079.75,34.10,28,39
1277703454,42.65722,-71.32478,0.98,1079.75,34.10,17,39
1277703455,42.657204,-71.32478,1.13,1079.75,34.10,14,39
1277703456,42.657185,-71.32478,1.25,1079.75,34.10,38,39
1277703457,42.65717,-71.32478,1.09,1079.75,34.10,25,39
1277703458,42.65717,-71.32478,0.94,1079.03,34.10,5,39
1277703459,42.657154,-71.32478,0.66,1079.03,34.10,7,39
1277703460,42.65714,-71.32478,0.82,1079.03,34.10,12,39
1277703461,42.657112,-71.3248,1.09,1079.03,34.10,32,39
1277703462,42.657097,-71.32478,1.64,1078.31,34.10,32,39
1277703463,42.657097,-71.3248,1.87,1077.58,34.10,20,39
1277703464,42.65708,-71.3248,1.17,1077.58,34.10,37,39
1277703465,42.657063,-71.3248,0.94,1076.86,33.78,19,39
1277703466,42.657047,-71.32478,0.59,1076.13,34.10,13,39
1277703467,42.657032,-71.32478,1.02,1078.31,33.78,7,39
1277703468,42.657017,-71.32478,1.17,1077.58,33.78,3,39
1277703469,42.656998,-71.32478,1.05,1076.13,33.78,19,39
1277703470,42.656998,-71.32478,0.74,1076.86,34.10,31,38
1277703471,42.656982,-71.32478,0.74,1059.65,33.78,7,38
1277703472,42.656967,-71.32478,0.82,1059.65,33.78,8,38
1277703473,42.656948,-71.32478,1.41,1029.97,33.78,1,38
1277703474,42.656933,-71.32478,1.25,1058.88,33.78,1,37
1277703475,42.656933,-71.32478,0.86,1058.88,33.78,3,37
1277703476,42.656918,-71.32478,0.59,1058.11,33.78,1,36
1277703477,42.656902,-71.32478,0.94,1058.11,33.78,0,36
1277703478,42.656883,-71.32478,1.41,1058.11,33.78,2,36
1277703479,42.656883,-71.32478,1.56,1058.88,33.78,1,36
1277703480,42.656868,-71.32478,0.70,1059.65,33.78,5,35
1277703481,42.656837,-71.32478,0.78,1059.65,33.78,0,34
1277703482,42.65682,-71.32478,1.05,1055.01,33.78,2,34
1277703483,42.656803,-71.32478,1.41,1054.23,33.78,1,34
1277703484,42.656803,-71.3248,1.25,1050.30,33.78,3,34
1277703485,42.656788,-71.3248,1.68,1050.30,33.78,7,34
1277703486,42.656788,-71.324814,0.94,1053.44,33.78,1,34
1277703487,42.656788,-71.32484,0.90,1051.87,33.78,0,34
1277703488,42.656788,-71.32485,0.90,1048.71,33.78,0,33
1277703489,42.656788,-71.32485,1.13,1059.65,33.78,8,33
1277703490,42.65676,-71.32487,0.59,1058.88,33.78,1,32
1277703491,42.656746,-71.32488,1.33,1058.88,33.78,1,31
1277703492,42.656746,-71.324905,1.41,1061.19,33.78,0,30
1277703493,42.65673,-71.324905,0.78,1062.71,33.78,0,29
1277703494,42.65673,-71.32492,0.47,1062.71,33.78,0,30
1277703495,42.656715,-71.324936,0.98,1065.74,33.78,0,31
1277703496,42.656715,-71.32495,1.45,1062.71,33.78,0,30
1277703497,42.656696,-71.32495,1.37,1052.66,33.78,1,30
1277703498,42.65668,-71.32497,0.94,1058.88,33.78,5,31
1277703499,42.656666,-71.32497,0.90,1068.75,33.78,0,30
1277703500,42.65665,-71.32498,0.62,1077.58,33.78,2,30
1277703501,42.65663,-71.32498,0.82,1078.31,33.78,0,30
1277703502,42.656616,-71.325,0.82,1079.03,33.78,1,31
1277703503,42.656616,-71.325,1.17,1078.31,33.78,4,31
1277703504,42.6566,-71.32502,1.29,1076.86,33.78,0,32
1277703505,42.65658,-71.32502,1.05,1076.86,33.78,0,33
1277703506,42.65658,-71.32502,0.59,1077.58,33.78,3,33
1277703507,42.656567,-71.325035,0.74,1078.31,33.78,14,33
1277703508,42.656536,-71.325035,0.74,1076.86,33.78,0,34
1277703509,42.656536,-71.32505,1.05,1073.93,33.78,0,34
1277703510,42.656517,-71.32505,1.05,1071.72,33.78,19,35
1277703511,42.6565,-71.32505,1.13,1070.24,33.78,8,35
1277703512,42.6565,-71.325066,1.05,1070.24,33.78,0,35
1277703513,42.656487,-71.325066,0.94,1071.72,33.78,15,35
1277703514,42.65647,-71.325066,1.13,1070.98,33.46,4,35
1277703515,42.65647,-71.325066,0.90,1071.72,33.78,24,35
1277703516,42.65647,-71.325066,0.82,1073.20,33.46,19,36
1277703517,42.65647,-71.32508,0.90,1073.93,33.78,5,36
1277703518,42.656452,-71.325096,0.94,1075.40,33.46,10,36
1277703519,42.656452,-71.325096,1.37,1076.86,33.46,18,37
1277703520,42.656452,-71.32511,1.21,1077.58,33.46,26,37
1277703521,42.656437,-71.32515,0.98,1077.58,33.46,34,37
1277703522,42.656437,-71.325165,0.94,1076.86,33.46,34,38
1277703523,42.656437,-71.32519,1.02,1076.86,33.46,35,38
1277703524,42.656414,-71.3252,1.17,1075.40,33.46,7,39
1277703525,42.656414,-71.32522,1.05,1074.67,33.46,6,39
1277703526,42.656414,-71.32523,1.09,1073.20,33.46,6,40
1277703527,42.656414,-71.32523,0.98,1070.98,33.46,12,40
1277703528,42.656414,-71.32525,0.94,1068.75,33.46,8,40
1277703529,42.656395,-71.32527,0.98,1068.00,33.13,1,40
1277703530,42.656414,-71.32527,1.05,1068.00,33.46,6,40
1277703531,42.656414,-71.32529,0.86,1068.00,33.46,10,40
1277703532,42.656414,-71.32529,0.94,1067.25,33.46,3,40
1277703533,42.656414,-71.3253,0.82,1067.25,33.46,1,40
1277703534,42.656437,-71.32532,0.74,1066.50,33.13,10,40
1277703535,42.656437,-71.32533,1.05,1068.00,33.13,6,40
1277703536,42.656437,-71.32533,1.33,1068.00,33.13,6,40
1277703537,42.656437,-71.32535,1.25,1068.00,33.13,16,40
1277703538,42.656437,-71.32535,1.13,1068.75,33.13,30,40
1277703539,42.656437,-71.32536,0.82,1068.75,33.13,11,40
1277703540,42.656437,-71.32536,0.78,1069.49,33.13,3,40
1277703541,42.656437,-71.325386,1.05,1070.24,33.13,1,41
1277703542,42.656437,-71.3254,0.86,1070.98,33.13,0,40
1277703543,42.656437,-71.3254,0.90,1071.72,33.13,0,40
1277703544,42.656414,-71.3254,0.82,1071.72,33.13,1,40
1277703545,42.656414,-71.32542,0.90,1071.72,33.13,0,40
1277703546,42.656395,-71.32542,1.17,1071.72,33.13,9,40
1277703547,42.656395,-71.32542,1.17,1071.72,33.13,4,41
1277703548,42.656364,-71.32542,1.09,1072.46,33.13,0,40
1277703549,42.656364,-71.32542,1.05,1071.72,33.13,14,40
1277703550,42.65635,-71.32542,1.29,1073.20,33.13,3,40
1277703551,42.65633,-71.32542,1.09,1073.20,33.13,6,40
1277703552,42.65633,-71.32542,0.59,1073.93,32.81,6,40
1277703553,42.656315,-71.32542,0.59,1074.67,33.13,10,40
1277703554,42.6563,-71.32542,0.90,1074.67,32.81,35,41
1277703555,42.656284,-71.32542,1.09,1073.93,32.81,17,41
1277703556,42.656265,-71.32542,0.98,1074.67,32.81,18,41
1277703557,42.656265,-71.32542,1.13,1075.40,32.81,11,41
1277703558,42.65625,-71.32542,1.17,1075.40,32.81,5,42
1277703559,42.656235,-71.32543,1.21,1076.13,32.81,19,42
1277703560,42.656235,-71.32543,1.13,1076.86,32.81,26,41
1277703561,42.6562,-71.32543,0.94,1076.86,32.81,39,41
1277703562,42.6562,-71.32543,0.78,1076.86,32.49,20,42
1277703563,42.656185,-71.32543,0.86,1076.86,32.49,25,42
1277703564,42.65617,-71.32543,0.90,1077.58,32.49,26,42
1277703565,42.65615,-71.32545,0.74,1077.58,32.49,10,42
1277703566,42.65615,-71.32545,1.09,1076.86,32.49,26,42
1277703567,42.656136,-71.32545,1.25,1076.86,32.49,26,42
1277703568,42.65612,-71.32545,1.25,1076.86,32.49,20,43
1277703569,42.65612,-71.32545,1.25,1076.86,32.49,19,43
1277703570,42.656105,-71.32545,1.09,1077.58,32.49,24,43
1277703571,42.656086,-71.32546,1.25,1076.86,32.49,13,44
1277703572,42.656063,-71.32546,1.17,1076.86,32.49,10,44
1277703573,42.656063,-71.32546,0.90,1073.20,32.49,23,44
1277703574,42.656048,-71.32546,0.90,1072.46,32.49,27,45
1277703575,42.65603,-71.32546,0.82,1072.46,32.17,24,45
1277703576,42.656013,-71.32546,0.78,1071.72,32.17,16,45
1277703577,42.656,-71.32546,0.59,1071.72,32.17,19,45
1277703578,42.656,-71.32546,0.74,1071.72,32.17,22,45
1277703579,42.655983,-71.32546,0.78,1071.72,32.17,22,46
1277703580,42.655983,-71.32546,0.86,1070.98,32.17,43,45
1277703581,42.655964,-71.32546,1.09,1072.46,32.17,26,46
1277703582,42.65595,-71.32548,1.02,1076.13,32.17,27,47
1277703583,42.65595,-71.32548,0.86,1075.40,32.17,6,47
1277703584,42.655933,-71.32549,0.90,1075.40,31.85,44,47
1277703585,42.65592,-71.32549,0.90,1075.40,32.17,9,47
1277703586,42.6559,-71.32549,0.86,1075.40,32.17,18,47
1277703587,42.6559,-71.32549,1.02,1075.40,32.17,41,47
1277703588,42.655884,-71.32549,1.45,1076.13,32.17,29,47
1277703589,42.65585,-71.325516,1.02,1075.40,31.85,23,49
1277703590,42.65585,-71.325516,1.05,1075.40,31.85,14,50
1277703591,42.655834,-71.325516,1.05,1075.40,31.85,2,51
1277703592,42.65582,-71.32554,0.94,1075.40,31.85,9,52
1277703593,42.655804,-71.32554,0.82,1075.40,31.85,9,52
1277703594,42.655785,-71.32554,0.78,1076.13,31.85,14,52
1277703595,42.655785,-71.32554,0.70,1076.13,31.85,11,53
1277703596,42.65577,-71.325554,0.82,1076.13,31.85,10,53
1277703597,42.655754,-71.325554,1.05,1075.40,31.85,10,54
1277703598,42.65574,-71.325554,0.74,1075.40,31.85,23,54
1277703599,42.655712,-71.325554,0.78,1075.40,31.85,5,54
1277703600,42.655697,-71.325554,0.62,1075.40,31.85,27,54
1277703601,42.655697,-71.32557,0.59,1075.40,31.85,18,54
1277703602,42.655663,-71.325584,0.59,1075.40,31.85,9,54
1277703603,42.655663,-71.325584,0.59,1075.40,31.85,15,55
1277703604,42.655647,-71.325584,0.66,1075.40,31.85,8,55
1277703605,42.655632,-71.3256,0.70,1075.40,31.85,9,55
1277703606,42.655617,-71.3256,0.74,1075.40,31.85,8,56
1277703607,42.655617,-71.325615,0.78,1075.40,31.85,11,57
1277703608,42.655598,-71.32564,1.05,1075.40,31.85,21,58
1277703609,42.655582,-71.32564,1.41,1075.40,31.85,8,58
1277703610,42.655582,-71.32564,1.25,1075.40,31.85,29,59
1277703611,42.655567,-71.32565,1.25,1075.40,31.85,10,59
1277703612,42.655552,-71.32565,1.21,1076.13,31.85,38,58
1277703613,42.655533,-71.32567,1.09,1076.13,31.85,28,58
1277703614,42.655533,-71.32567,1.33,1076.13,31.85,35,59
1277703615,42.655502,-71.32568,1.09,1076.13,31.85,10,59
1277703616,42.655502,-71.3257,1.25,1075.40,31.85,10,59
1277703617,42.655483,-71.3257,0.74,1076.13,31.85,10,60
1277703618,42.655468,-71.3257,0.86,1076.13,31.85,30,61
1277703619,42.655468,-71.325714,1.02,1076.13,31.85,44,62
1277703620,42.655453,-71.32573,1.13,1076.13,31.85,45,63
1277703621,42.655437,-71.32573,0.98,1076.13,31.85,38,65
1277703622,42.655437,-71.32575,1.09,1076.13,31.85,37,66
1277703623,42.65542,-71.32577,1.25,1076.86,31.85,24,69
1277703624,42.655403,-71.32578,1.17,1076.86,31.85,28,71
1277703625,42.655403,-71.32578,0.82,1076.86,31.85,19,72
1277703626,42.655388,-71.3258,0.74,1076.86,31.85,9,74
1277703627,42.655388,-71.32583,0.82,1076.13,31.85,7,81
1277703628,42.655388,-71.32586,0.86,1076.86,31.85,6,87
1277703629,42.65536,-71.32589,0.66,1076.86,31.85,0,92
1277703630,42.65536,-71.325905,1.05,1076.13,31.85,15,95
1277703631,42.65536,-71.32592,1.13,1076.13,31.85,4,98
1277703632,42.655346,-71.325935,1.29,1076.13,31.85,1,100
1277703633,42.655346,-71.32595,1.17,1075.40,31.85,1,103
1277703634,42.65533,-71.32595,1.02,1075.40,31.85,2,103
1277703635,42.655315,-71.325966,0.74,1076.13,31.85,6,105
1277703636,42.65533,-71.326004,0.86,1076.13,31.85,13,112
1277703637,42.655315,-71.326004,0.82,1076.13,31.85,4,110
1277703638,42.655296,-71.326004,0.78,1076.13,31.85,2,108
1277703639,42.65528,-71.326004,0.82,1076.13,32.17,6,108
1277703640,42.655266,-71.326004,1.02,1076.13,32.17,8,107
1277703641,42.655266,-71.326004,0.98,1076.86,32.17,0,106
1277703642,42.65523,-71.32602,1.02,1076.13,32.17,0,105
1277703643,42.65523,-71.32602,1.33,1076.13,32.17,0,105
1277703644,42.655216,-71.32602,1.05,1076.13,32.17,1,106
1277703645,42.655216,-71.326035,1.02,1075.40,32.17,10,106
1277703646,42.6552,-71.326035,0.74,1076.13,32.17,45,107
1277703647,42.6552,-71.326035,0.94,1076.13,32.17,12,109
1277703648,42.655186,-71.32605,0.86,1076.86,32.17,29,110
1277703649,42.655167,-71.32605,1.29,1076.13,32.17,8,109
1277703650,42.65515,-71.326035,1.52,1076.13,32.17,36,107
1277703651,42.655136,-71.326035,1.09,1076.13,32.17,12,105
1277703652,42.655136,-71.326035,0.94,1076.13,32.17,19,105
1277703653,42.655117,-71.326035,0.90,1076.13,32.17,29,103
1277703654,42.6551,-71.32602,0.90,1076.13,32.17,41,100
1277703655,42.655087,-71.32602,0.90,1076.86,32.17,35,98
1277703656,42.65503,-71.326004,0.78,1076.86,32.17,17,91
1277703657,42.655014,-71.326004,0.70,1076.86,32.17,13,87
1277703658,42.654995,-71.326004,0.82,1076.86,32.17,4,84
1277703659,42.65498,-71.326004,0.74,1076.86,32.17,5,81
1277703660,42.654964,-71.326004,0.78,1076.86,32.17,17,79
1277703661,42.65495,-71.326004,0.90,1076.86,32.17,7,77
1277703662,42.65493,-71.326004,1.05,1076.86,32.17,3,76
1277703663,42.654915,-71.32602,1.21,1076.86,32.17,5,73
1277703664,42.6549,-71.32602,1.45,1076.86,32.49,0,71
1277703665,42.6549,-71.32602,1.09,1077.58,32.17,4,70
1277703666,42.654884,-71.32602,1.13,1077.58,32.49,7,68
1277703667,42.654865,-71.326035,1.13,1077.58,32.49,3,68
1277703668,42.65485,-71.326035,1.09,1077.58,32.49,33,67
1277703669,42.654835,-71.326035,1.09,1077.58,32.17,10,66
1277703670,42.65482,-71.32605,1.05,1077.58,32.49,13,65
1277703671,42.65482,-71.32605,1.17,1077.58,32.49,14,64
1277703672,42.6548,-71.32605,1.33,1077.58,32.17,10,64
1277703673,42.654785,-71.32605,1.02,1077.58,32.17,5,64
1277703674,42.65477,-71.326065,1.33,1076.86,32.17,3,65
1277703675,42.65475,-71.326065,1.13,1077.58,32.49,26,66
1277703676,42.65475,-71.32608,1.21,1077.58,32.49,2,66
1277703677,42.654736,-71.32608,1.33,1077.58,32.49,0,65
1277703678,42.65472,-71.32608,0.90,1077.58,32.49,1,65
1277703679,42.65472,-71.326096,0.90,1077.58,32.49,1,65
1277703680,42.654705,-71.326096,0.94,1077.58,32.49,1,64
1277703681,42.654705,-71.326096,1.05,1077.58,32.49,4,64
1277703682,42.65468,-71.32612,1.17,1077.58,32.49,4,63
1277703683,42.654663,-71.32613,1.02,1077.58,32.49,4,62
1277703684,42.654663,-71.32615,1.02,1076.86,32.17,18,62
1277703685,42.654663,-71.32615,0.94,1076.86,32.49,24,61
1277703686,42.654663,-71.326164,0.82,1076.86,32.17,36,61
1277703687,42.654663,-71.32618,0.90,1076.13,32.17,25,60
1277703688,42.654663,-71.32618,0.82,1076.13,32.17,22,60
1277703689,42.654663,-71.326195,0.70,1076.13,32.17,0,60
1277703690,42.654648,-71.326195,0.74,1076.13,32.49,24,60
1277703691,42.654663,-71.32622,0.78,1075.40,32.49,10,59
1277703692,42.65468,-71.32624,0.74,1074.67,32.49,2,61
1277703693,42.65468,-71.326256,0.90,1074.67,32.17,12,61
1277703694,42.65468,-71.32627,1.13,1074.67,32.49,25,61
1277703695,42.654705,-71.32629,1.09,1073.93,32.49,7,62
1277703696,42.654736,-71.32632,1.41,1072.46,32.49,22,62
1277703697,42.654736,-71.32633,1.05,1071.72,32.49,25,63
1277703698,42.654736,-71.32633,0.98,1061.95,32.49,10,63
1277703699,42.654736,-71.32635,1.21,1051.87,32.49,18,63
1277703700,42.654736,-71.32635,0.94,1047.12,32.49,1,64
1277703701,42.654736,-71.32633,0.98,830.47,32.49,9,64
1277703702,42.65472,-71.32633,1.29,496.27,32.17,0,63
1277703703,42.654736,-71.32632,1.05,651.99,32.17,5,63
1277703704,42.65472,-71.3263,0.98,458.57,32.17,1,62
1277703705,42.65472,-71.32629,1.02,289.10,32.17,0,62
1277703706,42.654663,-71.32624,0.90,150.40,32.17,2,61
1277703707,42.65463,-71.32613,1.09,206.65,31.85,1,61
1277703708,42.654583,-71.326065,1.05,362.80,31.85,2,59
1277703709,42.65455,-71.326065,1.13,343.33,31.85,6,58
1277703710,,,0.98,357.51,31.85,2, 
1277703711,,,1.05,216.19,31.85,8, 
1277703712,,,1.05,62.16,31.52,12, 
1277703713,,,1.25,29.21,31.52,3, 
1277703714,,,1.25,16.73,31.52,0, 
1277703715,,,0.90,58.07,31.52,0, 
1277703716,,,0.78,166.07,31.52,0, 
1277703717,,,0.70,198.98,31.20,19, 
1277703718,,,0.78,92.63,31.20,22, 
1277703719,,,0.86,191.28,31.20,0, 
1277703720,,,0.94,476.72,31.20,2, 
1277703721,,,0.90,456.91,31.20,0, 
1277703722,,,0.94,481.63,31.20,0, 
1277703723,,,1.05,861.95,31.20,0, 
1277703724,,,0.94,876.63,31.20,0, 
1277703725,,,0.98,873.27,31.20,0, 
1277703726,,,0.94,528.28,31.20,0, 
1277703727,,,0.98,246.44,30.88,0, 
1277703728,,,1.09,142.52,30.88,0, 
1277703729,,,1.09,80.49,30.88,0, 
1277703730,,,1.09,72.36,30.88,10, 
1277703731,,,0.98,78.46,30.88,16, 
1277703732,,,0.94,179.68,30.88,28, 
1277703733,,,0.98,206.65,30.88,10, 
1277703734,,,0.90,173.86,30.88,13, 
1277703735,,,1.05,173.86,30.88,16, 
1277703736,,,1.02,94.65,30.88,22, 
1277703737,,,1.02,96.66,30.88,0, 
1277703738,,,0.94,146.46,30.88,23, 
1277703739,,,1.05,132.63,30.88,5, 
1277703740,,,1.09,132.63,30.88,23, 
1277703741,,,0.98,130.65,30.88,5, 
1277703742,,,0.94,134.61,30.88,3, 
1277703743,,,0.90,150.40,30.88,20, 
1277703744,,,0.90,146.46,30.88,3, 
1277703745,,,1.02,130.65,30.88,2, 
1277703746,,,0.98,110.72,30.88,0, 
1277703747,,,0.98,106.71,30.88,0, 
1277703748,,,1.02,124.69,30.88,0, 
1277703749,,,0.98,100.69,30.88,0, 
1277703750,,,0.94,88.59,30.88,0, 
1277703751,,,0.94,10.47,30.88,0, 
1277703752,,,0.94,31.28,30.88,0, 
1277703753,,,0.78,631.72,30.88,0, 
1277703754,,,0.82,242.68,30.88,0, 
1277703755,,,1.05,154.33,30.56,0, 
1277703756,,,1.21,301.90,30.56,2, 
1277703757,,,1.05,274.37,30.56,4, 
1277703758,,,0.86,104.71,30.56,7, 
1277703759,,,0.86,39.56,30.56,0, 
1277703760,,,0.86,43.68,30.56,1, 
1277703761,,,0.90,100.69,30.56,0, 
1277703762,,,0.90,4.19,30.56,0, 
1277703763,,,0.82,257.66,30.56,0, 
