time,latitude,longitude,acceleration,light,temperature,sound,"cricket temperature probe",altitude
"4/7/2000 21:02:36",-55.6,-2.9439983,0.00,812.42,20.24,0,18.0992,63461
"3/30/2128 20:00:00",,,0.90,811.20,20.24,0,18.0992,60000
"3/30/2128 20:00:00",,,0.86,811.20,20.24,0,17.98675,60000
"3/30/2128 20:00:00",,,0.86,811.20,20.24,0,18.0992,60000
"3/30/2128 20:00:00",,,0.98,812.42,20.24,0,18.21165,60000
"3/30/2128 20:00:00",,,0.94,813.64,20.24,0,18.43655,60000
"3/30/2128 20:00:00",,,0.98,812.42,19.92,0,18.5490,60000
"3/30/2128 20:00:00",,,0.90,813.64,19.92,0,18.66145,60000
"3/30/2128 20:00:00",,,0.86,806.31,19.92,0,18.66145,60000
"3/30/2128 20:00:00",,,0.94,807.54,19.92,0,18.7739,60000
"3/30/2128 20:00:00",,,0.94,812.42,19.92,0,18.7739,60000
"4/7/2000 21:02:36",-55.6,-2.9439983,0.00,812.42,20.24,0,18.0992,63461
"3/30/2128 20:00:00",,,0.90,811.20,20.24,0,18.0992,60000
"3/30/2128 20:00:00",,,0.86,811.20,20.24,0,17.98675,60000
"3/30/2128 20:00:00",,,0.86,811.20,20.24,0,18.0992,60000
"3/30/2128 20:00:00",,,0.98,812.42,20.24,0,18.21165,60000
"3/30/2128 20:00:00",,,0.94,813.64,20.24,0,18.43655,60000
"3/30/2128 20:00:00",,,0.98,812.42,19.92,0,18.5490,60000
"3/30/2128 20:00:00",,,0.90,813.64,19.92,0,18.66145,60000
"3/30/2128 20:00:00",,,0.86,806.31,19.92,0,18.66145,60000
"3/30/2128 20:00:00",,,0.94,807.54,19.92,0,18.7739,60000
"3/30/2128 20:00:00",,,0.94,812.42,19.92,0,18.7739,60000
"4/7/2000 20:03:38",-55.6,-2.9444249,0.00,807.54,19.60,1,16.7498,62427
"3/30/2128 20:00:00",,,0.98,811.20,19.60,0,16.5249,60000
"3/30/2128 20:00:00",,,0.86,812.42,19.28,0,16.18755,60000
"3/30/2128 20:00:00",,,0.82,812.42,19.28,0,15.96265,60000
"3/30/2128 20:00:00",,,1.05,812.42,19.28,0,15.73775,60000
"3/30/2128 20:00:00",,,0.86,812.42,19.28,0,15.51285,60000
"3/30/2128 20:00:00",,,0.90,811.20,18.96,0,15.28795,60000
"3/30/2128 20:00:00",,,1.41,809.98,18.96,0,15.06305,60000
"3/30/2128 20:00:00",,,1.33,808.76,18.96,0,15.06305,60000
"3/30/2128 20:00:00",,,0.94,807.54,18.96,0,14.9506,60000
"3/30/2128 20:00:00",,,0.70,806.31,18.96,0,14.7257,60000
"4/7/2000 20:03:38",-55.6,-2.9444249,0.00,807.54,19.60,1,16.7498,62427
"3/30/2128 20:00:00",,,0.98,811.20,19.60,0,16.5249,60000
"3/30/2128 20:00:00",,,0.86,812.42,19.28,0,16.18755,60000
"3/30/2128 20:00:00",,,0.82,812.42,19.28,0,15.96265,60000
"3/30/2128 20:00:00",,,1.05,812.42,19.28,0,15.73775,60000
"3/30/2128 20:00:00",,,0.86,812.42,19.28,0,15.51285,60000
"3/30/2128 20:00:00",,,0.90,811.20,18.96,0,15.28795,60000
"3/30/2128 20:00:00",,,1.41,809.98,18.96,0,15.06305,60000
"3/30/2128 20:00:00",,,1.33,808.76,18.96,0,15.06305,60000
"3/30/2128 20:00:00",,,0.94,807.54,18.96,0,14.9506,60000
"3/30/2128 20:00:00",,,0.70,806.31,18.96,0,14.7257,60000
"4/7/2000 20:04:04",-55.6,-2.9422917,0.00,795.21,18.31,0,13.1514,61923
"3/30/2128 20:00:00",,,0.78,795.21,18.31,0,13.03895,60000
"3/30/2128 20:00:00",,,0.74,796.45,18.31,0,12.9265,60000
"3/30/2128 20:00:00",,,1.05,798.92,18.31,0,12.81405,60000
"3/30/2128 20:00:00",,,0.98,800.16,18.31,0,12.7016,60000
"3/30/2128 20:00:00",,,0.90,803.86,18.31,0,12.58915,60000
"3/30/2128 20:00:00",,,0.86,805.09,18.31,0,12.4767,60000
"3/30/2128 20:00:00",,,1.17,807.54,17.99,0,12.36425,60000
"3/30/2128 20:00:00",,,0.82,809.98,17.99,0,12.2518,60000
"3/30/2128 20:00:00",,,0.86,807.54,17.99,1,12.2518,60000
"3/30/2128 20:00:00",,,0.78,806.31,17.99,0,12.2518,60000
"4/7/2000 20:04:04",-55.6,-2.9422917,0.00,795.21,18.31,0,13.1514,61923
"3/30/2128 20:00:00",,,0.78,795.21,18.31,0,13.03895,60000
"3/30/2128 20:00:00",,,0.74,796.45,18.31,0,12.9265,60000
"3/30/2128 20:00:00",,,1.05,798.92,18.31,0,12.81405,60000
"3/30/2128 20:00:00",,,0.98,800.16,18.31,0,12.7016,60000
"3/30/2128 20:00:00",,,0.90,803.86,18.31,0,12.58915,60000
"3/30/2128 20:00:00",,,0.86,805.09,18.31,0,12.4767,60000
"3/30/2128 20:00:00",,,1.17,807.54,17.99,0,12.36425,60000
"3/30/2128 20:00:00",,,0.82,809.98,17.99,0,12.2518,60000
"3/30/2128 20:00:00",,,0.86,807.54,17.99,1,12.2518,60000
"3/30/2128 20:00:00",,,0.78,806.31,17.99,0,12.2518,60000
"4/7/2000 20:04:20",-55.6,-2.9414382,0.00,801.39,17.67,0,11.5771,61386
"3/30/2128 20:00:00",,,0.74,809.98,17.67,0,11.5771,60000
"3/30/2128 20:00:00",,,1.05,823.30,17.67,0,11.5771,60000
"3/30/2128 20:00:00",,,1.09,783.95,17.67,0,11.46465,60000
"3/30/2128 20:00:00",,,0.62,763.59,17.67,0,11.3522,60000
"3/30/2128 20:00:00",,,0.94,768.72,17.67,0,11.3522,60000
"3/30/2128 20:00:00",,,1.05,766.16,17.67,0,11.23975,60000
"3/30/2128 20:00:00",,,1.21,768.72,17.67,0,11.23975,60000
"3/30/2128 20:00:00",,,0.86,761.01,17.67,0,11.1273,60000
"3/30/2128 20:00:00",,,0.70,758.42,17.34,0,11.1273,60000
"3/30/2128 20:00:00",,,0.70,771.28,17.34,0,11.01485,60000
"4/7/2000 20:04:20",-55.6,-2.9414382,0.00,801.39,17.67,0,11.5771,61386
"3/30/2128 20:00:00",,,0.74,809.98,17.67,0,11.5771,60000
"3/30/2128 20:00:00",,,1.05,823.30,17.67,0,11.5771,60000
"3/30/2128 20:00:00",,,1.09,783.95,17.67,0,11.46465,60000
"3/30/2128 20:00:00",,,0.62,763.59,17.67,0,11.3522,60000
"3/30/2128 20:00:00",,,0.94,768.72,17.67,0,11.3522,60000
"3/30/2128 20:00:00",,,1.05,766.16,17.67,0,11.23975,60000
"3/30/2128 20:00:00",,,1.21,768.72,17.67,0,11.23975,60000
"3/30/2128 20:00:00",,,0.86,761.01,17.67,0,11.1273,60000
"3/30/2128 20:00:00",,,0.70,758.42,17.34,0,11.1273,60000
"3/30/2128 20:00:00",,,0.70,771.28,17.34,0,11.01485,60000
"4/7/2000 20:03:08",-55.6,-2.946558,0.00,772.55,17.02,0,10.6775,60411
"3/30/2128 20:00:00",,,0.86,775.10,17.02,0,10.56505,60000
"3/30/2128 20:00:00",,,1.17,775.10,17.02,0,10.56505,60000
"3/30/2128 20:00:00",,,0.90,829.28,15.41,0,14.7257,60000
"3/30/2128 20:00:00",,,1.25,829.28,15.73,0,14.7257,60000
"3/30/2128 20:00:00",,,1.25,831.66,15.41,0,14.61325,60000
"3/30/2128 20:00:00",,,0.78,830.47,15.41,0,14.7257,60000
"3/30/2128 20:00:00",,,0.74,831.66,15.73,0,14.7257,60000
"3/30/2128 20:00:00",,,0.66,831.66,15.73,0,14.61325,60000
"3/30/2128 20:00:00",,,0.78,832.85,15.41,0,14.7257,60000
"3/30/2128 20:00:00",,,1.25,831.66,15.73,0,14.7257,60000
"4/7/2000 20:03:08",-55.6,-2.946558,0.00,772.55,17.02,0,10.6775,60411
"3/30/2128 20:00:00",,,0.86,775.10,17.02,0,10.56505,60000
"3/30/2128 20:00:00",,,1.17,775.10,17.02,0,10.56505,60000
"3/30/2128 20:00:00",,,0.90,829.28,15.41,0,14.7257,60000
"3/30/2128 20:00:00",,,1.25,829.28,15.73,0,14.7257,60000
"3/30/2128 20:00:00",,,1.25,831.66,15.41,0,14.61325,60000
"3/30/2128 20:00:00",,,0.78,830.47,15.41,0,14.7257,60000
"3/30/2128 20:00:00",,,0.74,831.66,15.73,0,14.7257,60000
"3/30/2128 20:00:00",,,0.66,831.66,15.73,0,14.61325,60000
"3/30/2128 20:00:00",,,0.78,832.85,15.41,0,14.7257,60000
"3/30/2128 20:00:00",,,1.25,831.66,15.73,0,14.7257,60000
"4/7/2000 20:02:44",-55.6,-2.9448516,0.00,818.48,15.73,0,14.9506,60658
"3/30/2128 20:00:00",,,0.90,797.69,15.73,0,15.06305,60000
"3/30/2128 20:00:00",,,1.37,796.45,15.73,2,14.83815,60000
"3/30/2128 20:00:00",,,0.70,797.69,15.73,0,14.7257,60000
"3/30/2128 20:00:00",,,1.29,802.63,15.73,1,14.61325,60000
"3/30/2128 20:00:00",,,1.29,802.63,15.73,0,14.61325,60000
"3/30/2128 20:00:00",,,0.90,806.31,15.73,0,14.5008,60000
"3/30/2128 20:00:00",,,0.94,807.54,15.73,0,14.61325,60000
"3/30/2128 20:00:00",,,0.78,824.50,15.73,0,14.83815,60000
"3/30/2128 20:00:00",,,0.78,820.89,15.73,0,14.9506,60000
"3/30/2128 20:00:00",,,1.02,830.47,15.73,0,15.28795,60000
"4/7/2000 20:02:44",-55.6,-2.9448516,0.00,818.48,15.73,0,14.9506,60658
"3/30/2128 20:00:00",,,0.90,797.69,15.73,0,15.06305,60000
"3/30/2128 20:00:00",,,1.37,796.45,15.73,2,14.83815,60000
"3/30/2128 20:00:00",,,0.70,797.69,15.73,0,14.7257,60000
"3/30/2128 20:00:00",,,1.29,802.63,15.73,1,14.61325,60000
"3/30/2128 20:00:00",,,1.29,802.63,15.73,0,14.61325,60000
"3/30/2128 20:00:00",,,0.90,806.31,15.73,0,14.5008,60000
"3/30/2128 20:00:00",,,0.94,807.54,15.73,0,14.61325,60000
"3/30/2128 20:00:00",,,0.78,824.50,15.73,0,14.83815,60000
"3/30/2128 20:00:00",,,0.78,820.89,15.73,0,14.9506,60000
"3/30/2128 20:00:00",,,1.02,830.47,15.73,0,15.28795,60000
"4/7/2000 20:02:34",-55.6,-2.9435716,0.00,812.42,16.05,0,16.7498,61166
"3/30/2128 20:00:00",,,0.82,831.66,16.05,0,16.9747,60000
"3/30/2128 20:00:00",,,0.78,832.85,16.05,0,17.1996,60000
"3/30/2128 20:00:00",,,1.05,822.10,16.05,0,17.1996,60000
"3/30/2128 20:00:00",,,1.02,811.20,16.05,0,17.08715,60000
"3/30/2128 20:00:00",,,0.82,823.30,16.05,0,17.31205,60000
"3/30/2128 20:00:00",,,0.66,832.85,16.38,0,17.4245,60000
"3/30/2128 20:00:00",,,0.78,832.85,16.05,0,17.76185,60000
"3/30/2128 20:00:00",,,1.13,828.09,16.38,0,17.76185,60000
"3/30/2128 20:00:00",,,1.05,832.85,16.38,0,17.8743,60000
"3/30/2128 20:00:00",,,0.86,831.66,16.70,0,17.98675,60000
"4/7/2000 20:02:34",-55.6,-2.9435716,0.00,812.42,16.05,0,16.7498,61166
"3/30/2128 20:00:00",,,0.82,831.66,16.05,0,16.9747,60000
"3/30/2128 20:00:00",,,0.78,832.85,16.05,0,17.1996,60000
"3/30/2128 20:00:00",,,1.05,822.10,16.05,0,17.1996,60000
"3/30/2128 20:00:00",,,1.02,811.20,16.05,0,17.08715,60000
"3/30/2128 20:00:00",,,0.82,823.30,16.05,0,17.31205,60000
"3/30/2128 20:00:00",,,0.66,832.85,16.38,0,17.4245,60000
"3/30/2128 20:00:00",,,0.78,832.85,16.05,0,17.76185,60000
"3/30/2128 20:00:00",,,1.13,828.09,16.38,0,17.76185,60000
"3/30/2128 20:00:00",,,1.05,832.85,16.38,0,17.8743,60000
"3/30/2128 20:00:00",,,0.86,831.66,16.70,0,17.98675,60000
"4/7/2000 20:02:24",-55.6,-2.9444249,0.00,817.27,17.02,0,17.31205,62185
"3/30/2128 20:00:00",,,0.90,816.06,17.02,0,17.53695,60000
"3/30/2128 20:00:00",,,0.90,818.48,17.02,0,17.6494,60000
"3/30/2128 20:00:00",,,0.90,818.48,17.02,0,17.76185,60000
"3/30/2128 20:00:00",,,0.86,817.27,17.02,0,18.21165,60000
"3/30/2128 20:00:00",,,0.90,824.50,17.02,0,18.88635,60000
"3/30/2128 20:00:00",,,0.94,818.48,17.02,0,19.33615,60000
"3/30/2128 20:00:00",,,0.90,824.50,17.02,0,19.2237,60000
"3/30/2128 20:00:00",,,0.94,817.27,17.02,0,19.11125,60000
"3/30/2128 20:00:00",,,0.90,820.89,17.02,0,18.88635,60000
"3/30/2128 20:00:00",,,0.90,817.27,17.34,0,18.88635,60000
"4/7/2000 20:02:24",-55.6,-2.9444249,0.00,817.27,17.02,0,17.31205,62185
"3/30/2128 20:00:00",,,0.90,816.06,17.02,0,17.53695,60000
"3/30/2128 20:00:00",,,0.90,818.48,17.02,0,17.6494,60000
"3/30/2128 20:00:00",,,0.90,818.48,17.02,0,17.76185,60000
"3/30/2128 20:00:00",,,0.86,817.27,17.02,0,18.21165,60000
"3/30/2128 20:00:00",,,0.90,824.50,17.02,0,18.88635,60000
"3/30/2128 20:00:00",,,0.94,818.48,17.02,0,19.33615,60000
"3/30/2128 20:00:00",,,0.90,824.50,17.02,0,19.2237,60000
"3/30/2128 20:00:00",,,0.94,817.27,17.02,0,19.11125,60000
"3/30/2128 20:00:00",,,0.90,820.89,17.02,0,18.88635,60000
"3/30/2128 20:00:00",,,0.90,817.27,17.34,0,18.88635,60000
"4/7/2000 20:03:04",-55.6,-2.9410114,0.00,811.20,17.99,0,17.4245,62698
"3/30/2128 20:00:00",,,0.94,816.06,18.31,0,17.1996,60000
"3/30/2128 20:00:00",,,0.98,812.42,18.31,0,17.53695,60000
"3/30/2128 20:00:00",,,0.98,819.69,18.31,0,17.98675,60000
"3/30/2128 20:00:00",,,0.90,814.85,18.31,0,18.43655,60000
"3/30/2128 20:00:00",,,0.86,796.45,18.31,0,18.7739,60000
"3/30/2128 20:00:00",,,0.90,809.98,18.31,0,18.5490,60000
"3/30/2128 20:00:00",,,0.90,820.89,18.31,0,18.5490,60000
"3/30/2128 20:00:00",,,0.86,822.10,18.31,0,18.66145,60000
"3/30/2128 20:00:00",,,1.02,808.76,18.31,0,18.5490,60000
"3/30/2128 20:00:00",,,0.98,816.06,18.31,0,18.43655,60000
"4/7/2000 20:03:04",-55.6,-2.9410114,0.00,811.20,17.99,0,17.4245,62698
"3/30/2128 20:00:00",,,0.94,816.06,18.31,0,17.1996,60000
"3/30/2128 20:00:00",,,0.98,812.42,18.31,0,17.53695,60000
"3/30/2128 20:00:00",,,0.98,819.69,18.31,0,17.98675,60000
"3/30/2128 20:00:00",,,0.90,814.85,18.31,0,18.43655,60000
"3/30/2128 20:00:00",,,0.86,796.45,18.31,0,18.7739,60000
"3/30/2128 20:00:00",,,0.90,809.98,18.31,0,18.5490,60000
"3/30/2128 20:00:00",,,0.90,820.89,18.31,0,18.5490,60000
"3/30/2128 20:00:00",,,0.86,822.10,18.31,0,18.66145,60000
"3/30/2128 20:00:00",,,1.02,808.76,18.31,0,18.5490,60000
"3/30/2128 20:00:00",,,0.98,816.06,18.31,0,18.43655,60000
"4/7/2000 20:03:44",-55.6,-2.9439983,0.00,812.42,18.63,0,15.06305,62963
"3/30/2128 20:00:00",,,1.05,812.42,18.96,10,14.83815,60000
"3/30/2128 20:00:00",,,0.82,812.42,18.63,0,14.7257,60000
"3/30/2128 20:00:00",,,0.98,812.42,18.96,0,14.5008,60000
"3/30/2128 20:00:00",,,1.25,813.64,18.96,0,14.38835,60000
"3/30/2128 20:00:00",,,0.82,813.64,18.96,0,14.2759,60000
"3/30/2128 20:00:00",,,1.13,817.27,18.96,1,14.16345,60000
"3/30/2128 20:00:00",,,1.02,817.27,18.96,0,14.0510,60000
"3/30/2128 20:00:00",,,0.70,818.48,18.96,0,13.93855,60000
"3/30/2128 20:00:00",,,0.98,814.85,18.96,0,13.8261,60000
"3/30/2128 20:00:00",,,0.90,813.64,18.96,0,13.8261,60000
"4/7/2000 20:03:44",-55.6,-2.9439983,0.00,812.42,18.63,0,15.06305,62963
"3/30/2128 20:00:00",,,1.05,812.42,18.96,10,14.83815,60000
"3/30/2128 20:00:00",,,0.82,812.42,18.63,0,14.7257,60000
"3/30/2128 20:00:00",,,0.98,812.42,18.96,0,14.5008,60000
"3/30/2128 20:00:00",,,1.25,813.64,18.96,0,14.38835,60000
"3/30/2128 20:00:00",,,0.82,813.64,18.96,0,14.2759,60000
"3/30/2128 20:00:00",,,1.13,817.27,18.96,1,14.16345,60000
"3/30/2128 20:00:00",,,1.02,817.27,18.96,0,14.0510,60000
"3/30/2128 20:00:00",,,0.70,818.48,18.96,0,13.93855,60000
"3/30/2128 20:00:00",,,0.98,814.85,18.96,0,13.8261,60000
"3/30/2128 20:00:00",,,0.90,813.64,18.96,0,13.8261,60000
"4/7/2000 20:03:42",-55.6,-2.9435716,0.00,822.10,18.96,0,12.81405,63739
"3/30/2128 20:00:00",,,0.94,822.10,18.96,0,12.81405,60000
"3/30/2128 20:00:00",,,0.90,811.20,18.96,0,12.9265,60000
"3/30/2128 20:00:00",,,0.86,800.16,18.96,0,12.9265,60000
"3/30/2128 20:00:00",,,0.90,806.31,19.28,0,12.9265,60000
"3/30/2128 20:00:00",,,0.94,828.09,19.28,0,12.9265,60000
"3/30/2128 20:00:00",,,0.94,803.86,19.28,0,12.9265,60000
"3/30/2128 20:00:00",,,0.94,805.09,19.28,0,12.9265,60000
"3/30/2128 20:00:00",,,0.90,802.63,19.28,0,12.9265,60000
"3/30/2128 20:00:00",,,0.98,808.76,19.28,0,12.9265,60000
"3/30/2128 20:00:00",,,0.86,817.27,19.28,0,12.9265,60000
"4/7/2000 20:03:42",-55.6,-2.9435716,0.00,822.10,18.96,0,12.81405,63739
"3/30/2128 20:00:00",,,0.94,822.10,18.96,0,12.81405,60000
"3/30/2128 20:00:00",,,0.90,811.20,18.96,0,12.9265,60000
"3/30/2128 20:00:00",,,0.86,800.16,18.96,0,12.9265,60000
"3/30/2128 20:00:00",,,0.90,806.31,19.28,0,12.9265,60000
"3/30/2128 20:00:00",,,0.94,828.09,19.28,0,12.9265,60000
"3/30/2128 20:00:00",,,0.94,803.86,19.28,0,12.9265,60000
"3/30/2128 20:00:00",,,0.94,805.09,19.28,0,12.9265,60000
"3/30/2128 20:00:00",,,0.90,802.63,19.28,0,12.9265,60000
"3/30/2128 20:00:00",,,0.98,808.76,19.28,0,12.9265,60000
"3/30/2128 20:00:00",,,0.86,817.27,19.28,0,12.9265,60000
"4/7/2000 20:03:58",-55.6,-2.9444249,0.00,831.66,19.92,0,12.9265,63986
"3/30/2128 20:00:00",,,0.90,831.66,19.92,0,12.9265,60000
"3/30/2128 20:00:00",,,0.90,831.66,19.92,0,12.9265,60000
"3/30/2128 20:00:00",,,0.94,831.66,19.92,0,12.9265,60000
"3/30/2128 20:00:00",,,0.90,831.66,19.92,0,12.9265,60000
"3/30/2128 20:00:00",,,0.94,831.66,19.92,0,12.9265,60000
"3/30/2128 20:00:00",,,0.90,832.85,20.24,0,12.81405,60000
"3/30/2128 20:00:00",,,0.94,832.85,19.92,0,12.81405,60000
"3/30/2128 20:00:00",,,0.90,832.85,20.24,0,12.7016,60000
"3/30/2128 20:00:00",,,0.90,832.85,19.92,0,12.7016,60000
"3/30/2128 20:00:00",,,0.94,832.85,20.24,0,12.58915,60000
"4/7/2000 20:03:58",-55.6,-2.9444249,0.00,831.66,19.92,0,12.9265,63986
"3/30/2128 20:00:00",,,0.90,831.66,19.92,0,12.9265,60000
"3/30/2128 20:00:00",,,0.90,831.66,19.92,0,12.9265,60000
"3/30/2128 20:00:00",,,0.94,831.66,19.92,0,12.9265,60000
"3/30/2128 20:00:00",,,0.90,831.66,19.92,0,12.9265,60000
"3/30/2128 20:00:00",,,0.94,831.66,19.92,0,12.9265,60000
"3/30/2128 20:00:00",,,0.90,832.85,20.24,0,12.81405,60000
"3/30/2128 20:00:00",,,0.94,832.85,19.92,0,12.81405,60000
"3/30/2128 20:00:00",,,0.90,832.85,20.24,0,12.7016,60000
"3/30/2128 20:00:00",,,0.90,832.85,19.92,0,12.7016,60000
"3/30/2128 20:00:00",,,0.94,832.85,20.24,0,12.58915,60000
"4/7/2000 20:04:04",-55.6,-2.9439983,0.00,829.28,20.24,0,12.13935,64240
"3/30/2128 20:00:00",,,0.90,811.20,20.57,0,12.0269,60000
"3/30/2128 20:00:00",,,0.94,811.20,20.57,0,11.91445,60000
"3/30/2128 20:00:00",,,0.94,809.98,20.24,0,11.91445,60000
"3/30/2128 20:00:00",,,0.90,811.20,20.57,0,11.91445,60000
"3/30/2128 20:00:00",,,0.94,811.20,20.24,0,11.91445,60000
"3/30/2128 20:00:00",,,0.94,809.98,20.24,0,11.91445,60000
"3/30/2128 20:00:00",,,0.90,806.31,20.24,0,11.91445,60000
"3/30/2128 20:00:00",,,0.94,798.92,20.57,0,11.8020,60000
"3/30/2128 20:00:00",,,0.86,761.01,20.57,0,11.8020,60000
"3/30/2128 20:00:00",,,0.94,791.47,20.57,0,11.68955,60000
"4/7/2000 20:04:04",-55.6,-2.9439983,0.00,829.28,20.24,0,12.13935,64240
"3/30/2128 20:00:00",,,0.90,811.20,20.57,0,12.0269,60000
"3/30/2128 20:00:00",,,0.94,811.20,20.57,0,11.91445,60000
"3/30/2128 20:00:00",,,0.94,809.98,20.24,0,11.91445,60000
"3/30/2128 20:00:00",,,0.90,811.20,20.57,0,11.91445,60000
"3/30/2128 20:00:00",,,0.94,811.20,20.24,0,11.91445,60000
"3/30/2128 20:00:00",,,0.94,809.98,20.24,0,11.91445,60000
"3/30/2128 20:00:00",,,0.90,806.31,20.24,0,11.91445,60000
"3/30/2128 20:00:00",,,0.94,798.92,20.57,0,11.8020,60000
"3/30/2128 20:00:00",,,0.86,761.01,20.57,0,11.8020,60000
"3/30/2128 20:00:00",,,0.94,791.47,20.57,0,11.68955,60000
"4/7/2000 20:04:02",-55.6,-2.9422917,0.00,820.89,20.89,0,11.5771,64240
"3/30/2128 20:00:00",,,1.17,819.69,20.57,0,11.5771,60000
"3/30/2128 20:00:00",,,0.82,819.69,20.57,0,11.5771,60000
"3/30/2128 20:00:00",,,0.70,818.48,20.57,0,11.5771,60000
"3/30/2128 20:00:00",,,0.98,818.48,20.57,0,11.5771,60000
"3/30/2128 20:00:00",,,0.70,818.48,20.24,0,11.5771,60000
"3/30/2128 20:00:00",,,0.86,820.89,20.57,0,11.5771,60000
"3/30/2128 20:00:00",,,0.86,819.69,20.24,0,11.5771,60000
"3/30/2128 20:00:00",,,1.02,818.48,20.57,0,11.5771,60000
"3/30/2128 20:00:00",,,0.86,818.48,20.24,3,11.5771,60000
"3/30/2128 20:00:00",,,0.94,818.48,20.57,0,11.5771,60000
"4/7/2000 20:04:02",-55.6,-2.9422917,0.00,820.89,20.89,0,11.5771,64240
"3/30/2128 20:00:00",,,1.17,819.69,20.57,0,11.5771,60000
"3/30/2128 20:00:00",,,0.82,819.69,20.57,0,11.5771,60000
"3/30/2128 20:00:00",,,0.70,818.48,20.57,0,11.5771,60000
"3/30/2128 20:00:00",,,0.98,818.48,20.57,0,11.5771,60000
"3/30/2128 20:00:00",,,0.70,818.48,20.24,0,11.5771,60000
"3/30/2128 20:00:00",,,0.86,820.89,20.57,0,11.5771,60000
"3/30/2128 20:00:00",,,0.86,819.69,20.24,0,11.5771,60000
"3/30/2128 20:00:00",,,1.02,818.48,20.57,0,11.5771,60000
"3/30/2128 20:00:00",,,0.86,818.48,20.24,3,11.5771,60000
"3/30/2128 20:00:00",,,0.94,818.48,20.57,0,11.5771,60000
"4/7/2000 20:04:02",-55.6,-2.9427185,0.00,818.48,20.24,0,11.91445,63724
"3/30/2128 20:00:00",,,1.02,818.48,20.24,0,11.91445,60000
"3/30/2128 20:00:00",,,0.82,817.27,20.24,0,11.91445,60000
"3/30/2128 20:00:00",,,0.94,817.27,20.24,0,11.91445,60000
"3/30/2128 20:00:00",,,0.86,817.27,20.24,0,11.91445,60000
"3/30/2128 20:00:00",,,1.02,817.27,20.24,0,11.91445,60000
"3/30/2128 20:00:00",,,0.94,816.06,20.24,0,11.8020,60000
"3/30/2128 20:00:00",,,1.05,816.06,20.24,0,11.8020,60000
"3/30/2128 20:00:00",,,0.90,816.06,20.24,0,11.8020,60000
"3/30/2128 20:00:00",,,0.98,816.06,20.24,0,11.68955,60000
"3/30/2128 20:00:00",,,0.90,814.85,20.24,0,11.68955,60000
"4/7/2000 20:04:02",-55.6,-2.9427185,0.00,818.48,20.24,0,11.91445,63724
"3/30/2128 20:00:00",,,1.02,818.48,20.24,0,11.91445,60000
"3/30/2128 20:00:00",,,0.82,817.27,20.24,0,11.91445,60000
"3/30/2128 20:00:00",,,0.94,817.27,20.24,0,11.91445,60000
"3/30/2128 20:00:00",,,0.86,817.27,20.24,0,11.91445,60000
"3/30/2128 20:00:00",,,1.02,817.27,20.24,0,11.91445,60000
"3/30/2128 20:00:00",,,0.94,816.06,20.24,0,11.8020,60000
"3/30/2128 20:00:00",,,1.05,816.06,20.24,0,11.8020,60000
"3/30/2128 20:00:00",,,0.90,816.06,20.24,0,11.8020,60000
"3/30/2128 20:00:00",,,0.98,816.06,20.24,0,11.68955,60000
"3/30/2128 20:00:00",,,0.90,814.85,20.24,0,11.68955,60000
"4/7/2000 20:03:44",-55.6,-2.9435716,0.00,820.89,19.92,9,11.68955,63980
"3/30/2128 20:00:00",,,0.86,826.89,20.24,0,11.68955,60000
"3/30/2128 20:00:00",,,0.94,809.98,20.24,0,11.5771,60000
"3/30/2128 20:00:00",,,0.94,808.76,20.24,0,11.5771,60000
"3/30/2128 20:00:00",,,0.86,808.76,20.24,0,11.68955,60000
"3/30/2128 20:00:00",,,0.94,801.39,20.24,0,11.68955,60000
"3/30/2128 20:00:00",,,0.98,795.21,20.24,0,11.68955,60000
"3/30/2128 20:00:00",,,0.90,809.98,20.24,0,11.5771,60000
"3/30/2128 20:00:00",,,0.94,826.89,20.24,0,11.68955,60000
"3/30/2128 20:00:00",,,0.94,813.64,20.24,0,11.8020,60000
"3/30/2128 20:00:00",,,1.05,812.42,20.24,0,11.8020,60000
"4/7/2000 20:03:44",-55.6,-2.9435716,0.00,820.89,19.92,9,11.68955,63980
"3/30/2128 20:00:00",,,0.86,826.89,20.24,0,11.68955,60000
"3/30/2128 20:00:00",,,0.94,809.98,20.24,0,11.5771,60000
"3/30/2128 20:00:00",,,0.94,808.76,20.24,0,11.5771,60000
"3/30/2128 20:00:00",,,0.86,808.76,20.24,0,11.68955,60000
"3/30/2128 20:00:00",,,0.94,801.39,20.24,0,11.68955,60000
"3/30/2128 20:00:00",,,0.98,795.21,20.24,0,11.68955,60000
"3/30/2128 20:00:00",,,0.90,809.98,20.24,0,11.5771,60000
"3/30/2128 20:00:00",,,0.94,826.89,20.24,0,11.68955,60000
"3/30/2128 20:00:00",,,0.94,813.64,20.24,0,11.8020,60000
"3/30/2128 20:00:00",,,1.05,812.42,20.24,0,11.8020,60000
"4/7/2000 20:03:04",-55.6,-2.9439983,0.00,809.98,20.24,0,12.9265,64232
"3/30/2128 20:00:00",,,0.94,811.20,20.24,0,13.03895,60000
"3/30/2128 20:00:00",,,0.90,812.42,20.24,0,13.26385,60000
"3/30/2128 20:00:00",,,0.90,811.20,20.24,0,13.3763,60000
"3/30/2128 20:00:00",,,0.94,811.20,20.24,0,13.48875,60000
"3/30/2128 20:00:00",,,0.94,811.20,20.24,0,13.6012,60000
"3/30/2128 20:00:00",,,0.90,811.20,20.24,0,13.6012,60000
"3/30/2128 20:00:00",,,0.90,811.20,20.24,0,13.6012,60000
"3/30/2128 20:00:00",,,0.90,811.20,20.24,0,13.48875,60000
"3/30/2128 20:00:00",,,0.98,809.98,20.24,0,13.6012,60000
"3/30/2128 20:00:00",,,0.94,809.98,20.24,0,13.48875,60000
"4/7/2000 20:03:04",-55.6,-2.9439983,0.00,809.98,20.24,0,12.9265,64232
"3/30/2128 20:00:00",,,0.94,811.20,20.24,0,13.03895,60000
"3/30/2128 20:00:00",,,0.90,812.42,20.24,0,13.26385,60000
"3/30/2128 20:00:00",,,0.90,811.20,20.24,0,13.3763,60000
"3/30/2128 20:00:00",,,0.94,811.20,20.24,0,13.48875,60000
"3/30/2128 20:00:00",,,0.94,811.20,20.24,0,13.6012,60000
"3/30/2128 20:00:00",,,0.90,811.20,20.24,0,13.6012,60000
"3/30/2128 20:00:00",,,0.90,811.20,20.24,0,13.6012,60000
"3/30/2128 20:00:00",,,0.90,811.20,20.24,0,13.48875,60000
"3/30/2128 20:00:00",,,0.98,809.98,20.24,0,13.6012,60000
"3/30/2128 20:00:00",,,0.94,809.98,20.24,0,13.48875,60000
"4/7/2000 20:02:10",-55.6,-2.9435716,0.00,811.20,20.24,0,15.4004,64233
"3/30/2128 20:00:00",,,0.94,812.42,20.24,0,15.73775,60000
"3/30/2128 20:00:00",,,0.94,813.64,20.24,0,15.96265,60000
"3/30/2128 20:00:00",,,0.98,813.64,20.24,0,16.41245,60000
"3/30/2128 20:00:00",,,0.94,812.42,20.57,0,16.86225,60000
"3/30/2128 20:00:00",,,0.94,811.20,20.24,0,17.31205,60000
"3/30/2128 20:00:00",,,1.02,809.98,20.57,0,17.6494,60000
"3/30/2128 20:00:00",,,0.94,811.20,20.57,0,17.76185,60000
"3/30/2128 20:00:00",,,0.94,812.42,20.57,0,17.98675,60000
"3/30/2128 20:00:00",,,0.90,812.42,20.57,0,18.3241,60000
"3/30/2128 20:00:00",,,0.94,813.64,20.57,0,18.5490,60000
"4/7/2000 20:02:10",-55.6,-2.9435716,0.00,811.20,20.24,0,15.4004,64233
"3/30/2128 20:00:00",,,0.94,812.42,20.24,0,15.73775,60000
"3/30/2128 20:00:00",,,0.94,813.64,20.24,0,15.96265,60000
"3/30/2128 20:00:00",,,0.98,813.64,20.24,0,16.41245,60000
"3/30/2128 20:00:00",,,0.94,812.42,20.57,0,16.86225,60000
"3/30/2128 20:00:00",,,0.94,811.20,20.24,0,17.31205,60000
"3/30/2128 20:00:00",,,1.02,809.98,20.57,0,17.6494,60000
"3/30/2128 20:00:00",,,0.94,811.20,20.57,0,17.76185,60000
"3/30/2128 20:00:00",,,0.94,812.42,20.57,0,17.98675,60000
"3/30/2128 20:00:00",,,0.90,812.42,20.57,0,18.3241,60000
"3/30/2128 20:00:00",,,0.94,813.64,20.57,0,18.5490,60000
"4/7/2000 20:02:54",-55.6,-2.9439983,0.00,808.76,20.57,0,18.43655,63975
"3/30/2128 20:00:00",,,0.90,808.76,20.57,0,18.43655,60000
"3/30/2128 20:00:00",,,0.94,808.76,20.57,0,18.43655,60000
"3/30/2128 20:00:00",,,0.90,808.76,20.57,0,18.21165,60000
"3/30/2128 20:00:00",,,0.90,807.54,20.57,0,17.98675,60000
"3/30/2128 20:00:00",,,0.86,807.54,20.57,0,17.8743,60000
"3/30/2128 20:00:00",,,0.94,808.76,20.57,0,17.6494,60000
"3/30/2128 20:00:00",,,0.94,808.76,20.24,0,17.4245,60000
"3/30/2128 20:00:00",,,0.94,807.54,20.24,0,17.31205,60000
"3/30/2128 20:00:00",,,0.86,826.89,20.24,0,17.08715,60000
"3/30/2128 20:00:00",,,0.90,811.20,20.24,0,17.08715,60000
"4/7/2000 20:02:54",-55.6,-2.9439983,0.00,808.76,20.57,0,18.43655,63975
"3/30/2128 20:00:00",,,0.90,808.76,20.57,0,18.43655,60000
"3/30/2128 20:00:00",,,0.94,808.76,20.57,0,18.43655,60000
"3/30/2128 20:00:00",,,0.90,808.76,20.57,0,18.21165,60000
"3/30/2128 20:00:00",,,0.90,807.54,20.57,0,17.98675,60000
"3/30/2128 20:00:00",,,0.86,807.54,20.57,0,17.8743,60000
"3/30/2128 20:00:00",,,0.94,808.76,20.57,0,17.6494,60000
"3/30/2128 20:00:00",,,0.94,808.76,20.24,0,17.4245,60000
"3/30/2128 20:00:00",,,0.94,807.54,20.24,0,17.31205,60000
"3/30/2128 20:00:00",,,0.86,826.89,20.24,0,17.08715,60000
"3/30/2128 20:00:00",,,0.90,811.20,20.24,0,17.08715,60000
"4/7/2000 20:02:56",-55.6,-2.9435716,0.00,808.76,20.24,0,15.8502,64477
"3/30/2128 20:00:00",,,0.90,835.22,20.24,0,15.96265,60000
"3/30/2128 20:00:00",,,0.98,816.06,20.24,0,15.96265,60000
"3/30/2128 20:00:00",,,0.90,817.27,20.24,0,15.96265,60000
"3/30/2128 20:00:00",,,0.94,825.70,20.24,0,15.96265,60000
"3/30/2128 20:00:00",,,0.94,823.30,20.24,0,15.96265,60000
"3/30/2128 20:00:00",,,0.94,812.42,20.24,7,16.0751,60000
"3/30/2128 20:00:00",,,0.90,816.06,20.24,0,16.0751,60000
"3/30/2128 20:00:00",,,0.94,817.27,20.24,0,15.96265,60000
"3/30/2128 20:00:00",,,0.94,814.85,20.24,0,15.96265,60000
"3/30/2128 20:00:00",,,0.90,816.06,20.24,0,15.96265,60000
"4/7/2000 20:02:56",-55.6,-2.9435716,0.00,808.76,20.24,0,15.8502,64477
"3/30/2128 20:00:00",,,0.90,835.22,20.24,0,15.96265,60000
"3/30/2128 20:00:00",,,0.98,816.06,20.24,0,15.96265,60000
"3/30/2128 20:00:00",,,0.90,817.27,20.24,0,15.96265,60000
"3/30/2128 20:00:00",,,0.94,825.70,20.24,0,15.96265,60000
"3/30/2128 20:00:00",,,0.94,823.30,20.24,0,15.96265,60000
"3/30/2128 20:00:00",,,0.94,812.42,20.24,7,16.0751,60000
"3/30/2128 20:00:00",,,0.90,816.06,20.24,0,16.0751,60000
"3/30/2128 20:00:00",,,0.94,817.27,20.24,0,15.96265,60000
"3/30/2128 20:00:00",,,0.94,814.85,20.24,0,15.96265,60000
"3/30/2128 20:00:00",,,0.90,816.06,20.24,0,15.96265,60000
"4/7/2000 20:03:34",-55.6,-2.9410114,0.00,831.66,20.89,0,16.18755,64748
"3/30/2128 20:00:00",,,0.90,825.70,20.89,1,16.0751,60000
"3/30/2128 20:00:00",,,0.98,819.69,20.89,0,16.5249,60000
"3/30/2128 20:00:00",,,1.45,823.30,21.21,0,16.86225,60000
"3/30/2128 20:00:00",,,0.86,832.85,21.21,0,16.7498,60000
"3/30/2128 20:00:00",,,1.02,817.27,21.21,0,16.5249,60000
"3/30/2128 20:00:00",,,0.90,824.50,21.21,0,16.18755,60000
"3/30/2128 20:00:00",,,0.70,825.70,21.53,0,15.96265,60000
"3/30/2128 20:00:00",,,0.82,819.69,21.53,0,15.73775,60000
"3/30/2128 20:00:00",,,0.98,819.69,21.53,0,15.51285,60000
"3/30/2128 20:00:00",,,1.02,817.27,21.53,0,15.28795,60000
"4/7/2000 20:03:34",-55.6,-2.9410114,0.00,831.66,20.89,0,16.18755,64748
"3/30/2128 20:00:00",,,0.90,825.70,20.89,1,16.0751,60000
"3/30/2128 20:00:00",,,0.98,819.69,20.89,0,16.5249,60000
"3/30/2128 20:00:00",,,1.45,823.30,21.21,0,16.86225,60000
"3/30/2128 20:00:00",,,0.86,832.85,21.21,0,16.7498,60000
"3/30/2128 20:00:00",,,1.02,817.27,21.21,0,16.5249,60000
"3/30/2128 20:00:00",,,0.90,824.50,21.21,0,16.18755,60000
"3/30/2128 20:00:00",,,0.70,825.70,21.53,0,15.96265,60000
"3/30/2128 20:00:00",,,0.82,819.69,21.53,0,15.73775,60000
"3/30/2128 20:00:00",,,0.98,819.69,21.53,0,15.51285,60000
"3/30/2128 20:00:00",,,1.02,817.27,21.53,0,15.28795,60000
"4/7/2000 22:11:52",-55.6,-2.946132,0.00,813.64,21.21,0,13.3763,65521
"3/30/2128 20:00:00",,,1.02,814.85,21.53,0,13.26385,60000
"3/30/2128 20:00:00",,,0.70,814.85,21.21,0,13.03895,60000
"3/30/2128 20:00:00",,,0.86,814.85,21.21,0,12.9265,60000
"3/30/2128 20:00:00",,,1.17,814.85,21.21,0,12.81405,60000
"3/30/2128 20:00:00",,,1.05,814.85,21.21,0,12.7016,60000
"3/30/2128 20:00:00",,,0.98,814.85,21.53,0,12.58915,60000
"3/30/2128 20:00:00",,,0.94,829.28,21.53,0,12.4767,60000
"3/30/2128 20:00:00",,,0.98,829.28,21.86,0,12.36425,60000
"3/30/2128 20:00:00",,,1.21,823.30,21.86,0,12.36425,60000
"3/30/2128 20:00:00",,,0.86,830.47,21.86,0,12.36425,60000
"4/7/2000 22:11:52",-55.6,-2.946132,0.00,813.64,21.21,0,13.3763,65521
"3/30/2128 20:00:00",,,1.02,814.85,21.53,0,13.26385,60000
"3/30/2128 20:00:00",,,0.70,814.85,21.21,0,13.03895,60000
"3/30/2128 20:00:00",,,0.86,814.85,21.21,0,12.9265,60000
"3/30/2128 20:00:00",,,1.17,814.85,21.21,0,12.81405,60000
"3/30/2128 20:00:00",,,1.05,814.85,21.21,0,12.7016,60000
"3/30/2128 20:00:00",,,0.98,814.85,21.53,0,12.58915,60000
"3/30/2128 20:00:00",,,0.94,829.28,21.53,0,12.4767,60000
"3/30/2128 20:00:00",,,0.98,829.28,21.86,0,12.36425,60000
"3/30/2128 20:00:00",,,1.21,823.30,21.86,0,12.36425,60000
"3/30/2128 20:00:00",,,0.86,830.47,21.86,0,12.36425,60000
"4/7/2000 23:11:48",-55.6,-2.940585,0.00,817.27,21.86,1,12.4767,65260
"3/30/2128 20:00:00",,,0.59,816.06,21.86,1,12.58915,60000
"3/30/2128 20:00:00",,,1.25,814.85,22.18,1,12.7016,60000
"3/30/2128 20:00:00",,,1.17,809.98,22.18,0,12.7016,60000
"3/30/2128 20:00:00",,,0.78,808.76,21.86,1,12.7016,60000
"3/30/2128 20:00:00",,,0.66,814.85,22.18,1,12.81405,60000
"3/30/2128 20:00:00",,,0.90,814.85,22.18,0,12.81405,60000
"3/30/2128 20:00:00",,,0.86,814.85,22.18,1,12.81405,60000
"3/30/2128 20:00:00",,,1.02,814.85,22.18,2,12.81405,60000
"3/30/2128 20:00:00",,,0.86,814.85,22.18,2,12.7016,60000
"3/30/2128 20:00:00",,,0.94,814.85,22.18,2,12.7016,60000
"4/7/2000 23:11:48",-55.6,-2.940585,0.00,817.27,21.86,1,12.4767,65260
"3/30/2128 20:00:00",,,0.59,816.06,21.86,1,12.58915,60000
"3/30/2128 20:00:00",,,1.25,814.85,22.18,1,12.7016,60000
"3/30/2128 20:00:00",,,1.17,809.98,22.18,0,12.7016,60000
"3/30/2128 20:00:00",,,0.78,808.76,21.86,1,12.7016,60000
"3/30/2128 20:00:00",,,0.66,814.85,22.18,1,12.81405,60000
"3/30/2128 20:00:00",,,0.90,814.85,22.18,0,12.81405,60000
"3/30/2128 20:00:00",,,0.86,814.85,22.18,1,12.81405,60000
"3/30/2128 20:00:00",,,1.02,814.85,22.18,2,12.81405,60000
"3/30/2128 20:00:00",,,0.86,814.85,22.18,2,12.7016,60000
"3/30/2128 20:00:00",,,0.94,814.85,22.18,2,12.7016,60000
"4/8/2000 00:35:44",-55.6,-2.946558,0.00,814.85,21.86,2,12.81405,65514
"3/30/2128 20:00:00",,,0.78,814.85,21.86,2,12.81405,60000
"3/30/2128 20:00:00",,,0.98,814.85,21.86,2,12.81405,60000
"3/30/2128 20:00:00",,,0.70,822.10,21.86,2,12.81405,60000
"3/30/2128 20:00:00",,,0.90,817.27,21.86,2,12.9265,60000
"3/30/2128 20:00:00",,,0.98,822.10,21.86,3,12.9265,60000
"3/30/2128 20:00:00",,,0.66,830.47,21.86,3,13.03895,60000
"3/30/2128 20:00:00",,,0.86,832.85,21.86,3,13.1514,60000
"3/30/2128 20:00:00",,,0.98,812.42,21.86,4,13.1514,60000
"3/30/2128 20:00:00",,,0.66,822.10,21.86,3,13.1514,60000
"3/30/2128 20:00:00",,,0.74,832.85,22.18,3,13.26385,60000
"4/8/2000 00:35:44",-55.6,-2.946558,0.00,814.85,21.86,2,12.81405,65514
"3/30/2128 20:00:00",,,0.78,814.85,21.86,2,12.81405,60000
"3/30/2128 20:00:00",,,0.98,814.85,21.86,2,12.81405,60000
"3/30/2128 20:00:00",,,0.70,822.10,21.86,2,12.81405,60000
"3/30/2128 20:00:00",,,0.90,817.27,21.86,2,12.9265,60000
"3/30/2128 20:00:00",,,0.98,822.10,21.86,3,12.9265,60000
"3/30/2128 20:00:00",,,0.66,830.47,21.86,3,13.03895,60000
"3/30/2128 20:00:00",,,0.86,832.85,21.86,3,13.1514,60000
"3/30/2128 20:00:00",,,0.98,812.42,21.86,4,13.1514,60000
"3/30/2128 20:00:00",,,0.66,822.10,21.86,3,13.1514,60000
"3/30/2128 20:00:00",,,0.74,832.85,22.18,3,13.26385,60000
"4/8/2000 13:27:46",-55.6,-2.9401581,0.00,824.50,22.18,3,12.9265,33018
"3/30/2128 20:00:00",,,0.90,831.66,22.18,3,12.9265,60000
"3/30/2128 20:00:00",,,0.59,832.85,22.18,3,13.03895,60000
"3/30/2128 20:00:00",,,0.82,832.85,-18.75,4,13.03895,60000
"3/30/2128 20:00:00",,,0.86,822.10,-18.75,4,13.03895,60000
"3/30/2128 20:00:00",,,0.70,807.54,22.18,4,12.81405,60000
"3/30/2128 20:00:00",,,0.55,805.09,22.18,4,12.58915,60000
"3/30/2128 20:00:00",,,1.41,806.31,21.86,4,12.4767,60000
"3/30/2128 20:00:00",,,0.98,808.76,21.86,4,12.36425,60000
"3/30/2128 20:00:00",,,0.94,811.20,21.86,7,12.2518,60000
"3/30/2128 20:00:00",,,0.94,828.09,21.86,8,12.2518,60000
"4/8/2000 13:27:46",-55.6,-2.9401581,0.00,824.50,22.18,3,12.9265,33018
"3/30/2128 20:00:00",,,0.90,831.66,22.18,3,12.9265,60000
"3/30/2128 20:00:00",,,0.59,832.85,22.18,3,13.03895,60000
"3/30/2128 20:00:00",,,0.82,832.85,-18.75,4,13.03895,60000
"3/30/2128 20:00:00",,,0.86,822.10,-18.75,4,13.03895,60000
"3/30/2128 20:00:00",,,0.70,807.54,22.18,4,12.81405,60000
"3/30/2128 20:00:00",,,0.55,805.09,22.18,4,12.58915,60000
"3/30/2128 20:00:00",,,1.41,806.31,21.86,4,12.4767,60000
"3/30/2128 20:00:00",,,0.98,808.76,21.86,4,12.36425,60000
"3/30/2128 20:00:00",,,0.94,811.20,21.86,7,12.2518,60000
"3/30/2128 20:00:00",,,0.94,828.09,21.86,8,12.2518,60000
"4/7/2000 20:04:04",-55.6,-2.941865,0.00,831.66,-18.75,-10,12.9265,63455
"3/30/2128 20:00:00",,,0.90,830.47,-19.07,-10,12.9265,60000
"3/30/2128 20:00:00",,,0.82,820.89,22.18,-10,12.9265,60000
"3/30/2128 20:00:00",,,0.90,811.20,22.18,-12,12.81405,60000
"3/30/2128 20:00:00",,,0.59,809.98,22.18,0,12.7016,60000
"3/30/2128 20:00:00",,,0.66,786.47,21.86,2,12.58915,60000
"3/30/2128 20:00:00",,,0.70,791.47,21.53,61,12.58915,60000
"3/30/2128 20:00:00",,,1.21,811.20,21.21,0,12.4767,60000
"3/30/2128 20:00:00",,,0.82,812.42,21.21,0,12.36425,60000
"3/30/2128 20:00:00",,,0.82,809.98,20.89,0,12.36425,60000
"3/30/2128 20:00:00",,,1.17,809.98,20.89,0,12.36425,60000
"4/7/2000 20:04:04",-55.6,-2.941865,0.00,831.66,-18.75,-10,12.9265,63455
"3/30/2128 20:00:00",,,0.90,830.47,-19.07,-10,12.9265,60000
"3/30/2128 20:00:00",,,0.82,820.89,22.18,-10,12.9265,60000
"3/30/2128 20:00:00",,,0.90,811.20,22.18,-12,12.81405,60000
"3/30/2128 20:00:00",,,0.59,809.98,22.18,0,12.7016,60000
"3/30/2128 20:00:00",,,0.66,786.47,21.86,2,12.58915,60000
"3/30/2128 20:00:00",,,0.70,791.47,21.53,61,12.58915,60000
"3/30/2128 20:00:00",,,1.21,811.20,21.21,0,12.4767,60000
"3/30/2128 20:00:00",,,0.82,812.42,21.21,0,12.36425,60000
"3/30/2128 20:00:00",,,0.82,809.98,20.89,0,12.36425,60000
"3/30/2128 20:00:00",,,1.17,809.98,20.89,0,12.36425,60000
"4/7/2000 20:04:06",-55.6,-2.9401581,0.00,798.92,19.60,0,11.5771,62183
"3/30/2128 20:00:00",,,0.90,802.63,19.60,0,11.46465,60000
"3/30/2128 20:00:00",,,0.78,802.63,19.28,0,11.46465,60000
"3/30/2128 20:00:00",,,1.02,802.63,19.28,0,11.3522,60000
"3/30/2128 20:00:00",,,1.13,801.39,19.28,0,11.3522,60000
"3/30/2128 20:00:00",,,1.05,802.63,18.96,0,11.3522,60000
"3/30/2128 20:00:00",,,0.74,805.09,18.96,0,11.23975,60000
"3/30/2128 20:00:00",,,0.59,807.54,18.96,0,11.23975,60000
"3/30/2128 20:00:00",,,0.78,808.76,18.96,0,11.23975,60000
"3/30/2128 20:00:00",,,0.90,808.76,18.63,0,11.23975,60000
"3/30/2128 20:00:00",,,1.72,811.20,18.63,0,11.23975,60000
"4/7/2000 20:04:06",-55.6,-2.9401581,0.00,798.92,19.60,0,11.5771,62183
"3/30/2128 20:00:00",,,0.90,802.63,19.60,0,11.46465,60000
"3/30/2128 20:00:00",,,0.78,802.63,19.28,0,11.46465,60000
"3/30/2128 20:00:00",,,1.02,802.63,19.28,0,11.3522,60000
"3/30/2128 20:00:00",,,1.13,801.39,19.28,0,11.3522,60000
"3/30/2128 20:00:00",,,1.05,802.63,18.96,0,11.3522,60000
"3/30/2128 20:00:00",,,0.74,805.09,18.96,0,11.23975,60000
"3/30/2128 20:00:00",,,0.59,807.54,18.96,0,11.23975,60000
"3/30/2128 20:00:00",,,0.78,808.76,18.96,0,11.23975,60000
"3/30/2128 20:00:00",,,0.90,808.76,18.63,0,11.23975,60000
"3/30/2128 20:00:00",,,1.72,811.20,18.63,0,11.23975,60000
"4/7/2000 20:03:30",-55.6,-2.9410114,0.00,811.20,17.99,0,11.5771,61925
"3/30/2128 20:00:00",,,1.25,806.31,17.99,0,11.8020,60000
"3/30/2128 20:00:00",,,1.02,809.98,17.99,0,11.91445,60000
"3/30/2128 20:00:00",,,0.74,808.76,17.99,0,12.0269,60000
"3/30/2128 20:00:00",,,1.02,808.76,17.99,0,12.0269,60000
"3/30/2128 20:00:00",,,1.02,811.20,17.99,0,12.13935,60000
"3/30/2128 20:00:00",,,0.66,809.98,17.99,0,12.2518,60000
"3/30/2128 20:00:00",,,0.94,811.20,17.99,0,12.2518,60000
"3/30/2128 20:00:00",,,1.21,808.76,17.67,0,12.36425,60000
"3/30/2128 20:00:00",,,0.98,809.98,17.67,0,12.4767,60000
"3/30/2128 20:00:00",,,0.98,808.76,17.67,0,12.58915,60000
"4/7/2000 20:03:30",-55.6,-2.9410114,0.00,811.20,17.99,0,11.5771,61925
"3/30/2128 20:00:00",,,1.25,806.31,17.99,0,11.8020,60000
"3/30/2128 20:00:00",,,1.02,809.98,17.99,0,11.91445,60000
"3/30/2128 20:00:00",,,0.74,808.76,17.99,0,12.0269,60000
"3/30/2128 20:00:00",,,1.02,808.76,17.99,0,12.0269,60000
"3/30/2128 20:00:00",,,1.02,811.20,17.99,0,12.13935,60000
"3/30/2128 20:00:00",,,0.66,809.98,17.99,0,12.2518,60000
"3/30/2128 20:00:00",,,0.94,811.20,17.99,0,12.2518,60000
"3/30/2128 20:00:00",,,1.21,808.76,17.67,0,12.36425,60000
"3/30/2128 20:00:00",,,0.98,809.98,17.67,0,12.4767,60000
"3/30/2128 20:00:00",,,0.98,808.76,17.67,0,12.58915,60000
"4/7/2000 20:03:24",-55.6,-2.938025,0.00,806.31,17.67,0,13.8261,61666
"3/30/2128 20:00:00",,,1.45,808.76,17.67,0,13.8261,60000
"3/30/2128 20:00:00",,,1.25,808.76,17.67,0,13.8261,60000
"3/30/2128 20:00:00",,,0.78,807.54,17.67,0,13.8261,60000
"3/30/2128 20:00:00",,,0.59,805.09,17.67,0,13.93855,60000
"3/30/2128 20:00:00",,,0.66,803.86,17.67,0,13.93855,60000
"3/30/2128 20:00:00",,,1.09,803.86,17.67,0,13.93855,60000
"3/30/2128 20:00:00",,,1.25,803.86,17.67,0,13.93855,60000
"3/30/2128 20:00:00",,,1.09,805.09,17.67,0,14.0510,60000
"3/30/2128 20:00:00",,,0.86,807.54,17.67,0,14.16345,60000
"3/30/2128 20:00:00",,,0.94,807.54,17.67,0,14.16345,60000
"4/7/2000 20:03:24",-55.6,-2.938025,0.00,806.31,17.67,0,13.8261,61666
"3/30/2128 20:00:00",,,1.45,808.76,17.67,0,13.8261,60000
"3/30/2128 20:00:00",,,1.25,808.76,17.67,0,13.8261,60000
"3/30/2128 20:00:00",,,0.78,807.54,17.67,0,13.8261,60000
"3/30/2128 20:00:00",,,0.59,805.09,17.67,0,13.93855,60000
"3/30/2128 20:00:00",,,0.66,803.86,17.67,0,13.93855,60000
"3/30/2128 20:00:00",,,1.09,803.86,17.67,0,13.93855,60000
"3/30/2128 20:00:00",,,1.25,803.86,17.67,0,13.93855,60000
"3/30/2128 20:00:00",,,1.09,805.09,17.67,0,14.0510,60000
"3/30/2128 20:00:00",,,0.86,807.54,17.67,0,14.16345,60000
"3/30/2128 20:00:00",,,0.94,807.54,17.67,0,14.16345,60000
"4/7/2000 20:03:32",-55.6,-2.946132,0.00,803.86,17.34,0,14.0510,61150
"3/30/2128 20:00:00",,,1.13,803.86,17.34,0,14.0510,60000
"3/30/2128 20:00:00",,,0.98,803.86,17.34,0,14.0510,60000
"3/30/2128 20:00:00",,,1.05,802.63,17.34,0,14.0510,60000
"3/30/2128 20:00:00",,,0.70,798.92,17.34,0,14.0510,60000
"3/30/2128 20:00:00",,,0.55,797.69,17.02,0,13.93855,60000
"3/30/2128 20:00:00",,,0.66,798.92,17.02,0,13.93855,60000
"3/30/2128 20:00:00",,,1.17,801.39,17.02,0,13.8261,60000
"3/30/2128 20:00:00",,,1.52,801.39,17.02,0,13.8261,60000
"3/30/2128 20:00:00",,,1.09,801.39,17.02,0,13.8261,60000
"3/30/2128 20:00:00",,,0.98,802.63,17.02,0,13.8261,60000
"4/7/2000 20:03:32",-55.6,-2.946132,0.00,803.86,17.34,0,14.0510,61150
"3/30/2128 20:00:00",,,1.13,803.86,17.34,0,14.0510,60000
"3/30/2128 20:00:00",,,0.98,803.86,17.34,0,14.0510,60000
"3/30/2128 20:00:00",,,1.05,802.63,17.34,0,14.0510,60000
"3/30/2128 20:00:00",,,0.70,798.92,17.34,0,14.0510,60000
"3/30/2128 20:00:00",,,0.55,797.69,17.02,0,13.93855,60000
"3/30/2128 20:00:00",,,0.66,798.92,17.02,0,13.93855,60000
"3/30/2128 20:00:00",,,1.17,801.39,17.02,0,13.8261,60000
"3/30/2128 20:00:00",,,1.52,801.39,17.02,0,13.8261,60000
"3/30/2128 20:00:00",,,1.09,801.39,17.02,0,13.8261,60000
"3/30/2128 20:00:00",,,0.98,802.63,17.02,0,13.8261,60000
"4/7/2000 20:03:22",-55.6,-2.9439983,0.00,795.21,16.70,0,13.6012,60892
"3/30/2128 20:00:00",,,0.59,797.69,16.38,0,13.6012,60000
"3/30/2128 20:00:00",,,0.66,801.39,16.38,0,13.6012,60000
"3/30/2128 20:00:00",,,0.86,801.39,16.38,0,13.6012,60000
"3/30/2128 20:00:00",,,1.17,803.86,16.38,0,13.6012,60000
"3/30/2128 20:00:00",,,1.25,798.92,16.38,0,13.71365,60000
"3/30/2128 20:00:00",,,1.25,797.69,16.38,0,13.71365,60000
"3/30/2128 20:00:00",,,1.09,798.92,16.38,0,13.71365,60000
"3/30/2128 20:00:00",,,0.94,798.92,16.38,0,13.71365,60000
"3/30/2128 20:00:00",,,0.74,798.92,16.38,0,13.71365,60000
"3/30/2128 20:00:00",,,0.62,797.69,16.38,0,13.71365,60000
"4/7/2000 20:03:22",-55.6,-2.9439983,0.00,795.21,16.70,0,13.6012,60892
"3/30/2128 20:00:00",,,0.59,797.69,16.38,0,13.6012,60000
"3/30/2128 20:00:00",,,0.66,801.39,16.38,0,13.6012,60000
"3/30/2128 20:00:00",,,0.86,801.39,16.38,0,13.6012,60000
"3/30/2128 20:00:00",,,1.17,803.86,16.38,0,13.6012,60000
"3/30/2128 20:00:00",,,1.25,798.92,16.38,0,13.71365,60000
"3/30/2128 20:00:00",,,1.25,797.69,16.38,0,13.71365,60000
"3/30/2128 20:00:00",,,1.09,798.92,16.38,0,13.71365,60000
"3/30/2128 20:00:00",,,0.94,798.92,16.38,0,13.71365,60000
"3/30/2128 20:00:00",,,0.74,798.92,16.38,0,13.71365,60000
"3/30/2128 20:00:00",,,0.62,797.69,16.38,0,13.71365,60000
"4/7/2000 20:11:28",-55.6,-2.9388783,0.00,793.96,16.05,0,14.0510,60131
"3/30/2128 20:00:00",,,0.78,798.92,16.05,0,14.16345,60000
"3/30/2128 20:00:00",,,1.21,800.16,16.05,0,14.16345,60000
"3/30/2128 20:00:00",,,1.21,796.45,16.05,0,14.16345,60000
"3/30/2128 20:00:00",,,0.90,791.47,16.05,0,14.16345,60000
"3/30/2128 20:00:00",,,0.55,800.16,16.05,0,14.16345,60000
"3/30/2128 20:00:00",,,0.62,800.16,16.05,0,14.16345,60000
"3/30/2128 20:00:00",,,0.94,802.63,16.05,0,14.16345,60000
"3/30/2128 20:00:00",,,1.13,802.63,16.05,0,14.16345,60000
"3/30/2128 20:00:00",,,1.21,801.39,16.05,0,14.16345,60000
"3/30/2128 20:00:00",,,1.09,801.39,15.73,0,14.0510,60000
"4/7/2000 20:11:28",-55.6,-2.9388783,0.00,793.96,16.05,0,14.0510,60131
"3/30/2128 20:00:00",,,0.78,798.92,16.05,0,14.16345,60000
"3/30/2128 20:00:00",,,1.21,800.16,16.05,0,14.16345,60000
"3/30/2128 20:00:00",,,1.21,796.45,16.05,0,14.16345,60000
"3/30/2128 20:00:00",,,0.90,791.47,16.05,0,14.16345,60000
"3/30/2128 20:00:00",,,0.55,800.16,16.05,0,14.16345,60000
"3/30/2128 20:00:00",,,0.62,800.16,16.05,0,14.16345,60000
"3/30/2128 20:00:00",,,0.94,802.63,16.05,0,14.16345,60000
"3/30/2128 20:00:00",,,1.13,802.63,16.05,0,14.16345,60000
"3/30/2128 20:00:00",,,1.21,801.39,16.05,0,14.16345,60000
"3/30/2128 20:00:00",,,1.09,801.39,15.73,0,14.0510,60000
"4/7/2000 20:03:14",-55.6,-2.9444249,0.00,805.09,15.41,0,13.93855,60906
"3/30/2128 20:00:00",,,1.09,806.31,15.73,0,14.0510,60000
"3/30/2128 20:00:00",,,1.13,816.06,15.41,0,14.16345,60000
"3/30/2128 20:00:00",,,1.09,823.30,15.73,0,14.38835,60000
"3/30/2128 20:00:00",,,0.74,825.70,16.05,0,14.61325,60000
"3/30/2128 20:00:00",,,1.05,828.09,16.05,0,14.7257,60000
"3/30/2128 20:00:00",,,0.59,831.66,16.05,0,14.83815,60000
"3/30/2128 20:00:00",,,0.78,831.66,16.05,0,15.06305,60000
"3/30/2128 20:00:00",,,1.21,832.85,16.05,0,15.06305,60000
"3/30/2128 20:00:00",,,1.17,831.66,16.38,0,15.06305,60000
"3/30/2128 20:00:00",,,1.09,830.47,16.38,0,15.06305,60000
"4/7/2000 20:03:14",-55.6,-2.9444249,0.00,805.09,15.41,0,13.93855,60906
"3/30/2128 20:00:00",,,1.09,806.31,15.73,0,14.0510,60000
"3/30/2128 20:00:00",,,1.13,816.06,15.41,0,14.16345,60000
"3/30/2128 20:00:00",,,1.09,823.30,15.73,0,14.38835,60000
"3/30/2128 20:00:00",,,0.74,825.70,16.05,0,14.61325,60000
"3/30/2128 20:00:00",,,1.05,828.09,16.05,0,14.7257,60000
"3/30/2128 20:00:00",,,0.59,831.66,16.05,0,14.83815,60000
"3/30/2128 20:00:00",,,0.78,831.66,16.05,0,15.06305,60000
"3/30/2128 20:00:00",,,1.21,832.85,16.05,0,15.06305,60000
"3/30/2128 20:00:00",,,1.17,831.66,16.38,0,15.06305,60000
"3/30/2128 20:00:00",,,1.09,830.47,16.38,0,15.06305,60000
"4/7/2000 22:35:20",-55.6,-2.9448516,0.00,812.42,16.05,0,14.5008,60904
"3/30/2128 20:00:00",,,0.47,811.20,16.05,0,14.5008,60000
"3/30/2128 20:00:00",,,1.25,811.20,16.05,0,14.38835,60000
"3/30/2128 20:00:00",,,1.33,811.20,16.05,0,14.38835,60000
"3/30/2128 20:00:00",,,1.13,808.76,16.05,0,14.2759,60000
"3/30/2128 20:00:00",,,1.13,808.76,16.05,0,14.2759,60000
"3/30/2128 20:00:00",,,0.82,807.54,16.05,0,14.2759,60000
"3/30/2128 20:00:00",,,0.82,806.31,16.05,0,14.16345,60000
"3/30/2128 20:00:00",,,0.70,807.54,16.05,0,14.16345,60000
"3/30/2128 20:00:00",,,1.21,808.76,16.05,0,14.16345,60000
"3/30/2128 20:00:00",,,1.21,808.76,16.05,0,14.0510,60000
"4/7/2000 22:35:20",-55.6,-2.9448516,0.00,812.42,16.05,0,14.5008,60904
"3/30/2128 20:00:00",,,0.47,811.20,16.05,0,14.5008,60000
"3/30/2128 20:00:00",,,1.25,811.20,16.05,0,14.38835,60000
"3/30/2128 20:00:00",,,1.33,811.20,16.05,0,14.38835,60000
"3/30/2128 20:00:00",,,1.13,808.76,16.05,0,14.2759,60000
"3/30/2128 20:00:00",,,1.13,808.76,16.05,0,14.2759,60000
"3/30/2128 20:00:00",,,0.82,807.54,16.05,0,14.2759,60000
"3/30/2128 20:00:00",,,0.82,806.31,16.05,0,14.16345,60000
"3/30/2128 20:00:00",,,0.70,807.54,16.05,0,14.16345,60000
"3/30/2128 20:00:00",,,1.21,808.76,16.05,0,14.16345,60000
"3/30/2128 20:00:00",,,1.21,808.76,16.05,0,14.0510,60000
"3/30/2128 20:00:00",,,1.29,811.20,16.38,4,14.2759,60000
"3/30/2128 20:00:00",,,1.41,811.20,16.38,1,14.16345,60000
"3/30/2128 20:00:00",,,1.60,812.42,16.05,0,14.2759,60000
"3/30/2128 20:00:00",,,1.45,813.64,16.05,0,14.16345,60000
"3/30/2128 20:00:00",,,1.41,813.64,16.38,0,14.16345,60000
"3/30/2128 20:00:00",,,1.05,813.64,16.38,0,14.16345,60000
"3/30/2128 20:00:00",,,0.66,813.64,16.38,0,14.2759,60000
"3/30/2128 20:00:00",,,0.90,813.64,16.38,0,14.38835,60000
