time,lat,lon,light,temp,sound,ext
"Jun 26 2009 13:36:25",0.0,0.0,77.00,14.75,0.00,25.75
"Jun 26 2009 13:36:27",0.0,0.0,77.00,14.75,0.00,25.75
"Jun 26 2009 13:36:28",0.0,0.0,77.00,14.75,0.00,25.75
"Jun 26 2009 13:36:29",0.0,0.0,78.00,14.75,5.00,25.75
"Jun 26 2009 13:36:30",0.0,0.0,78.00,14.75,0.00,25.75
"Jun 26 2009 13:36:31",0.0,0.0,78.00,14.75,0.00,25.75
"Jun 26 2009 13:36:32",0.0,0.0,78.00,14.75,0.00,25.75
"Jun 26 2009 13:36:33",0.0,0.0,77.00,14.75,0.00,25.75
"Jun 26 2009 13:36:34",0.0,0.0,77.00,14.75,0.00,25.75
"Jun 26 2009 13:36:35",0.0,0.0,77.00,14.75,0.00,25.75
"Jun 26 2009 13:36:36",0.0,0.0,77.00,14.75,0.00,25.75
"Jun 26 2009 13:36:37",0.0,0.0,77.00,14.75,0.00,26.20
"Jun 26 2009 13:36:38",0.0,0.0,77.00,14.75,0.00,26.20
"Jun 26 2009 13:36:39",0.0,0.0,77.00,14.75,0.00,26.20
"Jun 26 2009 13:36:40",0.0,0.0,78.00,14.75,28.00,26.20
"Jun 26 2009 13:36:41",0.0,0.0,77.00,14.75,0.00,26.20
"Jun 26 2009 13:36:43",0.0,0.0,78.00,14.75,0.00,26.20
"Jun 26 2009 13:36:44",0.0,0.0,77.00,14.75,0.00,26.20
"Jun 26 2009 13:36:45",0.0,0.0,77.00,14.75,0.00,26.20
"Jun 26 2009 13:36:46",0.0,0.0,78.00,14.75,0.00,26.20
"Jun 26 2009 13:36:47",0.0,0.0,77.00,14.75,0.00,26.20
"Jun 26 2009 13:36:48",0.0,0.0,77.00,14.75,0.00,26.20
"Jun 26 2009 13:36:49",0.0,0.0,77.00,14.75,0.00,25.75
"Jun 26 2009 13:36:50",0.0,0.0,77.00,14.75,0.00,25.75
"Jun 26 2009 13:36:51",0.0,0.0,77.00,14.75,0.00,25.75
"Jun 26 2009 13:36:52",0.0,0.0,77.00,14.75,0.00,25.75
"Jun 26 2009 13:36:53",0.0,0.0,77.00,14.75,0.00,25.75
"Jun 26 2009 13:36:54",0.0,0.0,77.00,14.75,10.00,25.75
"Jun 26 2009 13:36:55",0.0,0.0,77.00,14.75,0.00,25.75
"Jun 26 2009 13:36:56",0.0,0.0,77.00,14.75,0.00,25.75
"Jun 26 2009 13:36:57",0.0,0.0,77.00,14.75,0.00,25.75
"Jun 26 2009 13:36:59",0.0,0.0,77.00,14.75,0.00,25.75
"Jun 26 2009 13:37:00",0.0,0.0,77.00,14.75,0.00,25.75
"Jun 26 2009 13:37:01",0.0,0.0,78.00,14.75,41.00,25.75
"Jun 26 2009 13:37:02",0.0,0.0,77.00,16.14,0.00,25.75
"Jun 26 2009 13:37:03",0.0,0.0,77.00,14.75,3.00,25.75
"Jun 26 2009 13:37:04",0.0,0.0,77.00,14.75,0.00,25.75
"Jun 26 2009 13:37:05",0.0,0.0,77.00,14.75,10.00,25.75
"Jun 26 2009 13:37:06",0.0,0.0,77.00,14.75,0.00,25.75
"Jun 26 2009 13:37:07",0.0,0.0,77.00,14.75,0.00,25.75
"Jun 26 2009 13:37:08",0.0,0.0,77.00,16.14,0.00,25.75
"Jun 26 2009 13:37:09",0.0,0.0,77.00,14.75,100.00,25.75
"Jun 26 2009 13:37:10",42.50423,-71.244125,77.00,14.75,0.00,25.75
"Jun 26 2009 13:37:11",42.50437,-71.24425,77.00,16.14,0.00,25.75
"Jun 26 2009 13:37:13",42.504295,-71.24418,77.00,14.75,0.00,25.75
"Jun 26 2009 13:37:14",42.504322,-71.24419,77.00,14.75,20.00,25.75
"Jun 26 2009 13:37:15",42.504295,-71.24421,77.00,14.75,0.00,25.75
"Jun 26 2009 13:37:16",42.504295,-71.24421,77.00,14.75,0.00,25.30
"Jun 26 2009 13:37:17",42.504295,-71.24422,77.00,16.14,0.00,25.30
"Jun 26 2009 13:37:18",42.504295,-71.244225,77.00,14.75,0.00,25.30
"Jun 26 2009 13:37:19",42.504295,-71.24423,77.00,14.75,0.00,25.30
"Jun 26 2009 13:37:20",42.504295,-71.24423,77.00,14.75,0.00,25.30
"Jun 26 2009 13:37:21",42.504295,-71.24423,77.00,14.75,0.00,25.30
"Jun 26 2009 13:37:22",42.504288,-71.244225,77.00,16.14,0.00,25.30
"Jun 26 2009 13:37:24",42.50428,-71.24423,77.00,14.75,45.00,25.30
"Jun 26 2009 13:37:25",42.504265,-71.24423,77.00,14.75,35.00,25.30
"Jun 26 2009 13:37:26",42.50425,-71.244225,77.00,16.14,6.00,25.30
"Jun 26 2009 13:37:27",42.50424,-71.24422,77.00,14.75,0.00,25.30
"Jun 26 2009 13:37:28",42.50425,-71.24423,77.00,14.75,0.00,25.30
"Jun 26 2009 13:37:29",42.504265,-71.24424,77.00,14.75,0.00,25.30
"Jun 26 2009 13:37:30",42.504265,-71.244225,77.00,14.75,0.00,25.30
"Jun 26 2009 13:37:31",42.504265,-71.24423,77.00,16.14,0.00,25.30
"Jun 26 2009 13:37:32",42.504265,-71.24425,77.00,14.75,0.00,25.30
"Jun 26 2009 13:37:33",42.504265,-71.24425,77.00,14.75,5.00,25.30
"Jun 26 2009 13:37:34",42.504272,-71.24425,76.00,16.14,0.00,25.30
"Jun 26 2009 13:37:35",42.504272,-71.244255,76.00,14.75,0.00,25.75
"Jun 26 2009 13:37:36",42.504288,-71.244286,76.00,14.75,0.00,25.75
"Jun 26 2009 13:37:37",42.504314,-71.244255,76.00,14.75,0.00,26.20
"Jun 26 2009 13:37:38",42.50433,-71.24428,76.00,14.75,0.00,26.20
"Jun 26 2009 13:37:39",42.504337,-71.24428,76.00,16.14,0.00,26.20
"Jun 26 2009 13:37:41",42.504387,-71.24431,77.00,14.75,0.00,26.20
"Jun 26 2009 13:37:42",42.504345,-71.24426,77.00,14.75,15.00,26.20
"Jun 26 2009 13:37:43",42.50433,-71.24427,77.00,16.14,0.00,26.20
"Jun 26 2009 13:37:44",42.50433,-71.24426,78.00,16.14,0.00,26.20
"Jun 26 2009 13:37:45",42.504322,-71.24426,77.00,14.75,0.00,26.20
"Jun 26 2009 13:37:46",42.504295,-71.24427,77.00,14.75,0.00,26.20
"Jun 26 2009 13:37:47",42.50428,-71.244255,77.00,16.14,1.00,26.20
"Jun 26 2009 13:37:48",42.504272,-71.24428,77.00,14.75,0.00,26.20
"Jun 26 2009 13:37:49",42.504272,-71.244286,77.00,14.75,0.00,26.20
"Jun 26 2009 13:37:50",42.50428,-71.24428,77.00,16.14,0.00,26.20
"Jun 26 2009 13:37:51",42.50428,-71.24427,77.00,16.14,0.00,26.20
"Jun 26 2009 13:37:52",42.50428,-71.24426,77.00,16.14,0.00,26.20
"Jun 26 2009 13:37:53",42.504265,-71.24426,77.00,14.75,0.00,26.20
"Jun 26 2009 13:37:54",42.50428,-71.244255,77.00,16.14,0.00,26.20
"Jun 26 2009 13:37:55",42.504272,-71.24427,77.00,16.14,0.00,26.20
"Jun 26 2009 13:37:56",42.50428,-71.24427,77.00,16.14,0.00,26.20
"Jun 26 2009 13:37:58",42.504257,-71.244286,77.00,14.75,0.00,26.20
"Jun 26 2009 13:37:59",42.504265,-71.24429,77.00,14.75,0.00,26.20
"Jun 26 2009 13:38:00",42.504272,-71.2443,77.00,16.14,0.00,26.20
"Jun 26 2009 13:38:01",42.504288,-71.2443,77.00,14.75,0.00,26.20
"Jun 26 2009 13:38:02",42.504295,-71.24433,77.00,16.14,0.00,26.20
"Jun 26 2009 13:38:03",42.504295,-71.24434,77.00,16.14,0.00,26.20
"Jun 26 2009 13:38:04",42.504295,-71.24439,77.00,14.75,100.00,26.20
"Jun 26 2009 13:38:05",42.504288,-71.24443,77.00,16.14,0.00,26.20
"Jun 26 2009 13:38:06",42.50428,-71.24444,77.00,14.75,0.00,25.75
"Jun 26 2009 13:38:07",42.504272,-71.24443,78.00,16.14,0.00,25.75
"Jun 26 2009 13:38:08",42.504257,-71.24446,78.00,14.75,0.00,25.75
"Jun 26 2009 13:38:09",42.50423,-71.24452,78.00,14.75,0.00,25.75
"Jun 26 2009 13:38:10",42.504208,-71.24463,78.00,16.14,0.00,25.75
"Jun 26 2009 13:38:11",42.504185,-71.24468,78.00,16.14,0.00,25.75
"Jun 26 2009 13:38:12",42.504158,-71.24472,78.00,16.14,0.00,25.75
"Jun 26 2009 13:38:13",42.504135,-71.24473,78.00,16.14,0.00,25.75
"Jun 26 2009 13:38:15",42.504078,-71.24473,78.00,14.75,0.00,25.75
"Jun 26 2009 13:38:16",42.504063,-71.244736,78.00,14.75,0.00,25.75
"Jun 26 2009 13:38:17",42.504093,-71.244705,78.00,16.14,0.00,25.75
"Jun 26 2009 13:38:18",42.504128,-71.244675,78.00,14.75,0.00,25.75
"Jun 26 2009 13:38:19",42.504143,-71.24465,78.00,16.14,0.00,25.75
"Jun 26 2009 13:38:20",42.504128,-71.24464,77.00,14.75,0.00,25.75
"Jun 26 2009 13:38:21",42.504128,-71.24463,78.00,16.14,0.00,25.75
"Jun 26 2009 13:38:22",42.504116,-71.24464,78.00,16.14,0.00,25.75
"Jun 26 2009 13:38:23",42.504128,-71.24464,78.00,16.14,0.00,25.75
"Jun 26 2009 13:38:24",42.504128,-71.24464,77.00,16.14,0.00,25.75
"Jun 26 2009 13:38:25",42.504128,-71.24464,77.00,16.14,0.00,25.30
"Jun 26 2009 13:38:26",42.504128,-71.2446,77.00,16.14,12.00,25.75
"Jun 26 2009 13:38:27",42.50415,-71.24454,77.00,16.14,0.00,25.75
"Jun 26 2009 13:38:28",42.504166,-71.24455,78.00,16.14,0.00,25.75
"Jun 26 2009 13:38:29",42.5042,-71.2447,78.00,16.14,0.00,25.75
"Jun 26 2009 13:38:30",42.504185,-71.24463,78.00,16.14,0.00,25.75
"Jun 26 2009 13:38:32",42.50415,-71.24459,77.00,16.14,41.00,26.20
"Jun 26 2009 13:38:33",42.504166,-71.24454,78.00,16.14,0.00,26.20
"Jun 26 2009 13:38:34",42.504173,-71.24452,78.00,14.75,0.00,26.20
"Jun 26 2009 13:38:35",42.504158,-71.24453,78.00,14.75,0.00,26.20
"Jun 26 2009 13:38:36",42.504143,-71.24454,78.00,16.14,3.00,26.65
"Jun 26 2009 13:38:37",42.504128,-71.24454,78.00,16.14,0.00,26.65
"Jun 26 2009 13:38:38",42.504128,-71.24452,78.00,16.14,0.00,26.65
"Jun 26 2009 13:38:39",42.50411,-71.24452,77.00,16.14,0.00,27.10
"Jun 26 2009 13:38:39",42.504093,-71.2445,77.00,16.14,0.00,27.10
"Jun 26 2009 13:38:40",42.5041,-71.24447,77.00,16.14,0.00,27.10
"Jun 26 2009 13:38:41",42.5041,-71.24443,77.00,16.14,0.00,27.10
"Jun 26 2009 13:38:42",42.50411,-71.2444,77.00,16.14,0.00,27.10
"Jun 26 2009 13:38:43",42.50411,-71.24438,77.00,16.14,0.00,27.10
"Jun 26 2009 13:38:44",42.5041,-71.24436,77.00,16.14,0.00,27.10
"Jun 26 2009 13:38:45",42.504086,-71.244354,77.00,16.14,0.00,27.10
"Jun 26 2009 13:38:46",42.50407,-71.24435,77.00,16.14,0.00,27.10
"Jun 26 2009 13:38:47",42.50405,-71.24433,77.00,16.14,12.00,27.10
"Jun 26 2009 13:38:49",42.504044,-71.244316,77.00,16.14,0.00,27.10
"Jun 26 2009 13:38:50",42.50403,-71.244286,77.00,16.14,0.00,27.10
"Jun 26 2009 13:38:51",42.504005,-71.24425,77.00,16.14,0.00,27.10
"Jun 26 2009 13:38:52",42.504005,-71.244255,77.00,16.14,0.00,26.65
"Jun 26 2009 13:38:53",42.504013,-71.244255,77.00,16.14,0.00,26.65
"Jun 26 2009 13:38:54",42.50403,-71.24425,77.00,16.14,0.00,26.65
"Jun 26 2009 13:38:55",42.50402,-71.24424,77.00,16.14,0.00,26.65
"Jun 26 2009 13:38:56",42.50402,-71.244225,77.00,16.14,0.00,26.65
"Jun 26 2009 13:38:57",42.50403,-71.24421,77.00,16.14,0.00,26.65
"Jun 26 2009 13:38:58",42.50403,-71.24419,77.00,16.14,0.00,26.65
"Jun 26 2009 13:38:59",42.50403,-71.24419,77.00,16.14,0.00,26.65
"Jun 26 2009 13:39:00",42.504036,-71.244194,77.00,16.14,0.00,26.20
"Jun 26 2009 13:39:01",42.504044,-71.24422,77.00,16.14,0.00,26.20
"Jun 26 2009 13:39:02",42.504044,-71.24422,77.00,16.14,0.00,26.20
"Jun 26 2009 13:39:03",42.504063,-71.24422,77.00,16.14,0.00,26.20
"Jun 26 2009 13:39:04",42.50407,-71.244194,77.00,14.75,0.00,26.20
"Jun 26 2009 13:39:06",42.504078,-71.24415,77.00,16.14,0.00,26.20
"Jun 26 2009 13:39:07",42.504086,-71.24413,77.00,16.14,0.00,26.20
"Jun 26 2009 13:39:08",42.504086,-71.24411,77.00,16.14,0.00,26.20
"Jun 26 2009 13:39:09",42.5041,-71.244095,77.00,16.14,0.00,26.20
"Jun 26 2009 13:39:10",42.5041,-71.24407,77.00,16.14,0.00,26.20
"Jun 26 2009 13:39:11",42.504116,-71.24405,77.00,16.14,0.00,26.20
"Jun 26 2009 13:39:12",42.504116,-71.244026,77.00,16.14,0.00,26.20
"Jun 26 2009 13:39:13",42.50411,-71.244,77.00,16.14,11.00,26.20
"Jun 26 2009 13:39:14",42.50411,-71.243996,76.00,16.14,0.00,26.20
"Jun 26 2009 13:39:15",42.50411,-71.24395,76.00,16.14,0.00,26.20
"Jun 26 2009 13:39:16",42.504128,-71.24393,76.00,16.14,8.00,26.20
"Jun 26 2009 13:39:17",42.504128,-71.24393,76.00,16.14,0.00,26.20
"Jun 26 2009 13:39:18",42.504135,-71.24392,76.00,16.14,0.00,26.20
"Jun 26 2009 13:39:19",42.504143,-71.243904,76.00,16.14,0.00,26.20
"Jun 26 2009 13:39:20",42.504158,-71.243904,76.00,16.14,0.00,26.20
"Jun 26 2009 13:39:21",42.504166,-71.243935,76.00,16.14,0.00,26.20
"Jun 26 2009 13:39:23",42.504185,-71.24392,76.00,16.14,0.00,26.20
"Jun 26 2009 13:39:24",42.504185,-71.24389,76.00,16.14,0.00,26.20
"Jun 26 2009 13:39:25",42.504185,-71.24384,76.00,16.14,0.00,26.20
"Jun 26 2009 13:39:26",42.504215,-71.24379,76.00,16.14,0.00,26.20
"Jun 26 2009 13:39:27",42.50424,-71.24375,76.00,16.14,0.00,26.20
"Jun 26 2009 13:39:28",42.50424,-71.24375,76.00,16.14,0.00,26.20
"Jun 26 2009 13:39:29",42.50425,-71.24378,76.00,16.14,0.00,26.20
"Jun 26 2009 13:39:30",42.50423,-71.24382,76.00,16.14,0.00,26.20
"Jun 26 2009 13:39:31",42.504272,-71.24384,76.00,16.14,0.00,26.20
"Jun 26 2009 13:39:32",42.504295,-71.24387,76.00,16.14,11.00,25.75
"Jun 26 2009 13:39:33",42.504307,-71.24392,76.00,16.14,0.00,25.75
"Jun 26 2009 13:39:34",42.504314,-71.24392,76.00,16.14,10.00,25.75
"Jun 26 2009 13:39:35",42.504314,-71.243965,76.00,16.14,0.00,25.75
"Jun 26 2009 13:39:36",42.504322,-71.24399,76.00,16.14,0.00,25.75
"Jun 26 2009 13:39:37",42.504307,-71.24394,76.00,16.14,0.00,25.75
"Jun 26 2009 13:39:38",42.504288,-71.24393,75.00,16.14,0.00,25.75
"Jun 26 2009 13:39:40",42.504288,-71.24389,75.00,16.14,0.00,25.75
"Jun 26 2009 13:39:41",42.50424,-71.243744,76.00,16.14,0.00,25.75
"Jun 26 2009 13:39:42",42.504215,-71.243675,76.00,16.14,0.00,25.75
"Jun 26 2009 13:39:43",42.5042,-71.24358,76.00,16.14,0.00,25.75
"Jun 26 2009 13:39:44",42.504192,-71.243515,76.00,16.14,0.00,25.75
"Jun 26 2009 13:39:45",42.504192,-71.24348,76.00,16.14,0.00,25.75
"Jun 26 2009 13:39:46",42.504173,-71.24344,75.00,16.14,0.00,25.75
"Jun 26 2009 13:39:47",42.504158,-71.24343,75.00,16.14,0.00,25.75
"Jun 26 2009 13:39:48",42.50415,-71.24342,75.00,16.14,7.00,25.30
"Jun 26 2009 13:39:49",42.50415,-71.24344,74.00,16.14,0.00,25.30
"Jun 26 2009 13:39:50",42.504158,-71.243416,75.00,14.75,0.00,25.30
"Jun 26 2009 13:39:51",42.504192,-71.24341,75.00,16.14,0.00,25.30
"Jun 26 2009 13:39:52",42.504223,-71.243385,76.00,16.14,3.00,25.30
"Jun 26 2009 13:39:53",42.504257,-71.24342,76.00,16.14,0.00,25.30
"Jun 26 2009 13:39:54",42.504295,-71.24345,76.00,16.14,0.00,25.30
"Jun 26 2009 13:39:55",42.50433,-71.24349,75.00,16.14,30.00,25.30
"Jun 26 2009 13:39:57",42.50438,-71.24348,74.00,16.14,0.00,25.30
"Jun 26 2009 13:39:58",42.50441,-71.24348,76.00,16.14,0.00,25.30
"Jun 26 2009 13:39:59",42.504402,-71.24343,76.00,16.14,0.00,25.30
"Jun 26 2009 13:40:00",42.504402,-71.2434,76.00,16.14,0.00,25.30
"Jun 26 2009 13:40:01",42.50441,-71.24338,76.00,16.14,0.00,25.30
"Jun 26 2009 13:40:02",42.50441,-71.24337,76.00,16.14,15.00,25.30
"Jun 26 2009 13:40:03",42.504395,-71.24338,76.00,16.14,0.00,25.30
"Jun 26 2009 13:40:04",42.504395,-71.24342,76.00,16.14,0.00,25.30
"Jun 26 2009 13:40:05",42.50438,-71.24344,76.00,16.14,29.00,25.30
"Jun 26 2009 13:40:06",42.50436,-71.24346,76.00,16.14,0.00,25.30
"Jun 26 2009 13:40:07",42.504345,-71.24349,76.00,16.14,0.00,25.30
"Jun 26 2009 13:40:08",42.504322,-71.24352,76.00,14.75,0.00,25.30
"Jun 26 2009 13:40:09",42.504314,-71.24353,76.00,14.75,0.00,24.85
"Jun 26 2009 13:40:10",42.504314,-71.24353,76.00,14.75,0.00,24.85
"Jun 26 2009 13:40:11",42.504314,-71.243546,76.00,14.75,0.00,24.85
"Jun 26 2009 13:40:12",42.504295,-71.24357,76.00,16.14,0.00,24.85
"Jun 26 2009 13:40:14",42.50428,-71.24357,76.00,14.75,0.00,24.85
"Jun 26 2009 13:40:15",42.504257,-71.24355,76.00,14.75,0.00,24.85
"Jun 26 2009 13:40:16",42.50424,-71.243546,76.00,14.75,0.00,24.85
"Jun 26 2009 13:40:17",42.504257,-71.24361,76.00,14.75,7.00,24.85
"Jun 26 2009 13:40:18",42.504265,-71.243645,76.00,14.75,0.00,24.85
"Jun 26 2009 13:40:19",42.504288,-71.243675,76.00,14.75,7.00,24.85
"Jun 26 2009 13:40:20",42.504295,-71.2437,76.00,14.75,0.00,24.85
"Jun 26 2009 13:40:21",42.504288,-71.2437,76.00,14.75,0.00,24.85
"Jun 26 2009 13:40:22",42.504272,-71.24372,76.00,14.75,0.00,24.85
"Jun 26 2009 13:40:23",42.50428,-71.24377,76.00,14.75,0.00,24.85
"Jun 26 2009 13:40:24",42.504265,-71.2438,76.00,14.75,0.00,24.85
"Jun 26 2009 13:40:25",42.504257,-71.24383,76.00,14.75,0.00,24.85
"Jun 26 2009 13:40:26",42.50425,-71.24385,75.00,14.75,0.00,24.85
"Jun 26 2009 13:40:27",42.50425,-71.24386,75.00,14.75,0.00,24.85
"Jun 26 2009 13:40:28",42.50428,-71.2439,74.00,14.75,0.00,24.85
"Jun 26 2009 13:40:29",42.504307,-71.24391,74.00,14.75,0.00,24.85
"Jun 26 2009 13:40:31",42.50433,-71.24391,74.00,14.75,0.00,24.85
"Jun 26 2009 13:40:32",42.50433,-71.24393,75.00,14.75,0.00,24.85
"Jun 26 2009 13:40:33",42.504337,-71.24393,75.00,14.75,0.00,24.85
"Jun 26 2009 13:40:34",42.504337,-71.24395,74.00,14.75,0.00,24.85
"Jun 26 2009 13:40:35",42.504322,-71.24397,75.00,14.75,0.00,24.85
"Jun 26 2009 13:40:36",42.504337,-71.24402,76.00,14.75,0.00,24.85
"Jun 26 2009 13:40:37",42.504345,-71.24403,76.00,14.75,0.00,24.85
"Jun 26 2009 13:40:38",42.504345,-71.244064,76.00,14.75,0.00,24.85
"Jun 26 2009 13:40:39",42.50433,-71.24407,76.00,14.75,0.00,24.85
"Jun 26 2009 13:40:40",42.504307,-71.2441,77.00,14.75,13.00,24.85
"Jun 26 2009 13:40:41",42.504272,-71.24413,76.00,14.75,0.00,24.85
"Jun 26 2009 13:40:42",42.50424,-71.244156,76.00,14.75,0.00,24.85
"Jun 26 2009 13:40:43",42.504223,-71.244194,76.00,14.75,0.00,24.85
"Jun 26 2009 13:40:44",42.504208,-71.24424,76.00,14.75,0.00,24.85
"Jun 26 2009 13:40:45",42.504166,-71.24423,76.00,16.14,0.00,24.85
"Jun 26 2009 13:40:46",42.504143,-71.24424,76.00,14.75,0.00,24.85
"Jun 26 2009 13:40:48",42.504093,-71.24417,76.00,14.75,2.00,24.85
"Jun 26 2009 13:40:49",42.504086,-71.24414,76.00,14.75,0.00,24.85
"Jun 26 2009 13:40:50",42.5041,-71.244156,76.00,14.75,0.00,24.85
"Jun 26 2009 13:40:51",42.504093,-71.24415,77.00,16.14,0.00,24.85
"Jun 26 2009 13:40:52",42.504086,-71.24414,76.00,14.75,0.00,24.85
"Jun 26 2009 13:40:53",42.504078,-71.244125,76.00,14.75,0.00,24.85
"Jun 26 2009 13:40:54",42.50407,-71.24412,67.00,14.75,0.00,24.85
"Jun 26 2009 13:40:55",42.50407,-71.24412,76.00,14.75,3.00,24.85
"Jun 26 2009 13:40:56",42.504128,-71.2443,76.00,14.75,2.00,24.85
"Jun 26 2009 13:40:57",42.50415,-71.24426,76.00,14.75,0.00,24.85
"Jun 26 2009 13:40:58",42.504158,-71.24419,76.00,14.75,9.00,24.85
"Jun 26 2009 13:40:59",42.504173,-71.244156,75.00,14.75,0.00,24.85
"Jun 26 2009 13:41:00",42.504215,-71.24413,76.00,14.75,0.00,24.85
"Jun 26 2009 13:41:01",42.504215,-71.24414,76.00,14.75,0.00,24.85
"Jun 26 2009 13:41:02",42.504223,-71.24415,76.00,14.75,0.00,24.85
"Jun 26 2009 13:41:03",42.50423,-71.24415,76.00,14.75,0.00,24.85
"Jun 26 2009 13:41:04",42.50423,-71.244156,76.00,14.75,0.00,24.40
"Jun 26 2009 13:41:06",42.504215,-71.24421,76.00,14.75,0.00,24.40
"Jun 26 2009 13:41:07",42.504215,-71.244225,77.00,14.75,0.00,24.40
"Jun 26 2009 13:41:08",42.504208,-71.244225,76.00,14.75,0.00,24.40
"Jun 26 2009 13:41:09",42.50423,-71.24421,76.00,14.75,0.00,24.40
"Jun 26 2009 13:41:10",42.504215,-71.24425,75.00,14.75,0.00,24.40
"Jun 26 2009 13:41:11",42.504215,-71.24427,75.00,14.75,0.00,24.40
"Jun 26 2009 13:41:12",42.504208,-71.2443,76.00,14.75,0.00,24.40
"Jun 26 2009 13:41:13",42.504215,-71.244316,77.00,14.75,13.00,24.40
"Jun 26 2009 13:41:14",42.504215,-71.2443,76.00,14.75,0.00,24.40
"Jun 26 2009 13:41:15",42.504215,-71.24429,77.00,14.75,38.00,24.40
"Jun 26 2009 13:41:16",42.504208,-71.244286,77.00,14.75,18.00,24.40
"Jun 26 2009 13:41:17",42.5042,-71.24429,77.00,14.75,0.00,24.40
"Jun 26 2009 13:41:18",42.504192,-71.24428,77.00,14.75,0.00,24.40
"Jun 26 2009 13:41:19",42.504173,-71.24429,76.00,14.75,0.00,24.40
"Jun 26 2009 13:41:20",42.504173,-71.2443,77.00,14.75,0.00,24.40
"Jun 26 2009 13:41:21",42.504185,-71.24429,77.00,14.75,0.00,24.40
"Jun 26 2009 13:41:23",42.5042,-71.24428,77.00,14.75,0.00,24.40
"Jun 26 2009 13:41:24",42.5042,-71.24427,77.00,14.75,0.00,24.40
"Jun 26 2009 13:41:25",42.50425,-71.24426,77.00,14.75,0.00,24.40
"Jun 26 2009 13:41:26",42.50428,-71.244225,77.00,14.75,0.00,24.40
"Jun 26 2009 13:41:27",42.504272,-71.24416,77.00,14.75,0.00,24.40
"Jun 26 2009 13:41:28",42.504288,-71.24414,77.00,14.75,0.00,24.40
"Jun 26 2009 13:41:29",42.504288,-71.24416,77.00,14.75,0.00,24.40
"Jun 26 2009 13:41:30",42.504307,-71.24422,77.00,14.75,3.00,24.40
"Jun 26 2009 13:41:31",42.504314,-71.24422,77.00,14.75,2.00,24.40
"Jun 26 2009 13:41:32",42.504314,-71.24422,77.00,14.75,0.00,24.40
"Jun 26 2009 13:41:33",42.504314,-71.24423,76.00,14.75,0.00,24.40
"Jun 26 2009 13:41:34",42.504314,-71.244225,77.00,14.75,0.00,24.40
"Jun 26 2009 13:41:35",42.504322,-71.24425,77.00,14.75,0.00,24.40
"Jun 26 2009 13:41:36",42.504322,-71.244225,76.00,14.75,8.00,24.40
"Jun 26 2009 13:41:37",42.504314,-71.244225,76.00,14.75,0.00,24.40
"Jun 26 2009 13:41:38",42.504314,-71.244225,76.00,14.75,0.00,24.40
"Jun 26 2009 13:41:40",42.504337,-71.244225,76.00,14.75,0.00,24.40
"Jun 26 2009 13:41:41",42.504337,-71.24422,76.00,14.75,0.00,24.40
"Jun 26 2009 13:41:42",42.50433,-71.24423,77.00,14.75,0.00,24.40
"Jun 26 2009 13:41:43",42.50433,-71.24424,77.00,14.75,0.00,24.40
"Jun 26 2009 13:41:44",42.504322,-71.24425,77.00,14.75,0.00,24.40
"Jun 26 2009 13:41:45",42.504314,-71.24427,77.00,14.75,0.00,24.40
"Jun 26 2009 13:41:46",42.504288,-71.244286,77.00,14.75,0.00,24.85
"Jun 26 2009 13:41:47",42.504272,-71.24429,76.00,14.75,0.00,24.85
"Jun 26 2009 13:41:48",42.504257,-71.24428,77.00,14.75,0.00,24.85
"Jun 26 2009 13:41:49",42.50424,-71.244255,77.00,14.75,0.00,24.85
"Jun 26 2009 13:41:50",42.504215,-71.244255,76.00,14.75,0.00,24.85
"Jun 26 2009 13:41:51",42.5042,-71.24426,77.00,14.75,3.00,24.85
"Jun 26 2009 13:41:52",42.50423,-71.244255,76.00,14.75,23.00,24.85
"Jun 26 2009 13:41:53",42.504257,-71.244255,77.00,14.75,0.00,24.85
"Jun 26 2009 13:41:54",42.50428,-71.24425,76.00,14.75,0.00,24.85
"Jun 26 2009 13:41:55",42.504288,-71.24424,76.00,14.75,0.00,24.85
"Jun 26 2009 13:41:57",42.504307,-71.244255,76.00,14.75,0.00,24.85
"Jun 26 2009 13:41:58",42.504322,-71.24427,76.00,14.75,0.00,24.85
"Jun 26 2009 13:41:59",42.504337,-71.2443,76.00,14.75,7.00,24.85
"Jun 26 2009 13:42:00",42.504345,-71.24431,76.00,14.75,0.00,24.85
"Jun 26 2009 13:42:01",42.504353,-71.24433,76.00,14.75,0.00,24.85
"Jun 26 2009 13:42:02",42.50437,-71.24434,76.00,14.75,0.00,24.85
"Jun 26 2009 13:42:03",42.50437,-71.24434,76.00,14.75,0.00,24.85
"Jun 26 2009 13:42:04",42.50437,-71.244316,77.00,14.75,0.00,24.85
"Jun 26 2009 13:42:05",42.50436,-71.244316,76.00,14.75,0.00,24.85
"Jun 26 2009 13:42:06",42.50438,-71.24433,76.00,14.75,6.00,24.85
"Jun 26 2009 13:42:07",42.50438,-71.24434,77.00,14.75,0.00,24.85
"Jun 26 2009 13:42:08",42.504402,-71.244354,76.00,14.75,0.00,24.85
"Jun 26 2009 13:42:09",42.504417,-71.244354,75.00,16.14,0.00,24.85
"Jun 26 2009 13:42:10",42.50443,-71.244354,41.00,14.75,0.00,24.85
"Jun 26 2009 13:42:11",42.504444,-71.24435,32.00,14.75,0.00,24.85
"Jun 26 2009 13:42:12",42.50445,-71.24435,28.00,14.75,0.00,24.85
"Jun 26 2009 13:42:14",42.50445,-71.24435,32.00,14.75,0.00,24.85
"Jun 26 2009 13:42:15",42.50445,-71.24435,7.00,14.75,0.00,24.85
"Jun 26 2009 13:42:16",42.50445,-71.24435,6.00,14.75,13.00,24.85
"Jun 26 2009 13:42:17",42.50445,-71.24435,10.00,14.75,20.00,24.85
"Jun 26 2009 13:42:18",42.50445,-71.24435,15.00,14.75,0.00,24.40
"Jun 26 2009 13:42:19",42.50445,-71.24435,17.00,14.75,0.00,24.40
"Jun 26 2009 13:42:20",42.50445,-71.24435,13.00,14.75,0.00,23.95
"Jun 26 2009 13:42:21",42.50445,-71.24435,6.00,14.75,0.00,23.95
"Jun 26 2009 13:42:22",42.50445,-71.24435,6.00,14.75,0.00,23.95
"Jun 26 2009 13:42:23",42.50445,-71.24435,12.00,14.75,0.00,23.95
"Jun 26 2009 13:42:24",42.50445,-71.24435,4.00,14.75,0.00,23.50
"Jun 26 2009 13:42:25",42.50445,-71.24435,5.00,14.75,5.00,23.50
"Jun 26 2009 13:42:26",42.50445,-71.24435,7.00,14.75,0.00,23.50
"Jun 26 2009 13:42:27",42.50445,-71.24435,34.00,14.75,0.00,23.50
"Jun 26 2009 13:42:28",42.50445,-71.24435,13.00,14.75,0.00,23.05
"Jun 26 2009 13:42:30",42.50445,-71.24435,19.00,14.75,5.00,23.05
"Jun 26 2009 13:42:31",42.50445,-71.24435,6.00,14.75,0.00,23.05
"Jun 26 2009 13:42:32",42.50445,-71.24435,4.00,14.75,0.00,23.05
"Jun 26 2009 13:42:33",42.50445,-71.24435,5.00,14.75,0.00,22.60
"Jun 26 2009 13:42:34",42.50445,-71.24435,11.00,14.75,0.00,22.60
"Jun 26 2009 13:42:35",42.50445,-71.24435,7.00,14.75,0.00,22.60
"Jun 26 2009 13:42:36",42.50445,-71.24435,11.00,14.75,0.00,22.60
"Jun 26 2009 13:42:37",42.50445,-71.24435,11.00,14.75,0.00,22.60
"Jun 26 2009 13:42:38",42.50445,-71.24435,11.00,14.75,32.00,22.60
"Jun 26 2009 13:42:39",42.50445,-71.24435,11.00,14.75,0.00,22.15
"Jun 26 2009 13:42:40",42.50445,-71.24435,10.00,14.75,0.00,22.15
"Jun 26 2009 13:42:41",42.50445,-71.24435,11.00,14.75,0.00,22.15
"Jun 26 2009 13:42:42",42.50445,-71.24435,11.00,14.75,3.00,22.15
"Jun 26 2009 13:42:43",42.50445,-71.24435,11.00,14.75,0.00,22.15
"Jun 26 2009 13:42:44",42.50445,-71.24435,10.00,14.75,0.00,22.15
"Jun 26 2009 13:42:46",42.50445,-71.24435,1.00,13.37,3.00,22.15
"Jun 26 2009 13:42:47",42.50445,-71.24435,6.00,14.75,0.00,22.15
"Jun 26 2009 13:42:48",42.50445,-71.24435,10.00,13.37,3.00,22.15
"Jun 26 2009 13:42:49",42.50445,-71.24435,9.00,14.75,0.00,21.70
"Jun 26 2009 13:42:50",42.50445,-71.24435,10.00,14.75,0.00,21.70
"Jun 26 2009 13:42:51",42.50445,-71.24435,11.00,14.75,0.00,21.70
"Jun 26 2009 13:42:52",42.50445,-71.24435,11.00,14.75,0.00,21.70
"Jun 26 2009 13:42:53",42.50445,-71.24435,11.00,14.75,0.00,21.70
"Jun 26 2009 13:42:54",42.50445,-71.24435,11.00,13.37,18.00,21.70
"Jun 26 2009 13:42:55",42.50445,-71.24435,11.00,14.75,0.00,21.70
"Jun 26 2009 13:42:56",42.50445,-71.24435,11.00,14.75,0.00,21.70
"Jun 26 2009 13:42:57",42.50445,-71.24435,6.00,14.75,0.00,21.70
"Jun 26 2009 13:42:58",42.50445,-71.24435,6.00,14.75,8.00,21.70
"Jun 26 2009 13:42:59",42.50445,-71.24435,6.00,14.75,0.00,21.25
"Jun 26 2009 13:43:00",42.50445,-71.24435,6.00,14.75,0.00,21.25
"Jun 26 2009 13:43:01",42.50445,-71.24435,11.00,14.75,0.00,21.25
"Jun 26 2009 13:43:03",42.50445,-71.24435,11.00,14.75,0.00,21.25
"Jun 26 2009 13:43:04",42.50445,-71.24435,11.00,14.75,0.00,21.25
"Jun 26 2009 13:43:05",42.50445,-71.24435,11.00,14.75,0.00,21.25
"Jun 26 2009 13:43:06",42.50445,-71.24435,11.00,14.75,0.00,21.25
"Jun 26 2009 13:43:07",42.50445,-71.24435,11.00,14.75,0.00,21.25
"Jun 26 2009 13:43:08",42.50445,-71.24435,11.00,14.75,0.00,21.25
"Jun 26 2009 13:43:09",42.50445,-71.24435,11.00,14.75,0.00,21.25
"Jun 26 2009 13:43:10",42.50445,-71.24435,11.00,14.75,0.00,21.25
"Jun 26 2009 13:43:11",42.50445,-71.24435,10.00,14.75,0.00,21.25
"Jun 26 2009 13:43:12",42.50445,-71.24435,6.00,14.75,17.00,21.25
"Jun 26 2009 13:43:13",42.50445,-71.24435,0.00,14.75,0.00,21.25
"Jun 26 2009 13:43:14",42.50445,-71.24435,0.00,14.75,0.00,21.25
"Jun 26 2009 13:43:15",42.50445,-71.24435,3.00,13.37,0.00,21.25
"Jun 26 2009 13:43:16",42.50445,-71.24435,3.00,13.37,0.00,21.25
"Jun 26 2009 13:43:17",42.50445,-71.24435,2.00,14.75,0.00,21.25
"Jun 26 2009 13:43:19",42.50445,-71.24435,3.00,14.75,0.00,21.25
"Jun 26 2009 13:43:20",42.50445,-71.24435,3.00,13.37,35.00,20.80
"Jun 26 2009 13:43:21",42.50445,-71.24435,3.00,14.75,0.00,20.80
"Jun 26 2009 13:43:22",42.50445,-71.24435,4.00,14.75,0.00,20.80
"Jun 26 2009 13:43:23",42.50445,-71.24435,1.00,13.37,0.00,20.80
"Jun 26 2009 13:43:24",42.50445,-71.24435,4.00,13.37,0.00,20.80
"Jun 26 2009 13:43:25",42.50445,-71.24435,9.00,13.37,0.00,20.80
"Jun 26 2009 13:43:26",42.50445,-71.24435,9.00,13.37,0.00,20.80
"Jun 26 2009 13:43:27",42.50445,-71.24435,9.00,14.75,0.00,20.80
"Jun 26 2009 13:43:28",42.50445,-71.24435,9.00,14.75,0.00,20.80
"Jun 26 2009 13:43:29",42.50445,-71.24435,9.00,14.75,0.00,20.80
"Jun 26 2009 13:43:30",42.50445,-71.24435,9.00,14.75,0.00,20.80
"Jun 26 2009 13:43:31",42.50445,-71.24435,9.00,14.75,39.00,20.80
"Jun 26 2009 13:43:32",42.50445,-71.24435,9.00,13.37,0.00,20.80
"Jun 26 2009 13:43:33",42.50445,-71.24435,9.00,13.37,0.00,20.80
"Jun 26 2009 13:43:35",42.50445,-71.24435,9.00,14.75,19.00,20.80
"Jun 26 2009 13:43:36",42.50445,-71.24435,9.00,14.75,0.00,20.80
"Jun 26 2009 13:43:37",42.50445,-71.24435,9.00,14.75,1.00,20.80
"Jun 26 2009 13:43:38",42.50445,-71.24435,9.00,13.37,25.00,20.80
"Jun 26 2009 13:43:39",42.50445,-71.24435,9.00,13.37,0.00,20.80
"Jun 26 2009 13:43:40",42.50445,-71.24435,9.00,14.75,0.00,20.80
"Jun 26 2009 13:43:41",42.50445,-71.24435,0.00,14.75,11.00,20.80
"Jun 26 2009 13:43:42",42.50445,-71.24435,7.00,14.75,0.00,20.80
"Jun 26 2009 13:43:43",42.50445,-71.24435,0.00,13.37,0.00,20.80
"Jun 26 2009 13:43:44",42.50445,-71.24435,3.00,14.75,0.00,20.80
"Jun 26 2009 13:43:45",42.50445,-71.24435,7.00,13.37,0.00,20.80
"Jun 26 2009 13:43:46",42.50445,-71.24435,1.00,13.37,0.00,20.80
"Jun 26 2009 13:43:47",42.50445,-71.24435,1.00,14.75,0.00,20.80
"Jun 26 2009 13:43:48",42.50445,-71.24435,1.00,13.37,0.00,20.80
"Jun 26 2009 13:43:49",42.50445,-71.24435,5.00,14.75,3.00,20.80
"Jun 26 2009 13:43:51",42.50445,-71.24435,6.00,13.37,0.00,21.25
"Jun 26 2009 13:43:52",42.50445,-71.24435,12.00,13.37,0.00,21.25
"Jun 26 2009 13:43:53",42.50445,-71.24435,20.00,14.75,0.00,21.25
"Jun 26 2009 13:43:54",42.50445,-71.24435,19.00,14.75,0.00,21.25
"Jun 26 2009 13:43:55",42.50445,-71.24435,3.00,13.37,32.00,20.80
"Jun 26 2009 13:43:56",42.50445,-71.24435,2.00,13.37,0.00,21.25
"Jun 26 2009 13:43:57",42.50445,-71.24435,1.00,13.37,0.00,20.80
"Jun 26 2009 13:43:58",42.50445,-71.24435,1.00,13.37,0.00,20.80
"Jun 26 2009 13:43:59",42.50445,-71.24435,5.00,13.37,0.00,20.80
"Jun 26 2009 13:44:00",42.50445,-71.24435,4.00,13.37,0.00,20.80
"Jun 26 2009 13:44:01",42.50445,-71.24435,7.00,13.37,0.00,20.80
"Jun 26 2009 13:44:02",42.50445,-71.24435,4.00,14.75,0.00,20.80
"Jun 26 2009 13:44:03",42.50445,-71.24435,7.00,13.37,0.00,20.80
"Jun 26 2009 13:44:04",42.50445,-71.24435,6.00,13.37,0.00,20.80
"Jun 26 2009 13:44:05",42.50445,-71.24435,4.00,14.75,0.00,20.80
"Jun 26 2009 13:44:06",42.50445,-71.24435,6.00,13.37,0.00,20.80
"Jun 26 2009 13:44:08",42.50445,-71.24435,11.00,13.37,0.00,20.80
"Jun 26 2009 13:44:09",42.50445,-71.24435,5.00,13.37,12.00,20.80
"Jun 26 2009 13:44:10",42.50445,-71.24435,4.00,13.37,0.00,20.80
"Jun 26 2009 13:44:11",42.50445,-71.24435,3.00,13.37,0.00,20.80
"Jun 26 2009 13:44:12",42.50445,-71.24435,3.00,13.37,9.00,20.80
"Jun 26 2009 13:44:13",42.50445,-71.24435,3.00,13.37,0.00,20.80
"Jun 26 2009 13:44:14",42.50445,-71.24435,3.00,13.37,17.00,20.80
"Jun 26 2009 13:44:15",42.50445,-71.24435,2.00,13.37,0.00,20.80
"Jun 26 2009 13:44:16",42.50445,-71.24435,0.00,13.37,0.00,20.80
"Jun 26 2009 13:44:17",42.50445,-71.24435,0.00,13.37,0.00,20.80
"Jun 26 2009 13:44:18",42.50445,-71.24435,0.00,13.37,0.00,20.80
"Jun 26 2009 13:44:19",42.50445,-71.24435,0.00,13.37,0.00,20.80
"Jun 26 2009 13:44:20",42.50445,-71.24435,0.00,13.37,0.00,20.80
"Jun 26 2009 13:44:21",42.50445,-71.24435,3.00,13.37,1.00,20.80
"Jun 26 2009 13:44:22",42.50445,-71.24435,3.00,13.37,0.00,20.80
"Jun 26 2009 13:44:24",42.50445,-71.24435,3.00,13.37,0.00,20.80
"Jun 26 2009 13:44:25",42.50445,-71.24435,3.00,13.37,0.00,20.80
"Jun 26 2009 13:44:26",42.50445,-71.24435,5.00,13.37,5.00,20.80
"Jun 26 2009 13:44:27",42.50445,-71.24435,4.00,13.37,15.00,20.80
"Jun 26 2009 13:44:28",42.50445,-71.24435,4.00,13.37,0.00,20.80
"Jun 26 2009 13:44:29",42.50445,-71.24435,4.00,13.37,22.00,20.80
"Jun 26 2009 13:44:30",42.50445,-71.24435,5.00,13.37,0.00,20.80
"Jun 26 2009 13:44:31",42.50445,-71.24435,1.00,13.37,0.00,20.80
"Jun 26 2009 13:44:32",42.50445,-71.24435,1.00,13.37,0.00,20.80
"Jun 26 2009 13:44:33",42.50445,-71.24435,0.00,13.37,0.00,20.80
"Jun 26 2009 13:44:34",42.50445,-71.24435,5.00,13.37,0.00,20.80
"Jun 26 2009 13:44:35",42.50445,-71.24435,4.00,13.37,0.00,20.80
"Jun 26 2009 13:44:36",42.50445,-71.24435,3.00,13.37,0.00,20.80
"Jun 26 2009 13:44:37",42.50445,-71.24435,3.00,13.37,4.00,20.80
"Jun 26 2009 13:44:38",42.50445,-71.24435,2.00,13.37,0.00,20.80
"Jun 26 2009 13:44:40",42.50445,-71.24435,3.00,13.37,0.00,20.80
"Jun 26 2009 13:44:41",42.50445,-71.24435,2.00,13.37,0.00,20.80
"Jun 26 2009 13:44:42",42.50445,-71.24435,3.00,13.37,0.00,20.80
"Jun 26 2009 13:44:43",42.50445,-71.24435,5.00,13.37,0.00,20.80
"Jun 26 2009 13:44:44",42.50445,-71.24435,4.00,13.37,0.00,20.80
