time,lat,lon,light,temp,sound,ext
"Jun 26 2009 13:37:34",0.0,0.0,75.00,20.29,0.00,25.30
"Jun 26 2009 13:37:35",0.0,0.0,75.00,20.29,0.00,25.30
"Jun 26 2009 13:37:36",0.0,0.0,75.00,20.29,0.00,25.30
"Jun 26 2009 13:37:37",0.0,0.0,75.00,20.29,0.00,25.30
"Jun 26 2009 13:37:38",0.0,0.0,75.00,20.29,0.00,25.75
"Jun 26 2009 13:37:39",0.0,0.0,75.00,20.29,0.00,25.75
"Jun 26 2009 13:37:40",0.0,0.0,75.00,20.29,0.00,25.75
"Jun 26 2009 13:37:41",0.0,0.0,75.00,20.29,0.00,25.75
"Jun 26 2009 13:37:42",0.0,0.0,75.00,20.29,0.00,25.75
"Jun 26 2009 13:37:43",0.0,0.0,75.00,20.29,0.00,25.75
"Jun 26 2009 13:37:45",0.0,0.0,75.00,20.29,0.00,25.75
"Jun 26 2009 13:37:46",0.0,0.0,75.00,20.29,0.00,25.75
"Jun 26 2009 13:37:47",0.0,0.0,75.00,20.29,0.00,25.75
"Jun 26 2009 13:37:48",0.0,0.0,75.00,20.29,0.00,25.75
"Jun 26 2009 13:37:49",0.0,0.0,75.00,20.29,0.00,25.75
"Jun 26 2009 13:37:50",0.0,0.0,75.00,20.29,0.00,26.20
"Jun 26 2009 13:37:51",0.0,0.0,75.00,20.29,0.00,26.20
"Jun 26 2009 13:37:52",0.0,0.0,75.00,20.29,0.00,26.20
"Jun 26 2009 13:37:53",0.0,0.0,76.00,20.29,0.00,26.20
"Jun 26 2009 13:37:54",0.0,0.0,76.00,20.29,0.00,26.20
"Jun 26 2009 13:37:55",0.0,0.0,75.00,20.29,0.00,26.20
"Jun 26 2009 13:37:56",0.0,0.0,75.00,20.29,0.00,26.20
"Jun 26 2009 13:37:58",0.0,0.0,75.00,20.29,0.00,26.20
"Jun 26 2009 13:37:59",0.0,0.0,75.00,20.29,0.00,26.20
"Jun 26 2009 13:38:00",0.0,0.0,75.00,20.29,0.00,26.20
"Jun 26 2009 13:38:01",0.0,0.0,76.00,20.29,0.00,26.20
"Jun 26 2009 13:38:02",0.0,0.0,75.00,20.29,0.00,26.20
"Jun 26 2009 13:38:03",0.0,0.0,75.00,20.29,0.00,26.20
"Jun 26 2009 13:38:04",0.0,0.0,76.00,20.29,0.00,26.20
"Jun 26 2009 13:38:05",0.0,0.0,75.00,20.29,0.00,26.20
"Jun 26 2009 13:38:06",0.0,0.0,75.00,20.29,0.00,26.20
"Jun 26 2009 13:38:07",0.0,0.0,75.00,20.29,0.00,26.20
"Jun 26 2009 13:38:08",0.0,0.0,75.00,20.29,0.00,26.20
"Jun 26 2009 13:38:09",0.0,0.0,75.00,20.29,0.00,26.20
"Jun 26 2009 13:38:11",0.0,0.0,75.00,20.29,0.00,26.20
"Jun 26 2009 13:38:12",0.0,0.0,75.00,20.29,0.00,26.20
"Jun 26 2009 13:38:13",0.0,0.0,75.00,20.29,0.00,26.20
"Jun 26 2009 13:38:14",0.0,0.0,75.00,20.29,0.00,26.20
"Jun 26 2009 13:38:15",0.0,0.0,75.00,20.29,0.00,26.20
"Jun 26 2009 13:38:16",0.0,0.0,75.00,20.29,0.00,26.20
"Jun 26 2009 13:38:17",0.0,0.0,75.00,20.29,0.00,26.20
"Jun 26 2009 13:38:18",0.0,0.0,75.00,20.29,0.00,26.20
"Jun 26 2009 13:38:19",0.0,0.0,75.00,20.29,0.00,26.20
"Jun 26 2009 13:38:20",0.0,0.0,75.00,20.29,0.00,26.20
"Jun 26 2009 13:38:21",0.0,0.0,75.00,20.29,0.00,26.20
"Jun 26 2009 13:38:22",0.0,0.0,75.00,20.29,0.00,26.20
"Jun 26 2009 13:38:24",0.0,0.0,75.00,20.29,0.00,26.20
"Jun 26 2009 13:38:25",0.0,0.0,75.00,20.29,0.00,26.20
"Jun 26 2009 13:38:26",0.0,0.0,75.00,20.29,0.00,26.20
"Jun 26 2009 13:38:27",0.0,0.0,75.00,20.29,0.00,26.20
"Jun 26 2009 13:38:28",0.0,0.0,75.00,20.29,0.00,26.20
"Jun 26 2009 13:38:29",0.0,0.0,75.00,20.29,0.00,26.20
"Jun 26 2009 13:38:30",0.0,0.0,73.00,20.29,0.00,26.20
"Jun 26 2009 13:38:31",0.0,0.0,73.00,20.29,0.00,26.20
"Jun 26 2009 13:38:32",0.0,0.0,73.00,20.29,0.00,26.20
"Jun 26 2009 13:38:33",0.0,0.0,72.00,20.29,0.00,26.20
"Jun 26 2009 13:38:34",0.0,0.0,72.00,20.29,0.00,26.20
"Jun 26 2009 13:38:35",0.0,0.0,75.00,20.29,0.00,26.20
"Jun 26 2009 13:38:37",0.0,0.0,75.00,20.29,0.00,26.20
"Jun 26 2009 13:38:38",0.0,0.0,74.00,20.29,0.00,26.20
"Jun 26 2009 13:38:39",0.0,0.0,75.00,20.29,0.00,26.20
"Jun 26 2009 13:38:40",0.0,0.0,75.00,20.29,0.00,26.20
"Jun 26 2009 13:38:41",0.0,0.0,75.00,20.29,0.00,26.20
"Jun 26 2009 13:38:42",0.0,0.0,75.00,20.29,0.00,26.20
"Jun 26 2009 13:38:43",0.0,0.0,75.00,20.29,0.00,26.20
"Jun 26 2009 13:38:44",0.0,0.0,75.00,20.29,0.00,26.20
"Jun 26 2009 13:38:45",0.0,0.0,75.00,20.29,0.00,26.20
"Jun 26 2009 13:38:46",0.0,0.0,75.00,20.29,0.00,26.20
"Jun 26 2009 13:38:47",0.0,0.0,75.00,20.29,0.00,26.20
"Jun 26 2009 13:38:48",0.0,0.0,75.00,20.29,0.00,25.75
"Jun 26 2009 13:38:50",0.0,0.0,75.00,20.29,0.00,25.75
"Jun 26 2009 13:38:51",0.0,0.0,74.00,20.29,0.00,25.75
"Jun 26 2009 13:38:52",0.0,0.0,74.00,20.29,0.00,25.75
"Jun 26 2009 13:38:53",0.0,0.0,74.00,20.29,0.00,25.75
"Jun 26 2009 13:38:54",0.0,0.0,74.00,20.29,0.00,25.75
"Jun 26 2009 13:38:55",0.0,0.0,74.00,20.29,0.00,25.75
"Jun 26 2009 13:38:56",0.0,0.0,74.00,20.29,0.00,25.75
"Jun 26 2009 13:38:57",0.0,0.0,74.00,20.29,0.00,25.75
"Jun 26 2009 13:38:58",0.0,0.0,75.00,20.29,0.00,25.75
"Jun 26 2009 13:38:59",0.0,0.0,75.00,20.29,0.00,25.75
"Jun 26 2009 13:39:00",0.0,0.0,75.00,20.29,0.00,25.75
"Jun 26 2009 13:39:01",0.0,0.0,75.00,20.29,0.00,25.75
"Jun 26 2009 13:39:03",0.0,0.0,75.00,20.29,0.00,25.75
"Jun 26 2009 13:39:04",0.0,0.0,75.00,20.29,0.00,25.75
"Jun 26 2009 13:39:05",0.0,0.0,75.00,20.29,0.00,25.75
"Jun 26 2009 13:39:06",0.0,0.0,75.00,20.29,0.00,25.75
"Jun 26 2009 13:39:07",0.0,0.0,75.00,20.29,0.00,25.75
"Jun 26 2009 13:39:08",0.0,0.0,75.00,20.29,0.00,25.75
"Jun 26 2009 13:39:09",0.0,0.0,75.00,20.29,0.00,25.75
"Jun 26 2009 13:39:10",0.0,0.0,75.00,20.29,0.00,25.75
"Jun 26 2009 13:39:11",0.0,0.0,75.00,20.29,0.00,25.75
"Jun 26 2009 13:39:12",0.0,0.0,75.00,20.29,0.00,25.75
"Jun 26 2009 13:39:13",0.0,0.0,75.00,20.29,0.00,25.75
"Jun 26 2009 13:39:14",0.0,0.0,76.00,20.29,0.00,25.75
"Jun 26 2009 13:39:16",0.0,0.0,76.00,20.29,0.00,25.75
"Jun 26 2009 13:39:17",0.0,0.0,76.00,20.29,0.00,25.75
"Jun 26 2009 13:39:18",0.0,0.0,76.00,20.29,0.00,25.75
"Jun 26 2009 13:39:19",0.0,0.0,76.00,20.29,0.00,25.75
"Jun 26 2009 13:39:20",0.0,0.0,76.00,20.29,0.00,25.75
"Jun 26 2009 13:39:21",0.0,0.0,76.00,20.29,0.00,25.75
"Jun 26 2009 13:39:22",0.0,0.0,76.00,20.29,0.00,25.75
"Jun 26 2009 13:39:23",0.0,0.0,76.00,20.29,0.00,25.75
"Jun 26 2009 13:39:24",0.0,0.0,76.00,20.29,0.00,25.75
"Jun 26 2009 13:39:25",0.0,0.0,76.00,20.29,0.00,25.75
"Jun 26 2009 13:39:26",0.0,0.0,76.00,20.29,0.00,25.75
"Jun 26 2009 13:39:27",0.0,0.0,76.00,20.29,0.00,25.75
"Jun 26 2009 13:39:29",0.0,0.0,76.00,20.29,0.00,25.75
"Jun 26 2009 13:39:30",0.0,0.0,76.00,20.29,0.00,25.75
"Jun 26 2009 13:39:31",0.0,0.0,76.00,20.29,0.00,25.75
"Jun 26 2009 13:39:32",0.0,0.0,76.00,20.29,0.00,25.75
"Jun 26 2009 13:39:33",0.0,0.0,76.00,20.29,0.00,25.75
"Jun 26 2009 13:39:34",0.0,0.0,76.00,20.29,0.00,25.75
"Jun 26 2009 13:39:35",0.0,0.0,76.00,20.29,0.00,25.75
"Jun 26 2009 13:39:36",0.0,0.0,76.00,20.29,0.00,25.75
"Jun 26 2009 13:39:37",0.0,0.0,76.00,20.29,0.00,25.75
"Jun 26 2009 13:39:38",0.0,0.0,76.00,20.29,0.00,25.75
"Jun 26 2009 13:39:39",0.0,0.0,76.00,20.29,0.00,25.75
"Jun 26 2009 13:39:40",0.0,0.0,76.00,20.29,0.00,25.75
"Jun 26 2009 13:39:42",0.0,0.0,76.00,20.29,0.00,25.75
"Jun 26 2009 13:39:43",0.0,0.0,76.00,21.67,0.00,25.75
"Jun 26 2009 13:39:44",0.0,0.0,76.00,21.67,0.00,25.75
"Jun 26 2009 13:39:45",0.0,0.0,76.00,20.29,0.00,25.75
"Jun 26 2009 13:39:46",0.0,0.0,76.00,20.29,0.00,25.75
"Jun 26 2009 13:39:47",0.0,0.0,76.00,20.29,0.00,25.75
"Jun 26 2009 13:39:48",0.0,0.0,76.00,20.29,0.00,26.20
"Jun 26 2009 13:39:49",0.0,0.0,76.00,20.29,0.00,26.20
"Jun 26 2009 13:39:50",0.0,0.0,76.00,20.29,0.00,26.20
"Jun 26 2009 13:39:51",0.0,0.0,76.00,20.29,0.00,26.20
"Jun 26 2009 13:39:52",0.0,0.0,76.00,20.29,0.00,26.20
"Jun 26 2009 13:39:53",0.0,0.0,76.00,20.29,0.00,26.20
"Jun 26 2009 13:39:55",0.0,0.0,76.00,20.29,0.00,26.20
"Jun 26 2009 13:39:56",0.0,0.0,76.00,21.67,0.00,26.20
"Jun 26 2009 13:39:57",0.0,0.0,76.00,20.29,0.00,26.20
"Jun 26 2009 13:39:58",42.503124,-71.24492,76.00,21.67,0.00,26.20
"Jun 26 2009 13:39:59",42.50315,-71.24492,76.00,21.67,0.00,26.20
"Jun 26 2009 13:40:00",42.503216,-71.24489,76.00,21.67,0.00,26.20
"Jun 26 2009 13:40:01",42.50328,-71.24487,76.00,20.29,0.00,25.75
"Jun 26 2009 13:40:02",42.50315,-71.24499,76.00,21.67,0.00,25.75
"Jun 26 2009 13:40:03",42.5031,-71.245026,76.00,21.67,0.00,25.75
"Jun 26 2009 13:40:04",42.503086,-71.24505,76.00,21.67,0.00,26.20
"Jun 26 2009 13:40:05",42.503017,-71.24507,75.00,21.67,0.00,26.20
"Jun 26 2009 13:40:06",42.50301,-71.24509,75.00,21.67,0.00,26.20
"Jun 26 2009 13:40:07",42.502953,-71.24512,75.00,21.67,0.00,26.20
"Jun 26 2009 13:40:08",42.502953,-71.24512,75.00,21.67,0.00,26.20
"Jun 26 2009 13:40:09",42.50301,-71.2451,75.00,21.67,0.00,26.20
"Jun 26 2009 13:40:11",42.503067,-71.24508,75.00,21.67,0.00,26.20
"Jun 26 2009 13:40:12",42.50313,-71.24498,75.00,21.67,0.00,26.65
"Jun 26 2009 13:40:13",42.50311,-71.24505,75.00,21.67,0.00,26.65
"Jun 26 2009 13:40:14",42.503384,-71.24494,75.00,21.67,0.00,27.10
"Jun 26 2009 13:40:15",42.503563,-71.24486,75.00,21.67,0.00,27.10
"Jun 26 2009 13:40:16",42.50328,-71.24499,75.00,21.67,0.00,27.10
"Jun 26 2009 13:40:17",42.503067,-71.24514,35.00,21.67,0.00,27.10
"Jun 26 2009 13:40:18",42.503002,-71.2451,73.00,21.67,0.00,27.54
"Jun 26 2009 13:40:19",42.50314,-71.24504,1.00,21.67,0.00,27.99
"Jun 26 2009 13:40:20",42.503094,-71.24507,0.00,21.67,0.00,27.99
"Jun 26 2009 13:40:21",42.502914,-71.24521,0.00,21.67,0.00,27.99
"Jun 26 2009 13:40:22",42.503117,-71.245125,0.00,21.67,0.00,28.44
"Jun 26 2009 13:40:24",42.502693,-71.24535,0.00,21.67,0.00,28.44
"Jun 26 2009 13:40:25",42.502613,-71.24551,0.00,21.67,0.00,28.44
"Jun 26 2009 13:40:26",42.50252,-71.2454,0.00,21.67,0.00,28.44
"Jun 26 2009 13:40:27",42.502678,-71.24532,0.00,21.67,0.00,28.89
"Jun 26 2009 13:40:28",42.502842,-71.24521,0.00,21.67,0.00,28.89
"Jun 26 2009 13:40:29",42.50298,-71.24515,0.00,21.67,0.00,28.89
"Jun 26 2009 13:40:30",42.50305,-71.245155,73.00,21.67,0.00,28.89
"Jun 26 2009 13:40:31",42.503075,-71.24509,24.00,21.67,0.00,28.89
"Jun 26 2009 13:40:32",42.503117,-71.24508,74.00,21.67,0.00,28.89
"Jun 26 2009 13:40:33",42.50315,-71.245,74.00,21.67,0.00,28.89
"Jun 26 2009 13:40:34",42.50311,-71.245094,75.00,21.67,0.00,28.89
"Jun 26 2009 13:40:35",42.50332,-71.24502,75.00,21.67,0.00,28.89
"Jun 26 2009 13:40:36",42.503376,-71.24496,75.00,21.67,0.00,28.44
"Jun 26 2009 13:40:38",42.503124,-71.24498,76.00,21.67,0.00,28.44
"Jun 26 2009 13:40:39",42.50323,-71.245026,76.00,21.67,0.00,28.44
"Jun 26 2009 13:40:40",42.503468,-71.2448,76.00,21.67,0.00,28.44
"Jun 26 2009 13:40:41",42.50331,-71.24491,76.00,21.67,0.00,27.99
"Jun 26 2009 13:40:42",42.503174,-71.24501,76.00,21.67,0.00,27.99
"Jun 26 2009 13:40:43",42.50311,-71.24503,75.00,21.67,0.00,27.99
"Jun 26 2009 13:40:44",42.50303,-71.245155,75.00,21.67,0.00,27.99
"Jun 26 2009 13:40:45",42.50288,-71.245224,75.00,21.67,0.00,27.99
"Jun 26 2009 13:40:46",42.50315,-71.24509,76.00,21.67,0.00,27.99
"Jun 26 2009 13:40:47",42.503426,-71.24493,77.00,21.67,0.00,27.54
"Jun 26 2009 13:40:48",42.50328,-71.24504,77.00,21.67,0.00,27.54
"Jun 26 2009 13:40:49",42.502945,-71.24522,76.00,23.06,0.00,27.54
"Jun 26 2009 13:40:51",42.50298,-71.24519,76.00,21.67,0.00,27.54
"Jun 26 2009 13:40:52",42.504265,-71.2432,76.00,21.67,0.00,27.54
"Jun 26 2009 13:40:53",42.504482,-71.24352,76.00,21.67,0.00,27.54
"Jun 26 2009 13:40:54",42.504623,-71.24353,76.00,21.67,0.00,27.54
"Jun 26 2009 13:40:55",42.504704,-71.24353,76.00,23.06,0.00,27.54
"Jun 26 2009 13:40:56",42.504753,-71.24352,76.00,23.06,0.00,27.54
"Jun 26 2009 13:40:57",42.504795,-71.24352,76.00,23.06,0.00,27.54
"Jun 26 2009 13:40:58",42.504818,-71.243515,76.00,23.06,0.00,27.54
"Jun 26 2009 13:40:59",42.504818,-71.243515,75.00,23.06,0.00,27.54
"Jun 26 2009 13:41:00",42.50454,-71.24353,75.00,23.06,0.00,27.54
"Jun 26 2009 13:41:01",42.504482,-71.24353,76.00,21.67,0.00,27.54
"Jun 26 2009 13:41:02",42.504467,-71.24353,76.00,23.06,0.00,27.54
"Jun 26 2009 13:41:03",42.504444,-71.24353,75.00,23.06,0.00,27.54
"Jun 26 2009 13:41:04",42.504444,-71.24353,76.00,23.06,0.00,27.54
"Jun 26 2009 13:41:06",42.50445,-71.24353,76.00,23.06,0.00,27.54
"Jun 26 2009 13:41:07",42.50445,-71.24352,76.00,23.06,0.00,27.54
"Jun 26 2009 13:41:08",42.50446,-71.243515,76.00,23.06,0.00,27.54
"Jun 26 2009 13:41:09",42.50446,-71.243515,76.00,23.06,0.00,27.10
"Jun 26 2009 13:41:10",42.50445,-71.243515,76.00,23.06,0.00,27.10
"Jun 26 2009 13:41:11",42.50445,-71.243515,76.00,23.06,0.00,27.10
"Jun 26 2009 13:41:12",42.50445,-71.24351,76.00,23.06,0.00,27.10
"Jun 26 2009 13:41:13",42.50445,-71.2435,76.00,21.67,0.00,27.10
"Jun 26 2009 13:41:14",42.504444,-71.24351,76.00,23.06,0.00,27.10
"Jun 26 2009 13:41:15",42.504436,-71.24351,76.00,23.06,0.00,27.10
"Jun 26 2009 13:41:16",42.504436,-71.243515,76.00,23.06,0.00,27.10
"Jun 26 2009 13:41:17",42.50443,-71.2435,76.00,23.06,0.00,27.10
"Jun 26 2009 13:41:19",42.50441,-71.243515,76.00,23.06,0.00,27.10
"Jun 26 2009 13:41:20",42.50441,-71.243515,76.00,23.06,0.00,27.10
"Jun 26 2009 13:41:21",42.50441,-71.24351,76.00,21.67,0.00,27.10
"Jun 26 2009 13:41:22",42.504402,-71.24351,75.00,23.06,0.00,27.10
"Jun 26 2009 13:41:23",42.50441,-71.24351,52.00,23.06,0.00,26.65
"Jun 26 2009 13:41:24",42.50441,-71.24351,1.00,21.67,0.00,26.65
"Jun 26 2009 13:41:25",42.504402,-71.24351,1.00,21.67,0.00,26.65
"Jun 26 2009 13:41:26",42.504395,-71.24351,1.00,21.67,0.00,26.65
"Jun 26 2009 13:41:27",42.50438,-71.24349,1.00,21.67,0.00,26.65
"Jun 26 2009 13:41:28",42.50436,-71.243484,1.00,21.67,0.00,26.65
"Jun 26 2009 13:41:29",42.50433,-71.24346,1.00,21.67,0.00,26.65
"Jun 26 2009 13:41:30",42.504322,-71.24345,1.00,21.67,0.00,26.65
"Jun 26 2009 13:41:31",42.504307,-71.24343,1.00,21.67,0.00,26.65
"Jun 26 2009 13:41:33",42.504322,-71.24343,5.00,21.67,0.00,26.65
"Jun 26 2009 13:41:34",42.50433,-71.243454,6.00,21.67,0.00,26.65
"Jun 26 2009 13:41:35",42.50433,-71.24348,3.00,21.67,0.00,26.65
"Jun 26 2009 13:41:36",42.50433,-71.2435,3.00,21.67,0.00,26.65
"Jun 26 2009 13:41:37",42.504337,-71.243515,75.00,21.67,0.00,26.65
"Jun 26 2009 13:41:38",42.504353,-71.24352,76.00,21.67,0.00,26.65
"Jun 26 2009 13:41:39",42.504353,-71.24352,76.00,21.67,0.00,26.65
"Jun 26 2009 13:41:40",42.504353,-71.24352,76.00,21.67,0.00,26.65
"Jun 26 2009 13:41:41",42.50436,-71.24352,76.00,23.06,0.00,26.65
"Jun 26 2009 13:41:42",42.50436,-71.24352,76.00,21.67,0.00,26.65
"Jun 26 2009 13:41:43",42.504337,-71.2435,76.00,21.67,0.00,26.65
"Jun 26 2009 13:41:44",42.50433,-71.24349,76.00,21.67,0.00,26.65
"Jun 26 2009 13:41:46",42.50433,-71.24349,76.00,21.67,0.00,26.20
"Jun 26 2009 13:41:47",42.50433,-71.243484,76.00,23.06,0.00,26.20
"Jun 26 2009 13:41:48",42.50433,-71.24348,76.00,21.67,0.00,26.20
"Jun 26 2009 13:41:49",42.50433,-71.24348,75.00,21.67,0.00,26.20
"Jun 26 2009 13:41:50",42.504337,-71.24346,75.00,21.67,0.00,26.20
"Jun 26 2009 13:41:51",42.504345,-71.24346,75.00,21.67,0.00,26.20
"Jun 26 2009 13:41:52",42.50436,-71.243484,74.00,21.67,0.00,26.20
"Jun 26 2009 13:41:53",42.504387,-71.2435,74.00,21.67,0.00,26.20
"Jun 26 2009 13:41:54",42.504387,-71.24349,74.00,21.67,0.00,26.20
"Jun 26 2009 13:41:55",42.504395,-71.24348,74.00,21.67,0.00,26.20
"Jun 26 2009 13:41:56",42.504395,-71.24346,74.00,21.67,0.00,26.20
"Jun 26 2009 13:41:57",42.504395,-71.243454,74.00,21.67,0.00,26.20
"Jun 26 2009 13:41:57",42.504395,-71.243454,75.00,21.67,0.00,26.20
"Jun 26 2009 13:42:00",42.504395,-71.24343,75.00,21.67,0.00,26.20
"Jun 26 2009 13:42:01",42.504395,-71.24343,75.00,21.67,0.00,26.20
"Jun 26 2009 13:42:02",42.504395,-71.24343,75.00,21.67,0.00,26.20
"Jun 26 2009 13:42:03",42.504395,-71.24343,75.00,21.67,0.00,26.20
"Jun 26 2009 13:42:04",42.504402,-71.24342,75.00,21.67,0.00,26.20
"Jun 26 2009 13:42:05",42.50441,-71.24342,75.00,21.67,0.00,26.20
"Jun 26 2009 13:42:06",42.504436,-71.24341,75.00,21.67,0.00,26.20
"Jun 26 2009 13:42:07",42.50443,-71.24341,75.00,21.67,0.00,26.20
"Jun 26 2009 13:42:08",42.504417,-71.243416,75.00,21.67,0.00,26.20
"Jun 26 2009 13:42:09",42.504417,-71.24341,75.00,21.67,0.00,26.20
"Jun 26 2009 13:42:10",42.50443,-71.2434,75.00,21.67,0.00,26.20
"Jun 26 2009 13:42:11",42.504436,-71.2434,75.00,21.67,0.00,26.20
"Jun 26 2009 13:42:12",42.504444,-71.24339,75.00,21.67,0.00,26.20
"Jun 26 2009 13:42:14",42.504482,-71.243385,75.00,21.67,0.00,26.20
"Jun 26 2009 13:42:15",42.5045,-71.243385,75.00,21.67,0.00,26.20
"Jun 26 2009 13:42:16",42.50451,-71.243385,75.00,21.67,0.00,26.20
"Jun 26 2009 13:42:17",42.50451,-71.24338,75.00,21.67,0.00,26.20
"Jun 26 2009 13:42:18",42.5045,-71.24338,75.00,21.67,0.00,26.20
"Jun 26 2009 13:42:19",42.50451,-71.24338,75.00,21.67,0.00,26.20
"Jun 26 2009 13:42:20",42.5045,-71.24337,75.00,21.67,0.00,26.20
"Jun 26 2009 13:42:21",42.50451,-71.24336,75.00,21.67,0.00,26.20
"Jun 26 2009 13:42:22",42.50454,-71.24334,75.00,21.67,0.00,26.20
"Jun 26 2009 13:42:23",42.504524,-71.24331,75.00,21.67,0.00,26.20
"Jun 26 2009 13:42:24",42.50453,-71.24329,75.00,21.67,0.00,26.20
"Jun 26 2009 13:42:24",42.50453,-71.24329,75.00,21.67,0.00,25.75
"Jun 26 2009 13:42:27",42.504566,-71.24333,75.00,21.67,0.00,25.30
"Jun 26 2009 13:42:28",42.50456,-71.24334,76.00,21.67,0.00,25.75
"Jun 26 2009 13:42:29",42.50456,-71.243355,76.00,21.67,0.00,26.20
"Jun 26 2009 13:42:30",42.50454,-71.24338,75.00,21.67,0.00,26.20
"Jun 26 2009 13:42:31",42.504517,-71.2434,76.00,21.67,0.00,26.65
"Jun 26 2009 13:42:32",42.5045,-71.243416,76.00,21.67,0.00,27.10
"Jun 26 2009 13:42:33",42.504482,-71.24343,76.00,21.67,0.00,27.54
"Jun 26 2009 13:42:34",42.504467,-71.24343,76.00,21.67,0.00,27.54
"Jun 26 2009 13:42:35",42.50445,-71.24342,76.00,21.67,0.00,27.54
"Jun 26 2009 13:42:36",42.504436,-71.24342,76.00,21.67,0.00,27.99
"Jun 26 2009 13:42:37",42.504417,-71.243416,76.00,21.67,0.00,27.99
"Jun 26 2009 13:42:38",42.504402,-71.243416,76.00,21.67,0.00,28.44
"Jun 26 2009 13:42:39",42.504395,-71.243416,76.00,21.67,0.00,28.44
"Jun 26 2009 13:42:41",42.50438,-71.24341,76.00,21.67,0.00,28.44
"Jun 26 2009 13:42:42",42.50438,-71.24341,76.00,21.67,0.00,28.89
"Jun 26 2009 13:42:43",42.50437,-71.2434,76.00,21.67,0.00,28.89
"Jun 26 2009 13:42:44",42.50436,-71.2434,76.00,21.67,0.00,28.89
"Jun 26 2009 13:42:45",42.504353,-71.2434,76.00,21.67,0.00,28.89
"Jun 26 2009 13:42:46",42.504345,-71.2434,76.00,21.67,0.00,28.89
"Jun 26 2009 13:42:47",42.504345,-71.2434,76.00,21.67,0.00,28.89
"Jun 26 2009 13:42:48",42.504337,-71.24341,76.00,21.67,0.00,28.89
"Jun 26 2009 13:42:49",42.504322,-71.24341,76.00,21.67,0.00,28.89
"Jun 26 2009 13:42:50",42.504307,-71.24341,76.00,21.67,0.00,28.44
"Jun 26 2009 13:42:51",42.504295,-71.243416,76.00,21.67,0.00,28.44
"Jun 26 2009 13:42:52",42.50428,-71.24341,76.00,21.67,0.00,27.99
"Jun 26 2009 13:42:54",42.504265,-71.2434,76.00,21.67,0.00,27.99
"Jun 26 2009 13:42:55",42.504257,-71.2434,76.00,21.67,0.00,27.99
"Jun 26 2009 13:42:56",42.504272,-71.24339,76.00,21.67,0.00,27.54
"Jun 26 2009 13:42:57",42.504272,-71.243416,76.00,21.67,0.00,27.54
"Jun 26 2009 13:42:58",42.50428,-71.24343,75.00,21.67,0.00,27.54
"Jun 26 2009 13:42:59",42.504265,-71.24344,74.00,21.67,0.00,27.54
"Jun 26 2009 13:43:00",42.504257,-71.24344,74.00,21.67,0.00,27.10
"Jun 26 2009 13:43:01",42.504265,-71.24345,74.00,21.67,0.00,27.10
"Jun 26 2009 13:43:02",42.504272,-71.24345,75.00,21.67,0.00,27.10
"Jun 26 2009 13:43:03",42.504272,-71.243454,74.00,21.67,0.00,27.10
"Jun 26 2009 13:43:04",42.504265,-71.24346,74.00,21.67,0.00,27.10
"Jun 26 2009 13:43:05",42.504265,-71.24346,74.00,21.67,0.00,26.65
"Jun 26 2009 13:43:06",42.504265,-71.24348,76.00,21.67,0.00,26.65
"Jun 26 2009 13:43:08",42.50428,-71.24349,76.00,21.67,0.00,26.65
"Jun 26 2009 13:43:09",42.504272,-71.24349,76.00,21.67,0.00,26.65
"Jun 26 2009 13:43:10",42.504272,-71.2435,76.00,21.67,0.00,26.65
"Jun 26 2009 13:43:11",42.504272,-71.24351,76.00,21.67,0.00,26.65
"Jun 26 2009 13:43:12",42.504272,-71.2435,42.00,21.67,0.00,26.65
"Jun 26 2009 13:43:13",42.504288,-71.24349,47.00,21.67,0.00,26.65
"Jun 26 2009 13:43:14",42.504288,-71.24349,52.00,21.67,0.00,26.65
"Jun 26 2009 13:43:15",42.504295,-71.24349,49.00,21.67,0.00,26.65
"Jun 26 2009 13:43:16",42.504314,-71.24348,63.00,21.67,0.00,26.65
"Jun 26 2009 13:43:17",42.504322,-71.24344,71.00,21.67,0.00,26.65
"Jun 26 2009 13:43:18",42.504314,-71.24342,70.00,21.67,0.00,26.65
"Jun 26 2009 13:43:19",42.504307,-71.24339,51.00,21.67,0.00,26.65
"Jun 26 2009 13:43:21",42.504322,-71.24338,76.00,21.67,0.00,26.65
"Jun 26 2009 13:43:22",42.50433,-71.24339,76.00,21.67,0.00,26.65
"Jun 26 2009 13:43:23",42.50433,-71.24342,76.00,21.67,0.00,26.65
"Jun 26 2009 13:43:24",42.504307,-71.24342,76.00,21.67,0.00,26.65
"Jun 26 2009 13:43:25",42.504307,-71.24343,76.00,21.67,0.00,26.20
"Jun 26 2009 13:43:26",42.504307,-71.24344,76.00,21.67,0.00,26.20
"Jun 26 2009 13:43:27",42.504314,-71.24346,76.00,21.67,0.00,26.20
"Jun 26 2009 13:43:28",42.504322,-71.243515,76.00,21.67,0.00,26.20
"Jun 26 2009 13:43:29",42.504322,-71.24354,76.00,21.67,0.00,26.20
"Jun 26 2009 13:43:30",42.50433,-71.243576,76.00,21.67,0.00,26.20
"Jun 26 2009 13:43:31",42.504322,-71.24358,76.00,21.67,0.00,26.20
"Jun 26 2009 13:43:32",42.504322,-71.24361,76.00,21.67,0.00,26.20
"Jun 26 2009 13:43:33",42.504337,-71.24362,76.00,21.67,0.00,26.20
"Jun 26 2009 13:43:35",42.50438,-71.24364,76.00,21.67,0.00,26.20
"Jun 26 2009 13:43:36",42.504387,-71.24364,76.00,21.67,0.00,25.75
"Jun 26 2009 13:43:37",42.504395,-71.243645,76.00,21.67,0.00,25.75
"Jun 26 2009 13:43:38",42.504387,-71.24364,76.00,21.67,0.00,25.75
"Jun 26 2009 13:43:39",42.50438,-71.24362,76.00,21.67,0.00,25.75
"Jun 26 2009 13:43:40",42.50437,-71.24363,76.00,21.67,0.00,25.75
"Jun 26 2009 13:43:41",42.50436,-71.24364,76.00,21.67,0.00,25.75
"Jun 26 2009 13:43:42",42.504395,-71.243645,76.00,21.67,0.00,25.75
"Jun 26 2009 13:43:43",42.504402,-71.24365,75.00,21.67,0.00,25.75
"Jun 26 2009 13:43:44",42.504387,-71.24366,75.00,21.67,0.00,25.75
"Jun 26 2009 13:43:45",42.50437,-71.243675,75.00,21.67,0.00,25.75
"Jun 26 2009 13:43:46",42.504345,-71.24367,75.00,21.67,0.00,25.75
"Jun 26 2009 13:43:47",42.50433,-71.243675,75.00,21.67,0.00,25.75
"Jun 26 2009 13:43:49",42.504345,-71.24374,75.00,21.67,0.00,25.75
"Jun 26 2009 13:43:50",42.504353,-71.24377,75.00,21.67,0.00,25.75
"Jun 26 2009 13:43:51",42.50436,-71.243774,75.00,21.67,0.00,25.75
"Jun 26 2009 13:43:52",42.504353,-71.243774,75.00,21.67,0.00,25.75
"Jun 26 2009 13:43:53",42.504345,-71.2438,75.00,21.67,0.00,25.75
"Jun 26 2009 13:43:54",42.504322,-71.2438,75.00,21.67,0.00,25.75
"Jun 26 2009 13:43:55",42.504314,-71.24382,75.00,21.67,0.00,25.75
"Jun 26 2009 13:43:56",42.504314,-71.24387,75.00,21.67,0.00,25.75
"Jun 26 2009 13:43:57",42.504314,-71.2439,75.00,21.67,0.00,25.75
"Jun 26 2009 13:43:58",42.504307,-71.24392,75.00,21.67,0.00,25.75
"Jun 26 2009 13:43:59",42.504314,-71.24397,75.00,21.67,0.00,25.75
"Jun 26 2009 13:44:00",42.504307,-71.243996,75.00,20.29,0.00,25.75
"Jun 26 2009 13:44:02",42.504322,-71.244064,75.00,20.29,0.00,25.75
"Jun 26 2009 13:44:03",42.504307,-71.24409,75.00,20.29,0.00,25.75
"Jun 26 2009 13:44:04",42.504295,-71.24409,75.00,21.67,0.00,25.75
"Jun 26 2009 13:44:05",42.504295,-71.2441,75.00,21.67,0.00,25.75
"Jun 26 2009 13:44:06",42.504322,-71.24413,75.00,20.29,0.00,25.75
"Jun 26 2009 13:44:07",42.504337,-71.24416,75.00,20.29,0.00,25.75
"Jun 26 2009 13:44:08",42.504337,-71.24416,75.00,20.29,0.00,25.75
"Jun 26 2009 13:44:09",42.50433,-71.24417,75.00,21.67,0.00,25.75
"Jun 26 2009 13:44:10",42.50433,-71.24417,75.00,20.29,0.00,25.75
"Jun 26 2009 13:44:11",42.504337,-71.24419,75.00,20.29,0.00,25.75
"Jun 26 2009 13:44:12",42.504345,-71.244194,75.00,20.29,0.00,25.75
"Jun 26 2009 13:44:13",42.504345,-71.24419,75.00,20.29,0.00,25.75
"Jun 26 2009 13:44:14",42.504345,-71.24418,75.00,21.67,0.00,25.75
"Jun 26 2009 13:44:16",42.504353,-71.24417,75.00,20.29,0.00,25.75
"Jun 26 2009 13:44:17",42.504345,-71.24419,75.00,20.29,0.00,25.75
"Jun 26 2009 13:44:18",42.504353,-71.24422,75.00,20.29,0.00,25.75
"Jun 26 2009 13:44:19",42.504337,-71.24424,75.00,20.29,0.00,25.75
"Jun 26 2009 13:44:20",42.504322,-71.24424,75.00,20.29,0.00,25.75
"Jun 26 2009 13:44:21",42.504322,-71.244255,75.00,20.29,0.00,25.75
"Jun 26 2009 13:44:22",42.504322,-71.24428,75.00,20.29,0.00,25.75
"Jun 26 2009 13:44:23",42.504314,-71.24427,75.00,20.29,0.00,25.75
"Jun 26 2009 13:44:24",42.504307,-71.24427,75.00,21.67,0.00,26.20
"Jun 26 2009 13:44:25",42.504307,-71.244286,74.00,21.67,0.00,26.20
"Jun 26 2009 13:44:26",42.504295,-71.244286,74.00,20.29,0.00,26.20
"Jun 26 2009 13:44:27",42.504295,-71.244286,74.00,20.29,0.00,26.20
"Jun 26 2009 13:44:29",42.504192,-71.24419,75.00,20.29,0.00,26.20
"Jun 26 2009 13:44:30",42.504158,-71.24416,74.00,20.29,0.00,26.20
"Jun 26 2009 13:44:31",42.504135,-71.24415,75.00,21.67,0.00,25.75
"Jun 26 2009 13:44:32",42.50415,-71.24416,75.00,20.29,0.00,25.30
"Jun 26 2009 13:44:33",42.504158,-71.24416,75.00,20.29,0.00,24.85
"Jun 26 2009 13:44:34",42.504166,-71.244156,75.00,20.29,0.00,24.85
"Jun 26 2009 13:44:35",42.504166,-71.24415,73.00,21.67,0.00,24.40
"Jun 26 2009 13:44:36",42.504166,-71.24415,62.00,21.67,0.00,23.95
"Jun 26 2009 13:44:37",42.504173,-71.244156,29.00,20.29,0.00,23.95
"Jun 26 2009 13:44:38",42.5042,-71.24416,38.00,20.29,0.00,23.50
"Jun 26 2009 13:44:39",42.50423,-71.24419,25.00,21.67,0.00,23.50
"Jun 26 2009 13:44:40",42.504272,-71.24423,9.00,20.29,0.00,23.05
"Jun 26 2009 13:44:41",42.504288,-71.24427,4.00,20.29,0.00,23.05
"Jun 26 2009 13:44:43",42.504314,-71.244286,4.00,20.29,0.00,23.05
"Jun 26 2009 13:44:44",42.504322,-71.244316,9.00,20.29,0.00,23.05
"Jun 26 2009 13:44:45",42.504345,-71.24433,15.00,20.29,0.00,22.60
"Jun 26 2009 13:44:46",42.50437,-71.24435,24.00,20.29,0.00,22.60
"Jun 26 2009 13:44:47",42.504395,-71.24435,34.00,20.29,0.00,22.60
"Jun 26 2009 13:44:48",42.504417,-71.24435,14.00,20.29,0.00,23.05
"Jun 26 2009 13:44:49",42.50445,-71.24436,6.00,20.29,0.00,22.60
"Jun 26 2009 13:44:50",42.504475,-71.24437,3.00,20.29,0.00,22.60
"Jun 26 2009 13:44:51",42.5045,-71.24438,2.00,20.29,0.00,22.15
"Jun 26 2009 13:44:52",42.504517,-71.244385,2.00,20.29,0.00,22.15
"Jun 26 2009 13:44:53",42.50454,-71.24439,2.00,20.29,0.00,22.15
"Jun 26 2009 13:44:55",42.504566,-71.2444,2.00,20.29,0.00,22.15
"Jun 26 2009 13:44:56",42.504566,-71.2444,2.00,20.29,0.00,21.70
"Jun 26 2009 13:44:57",42.504566,-71.2444,2.00,20.29,0.00,21.70
"Jun 26 2009 13:44:58",42.504566,-71.2444,3.00,20.29,0.00,21.25
"Jun 26 2009 13:44:59",42.504566,-71.2444,5.00,20.29,0.00,21.25
"Jun 26 2009 13:45:00",42.504566,-71.2444,9.00,20.29,0.00,21.25
"Jun 26 2009 13:45:01",42.504566,-71.2444,4.00,20.29,0.00,20.80
"Jun 26 2009 13:45:02",42.504566,-71.2444,3.00,20.29,0.00,20.80
"Jun 26 2009 13:45:03",42.504566,-71.2444,4.00,20.29,0.00,20.80
"Jun 26 2009 13:45:04",42.504566,-71.2444,5.00,20.29,0.00,20.35
"Jun 26 2009 13:45:05",42.504566,-71.2444,7.00,20.29,0.00,20.35
"Jun 26 2009 13:45:06",42.504566,-71.2444,6.00,20.29,0.00,20.35
"Jun 26 2009 13:45:08",42.504566,-71.2444,4.00,20.29,0.00,20.35
"Jun 26 2009 13:45:09",42.504566,-71.2444,3.00,20.29,0.00,19.90
"Jun 26 2009 13:45:10",42.504566,-71.2444,2.00,20.29,0.00,19.90
"Jun 26 2009 13:45:11",42.504566,-71.2444,2.00,20.29,0.00,19.90
"Jun 26 2009 13:45:12",42.504566,-71.2444,2.00,20.29,0.00,19.90
"Jun 26 2009 13:45:13",42.504566,-71.2444,7.00,20.29,0.00,19.90
"Jun 26 2009 13:45:14",42.504566,-71.2444,8.00,20.29,0.00,19.90
"Jun 26 2009 13:45:15",42.504566,-71.2444,8.00,20.29,0.00,19.45
"Jun 26 2009 13:45:16",42.504566,-71.2444,8.00,20.29,0.00,19.45
"Jun 26 2009 13:45:17",42.504566,-71.2444,9.00,20.29,0.00,19.45
"Jun 26 2009 13:45:18",42.504566,-71.2444,5.00,20.29,0.00,19.45
"Jun 26 2009 13:45:19",42.504566,-71.2444,6.00,20.29,0.00,19.45
"Jun 26 2009 13:45:21",42.504566,-71.2444,5.00,20.29,0.00,19.00
"Jun 26 2009 13:45:22",42.504566,-71.2444,3.00,20.29,0.00,19.00
"Jun 26 2009 13:45:23",42.504566,-71.2444,2.00,20.29,0.00,19.00
"Jun 26 2009 13:45:24",42.504566,-71.2444,2.00,20.29,0.00,19.00
"Jun 26 2009 13:45:25",42.504566,-71.2444,8.00,20.29,0.00,19.00
"Jun 26 2009 13:45:26",42.504566,-71.2444,10.00,20.29,0.00,19.00
"Jun 26 2009 13:45:27",42.504566,-71.2444,10.00,20.29,0.00,19.00
"Jun 26 2009 13:45:28",42.504566,-71.2444,9.00,20.29,0.00,19.00
"Jun 26 2009 13:45:29",42.504566,-71.2444,7.00,20.29,0.00,18.55
"Jun 26 2009 13:45:30",42.504566,-71.2444,8.00,20.29,0.00,19.00
"Jun 26 2009 13:45:31",42.504566,-71.2444,9.00,20.29,0.00,18.55
"Jun 26 2009 13:45:32",42.504566,-71.2444,11.00,20.29,0.00,19.00
"Jun 26 2009 13:45:34",42.504566,-71.2444,10.00,20.29,0.00,19.00
"Jun 26 2009 13:45:35",42.504566,-71.2444,9.00,20.29,0.00,19.00
"Jun 26 2009 13:45:36",42.504566,-71.2444,10.00,20.29,0.00,19.00
"Jun 26 2009 13:45:37",42.504566,-71.2444,8.00,20.29,0.00,19.00
"Jun 26 2009 13:45:38",42.504566,-71.2444,8.00,20.29,0.00,18.55
"Jun 26 2009 13:45:39",42.504566,-71.2444,9.00,20.29,0.00,18.55
"Jun 26 2009 13:45:40",42.504566,-71.2444,7.00,20.29,0.00,18.55
"Jun 26 2009 13:45:41",42.504566,-71.2444,7.00,20.29,0.00,18.55
"Jun 26 2009 13:45:42",42.504566,-71.2444,9.00,20.29,0.00,18.55
"Jun 26 2009 13:45:43",42.504566,-71.2444,9.00,20.29,0.00,18.55
"Jun 26 2009 13:45:44",42.504566,-71.2444,4.00,20.29,0.00,18.55
"Jun 26 2009 13:45:45",42.504566,-71.2444,6.00,20.29,0.00,18.55
"Jun 26 2009 13:45:47",42.504566,-71.2444,7.00,20.29,0.00,18.55
"Jun 26 2009 13:45:48",42.504566,-71.2444,9.00,20.29,0.00,18.55
"Jun 26 2009 13:45:49",42.504566,-71.2444,7.00,20.29,0.00,18.55
"Jun 26 2009 13:45:50",42.504566,-71.2444,10.00,20.29,0.00,18.55
"Jun 26 2009 13:45:51",42.504566,-71.2444,9.00,20.29,0.00,18.55
"Jun 26 2009 13:45:52",42.504566,-71.2444,10.00,20.29,0.00,18.55
"Jun 26 2009 13:45:53",42.504566,-71.2444,9.00,20.29,0.00,18.55
"Jun 26 2009 13:45:54",42.504566,-71.2444,8.00,20.29,0.00,18.10
"Jun 26 2009 13:45:55",42.504566,-71.2444,7.00,20.29,0.00,18.10
"Jun 26 2009 13:45:56",42.504566,-71.2444,5.00,20.29,0.00,18.10
"Jun 26 2009 13:45:57",42.504566,-71.2444,9.00,20.29,0.00,18.10
"Jun 26 2009 13:45:58",42.504566,-71.2444,9.00,20.29,0.00,18.10
