time,lat,lon,light,temp,sound,ext
"Jun 26 2009 20:15:26",0.0,0.0,72.00,32.75,0.00,24.85
"Jun 26 2009 20:15:28",0.0,0.0,72.00,32.75,5.00,24.85
"Jun 26 2009 20:15:29",0.0,0.0,72.00,32.75,0.00,24.85
"Jun 26 2009 20:15:30",0.0,0.0,72.00,32.75,0.00,24.85
"Jun 26 2009 20:15:31",0.0,0.0,72.00,32.75,0.00,24.85
"Jun 26 2009 20:15:32",0.0,0.0,72.00,32.75,0.00,24.85
"Jun 26 2009 20:15:33",0.0,0.0,72.00,32.75,0.00,24.85
"Jun 26 2009 20:15:34",0.0,0.0,72.00,32.75,0.00,24.85
"Jun 26 2009 20:15:35",0.0,0.0,72.00,32.75,23.00,24.85
"Jun 26 2009 20:15:36",0.0,0.0,72.00,32.75,0.00,24.85
"Jun 26 2009 20:15:37",0.0,0.0,72.00,32.75,11.00,24.85
"Jun 26 2009 20:15:38",0.0,0.0,72.00,32.75,0.00,24.40
"Jun 26 2009 20:15:39",0.0,0.0,72.00,32.75,0.00,24.40
"Jun 26 2009 20:15:41",0.0,0.0,72.00,32.75,97.00,24.40
"Jun 26 2009 20:15:42",0.0,0.0,72.00,32.75,0.00,24.40
"Jun 26 2009 20:15:43",0.0,0.0,72.00,32.75,0.00,24.40
"Jun 26 2009 20:15:44",0.0,0.0,72.00,32.75,2.00,24.40
"Jun 26 2009 20:15:45",0.0,0.0,73.00,32.75,0.00,24.40
"Jun 26 2009 20:15:46",0.0,0.0,73.00,32.75,0.00,24.40
"Jun 26 2009 20:15:47",0.0,0.0,73.00,32.75,0.00,24.40
"Jun 26 2009 20:15:48",0.0,0.0,73.00,32.75,0.00,24.40
"Jun 26 2009 20:15:49",0.0,0.0,72.00,32.75,0.00,24.40
"Jun 26 2009 20:15:50",0.0,0.0,72.00,32.75,37.00,24.40
"Jun 26 2009 20:15:51",0.0,0.0,72.00,32.75,0.00,24.40
"Jun 26 2009 20:15:52",0.0,0.0,72.00,32.75,0.00,24.85
"Jun 26 2009 20:15:54",0.0,0.0,72.00,32.75,23.00,24.40
"Jun 26 2009 20:15:55",0.0,0.0,72.00,32.75,0.00,24.40
"Jun 26 2009 20:15:56",0.0,0.0,72.00,32.75,0.00,24.40
"Jun 26 2009 20:15:57",0.0,0.0,72.00,32.75,0.00,24.40
"Jun 26 2009 20:15:58",0.0,0.0,72.00,32.75,0.00,24.40
"Jun 26 2009 20:15:59",0.0,0.0,72.00,32.75,0.00,24.40
"Jun 26 2009 20:16:00",0.0,0.0,72.00,32.75,0.00,24.85
"Jun 26 2009 20:16:01",0.0,0.0,72.00,32.75,0.00,24.40
"Jun 26 2009 20:16:02",0.0,0.0,72.00,32.75,0.00,24.85
"Jun 26 2009 20:16:03",0.0,0.0,72.00,32.75,0.00,24.85
"Jun 26 2009 20:16:04",0.0,0.0,73.00,32.75,0.00,24.85
"Jun 26 2009 13:37:53",0.0,0.0,72.00,32.75,0.00,24.85
"Jun 26 2009 13:37:55",0.0,0.0,73.00,32.75,5.00,24.85
"Jun 26 2009 13:37:56",0.0,0.0,73.00,32.75,0.00,24.85
"Jun 26 2009 13:37:57",0.0,0.0,73.00,32.75,0.00,24.85
"Jun 26 2009 13:37:58",0.0,0.0,73.00,32.75,7.00,24.85
"Jun 26 2009 13:37:59",0.0,0.0,73.00,32.75,0.00,24.85
"Jun 26 2009 13:38:00",0.0,0.0,73.00,32.75,0.00,24.85
"Jun 26 2009 13:38:01",0.0,0.0,73.00,32.75,0.00,24.85
"Jun 26 2009 13:38:02",0.0,0.0,73.00,32.75,3.00,24.85
"Jun 26 2009 13:38:03",0.0,0.0,73.00,32.75,0.00,24.85
"Jun 26 2009 13:38:04",0.0,0.0,72.00,32.75,0.00,24.85
"Jun 26 2009 13:38:05",0.0,0.0,72.00,32.75,1.00,24.85
"Jun 26 2009 13:38:06",0.0,0.0,72.00,32.75,0.00,25.30
"Jun 26 2009 13:38:07",0.0,0.0,72.00,32.75,0.00,25.30
"Jun 26 2009 13:38:09",0.0,0.0,0.00,32.75,5.00,25.75
"Jun 26 2009 13:38:10",0.0,0.0,0.00,32.75,0.00,25.75
"Jun 26 2009 13:38:11",0.0,0.0,0.00,32.75,0.00,25.75
"Jun 26 2009 13:38:12",0.0,0.0,0.00,32.75,0.00,26.20
"Jun 26 2009 13:38:13",0.0,0.0,0.00,32.75,0.00,26.20
"Jun 26 2009 13:38:14",0.0,0.0,0.00,32.75,0.00,26.20
"Jun 26 2009 13:38:15",0.0,0.0,0.00,32.75,0.00,26.20
"Jun 26 2009 13:38:16",0.0,0.0,0.00,32.75,0.00,26.20
"Jun 26 2009 13:38:17",0.0,0.0,0.00,32.75,1.00,26.65
"Jun 26 2009 13:38:18",0.0,0.0,0.00,32.75,0.00,26.65
"Jun 26 2009 13:38:19",0.0,0.0,0.00,32.75,0.00,26.65
"Jun 26 2009 13:38:20",0.0,0.0,0.00,32.75,0.00,26.65
"Jun 26 2009 13:38:21",0.0,0.0,0.00,32.75,0.00,27.10
"Jun 26 2009 13:38:23",0.0,0.0,0.00,32.75,1.00,27.10
"Jun 26 2009 13:38:24",0.0,0.0,0.00,32.75,3.00,27.10
"Jun 26 2009 13:38:25",0.0,0.0,0.00,32.75,3.00,27.10
"Jun 26 2009 13:38:26",0.0,0.0,0.00,32.75,0.00,27.10
"Jun 26 2009 13:38:27",0.0,0.0,0.00,32.75,0.00,27.54
"Jun 26 2009 13:38:28",0.0,0.0,0.00,32.75,0.00,27.54
"Jun 26 2009 13:38:29",0.0,0.0,0.00,32.75,0.00,27.54
"Jun 26 2009 13:38:30",0.0,0.0,0.00,32.75,0.00,27.54
"Jun 26 2009 13:38:31",0.0,0.0,0.00,32.75,0.00,27.54
"Jun 26 2009 13:38:32",0.0,0.0,0.00,32.75,0.00,27.99
"Jun 26 2009 13:38:33",42.504265,-71.24406,0.00,32.75,0.00,27.99
"Jun 26 2009 13:38:34",42.504265,-71.243996,0.00,32.75,1.00,27.99
"Jun 26 2009 13:38:35",42.504265,-71.244,0.00,32.75,0.00,27.99
"Jun 26 2009 13:38:36",42.504265,-71.24402,0.00,32.75,0.00,27.99
"Jun 26 2009 13:38:38",42.504257,-71.244026,0.00,32.75,0.00,28.44
"Jun 26 2009 13:38:39",42.504265,-71.24403,0.00,32.75,0.00,28.44
"Jun 26 2009 13:38:40",42.504265,-71.24404,0.00,32.75,0.00,28.44
"Jun 26 2009 13:38:41",42.504265,-71.24404,0.00,32.75,0.00,28.44
"Jun 26 2009 13:38:42",42.504265,-71.24404,0.00,32.75,0.00,28.44
"Jun 26 2009 13:38:43",42.504265,-71.24404,71.00,32.75,0.00,28.44
"Jun 26 2009 13:38:44",42.504265,-71.24403,72.00,32.75,0.00,28.89
"Jun 26 2009 13:38:45",42.50428,-71.24398,72.00,32.75,0.00,28.89
"Jun 26 2009 13:38:46",42.50425,-71.244125,72.00,32.75,100.00,28.89
"Jun 26 2009 13:38:47",42.50425,-71.24377,73.00,32.75,0.00,28.44
"Jun 26 2009 13:38:48",42.504192,-71.2441,73.00,32.75,0.00,28.44
"Jun 26 2009 13:38:49",42.504288,-71.243965,73.00,32.75,0.00,28.44
"Jun 26 2009 13:38:50",42.504257,-71.24398,73.00,32.75,0.00,28.44
"Jun 26 2009 13:38:52",42.504208,-71.24425,73.00,34.13,0.00,28.44
"Jun 26 2009 13:38:53",42.504086,-71.24415,73.00,32.75,0.00,27.99
"Jun 26 2009 13:38:54",42.50425,-71.24382,73.00,32.75,0.00,27.99
"Jun 26 2009 13:38:55",42.50424,-71.24384,73.00,34.13,0.00,27.99
"Jun 26 2009 13:38:56",42.50425,-71.24385,73.00,34.13,0.00,27.99
"Jun 26 2009 13:38:57",42.50425,-71.24385,73.00,32.75,0.00,27.99
"Jun 26 2009 13:38:58",42.50424,-71.24383,73.00,34.13,0.00,27.54
"Jun 26 2009 13:38:59",42.504223,-71.24376,73.00,34.13,0.00,27.54
"Jun 26 2009 13:39:00",42.504223,-71.243774,73.00,34.13,0.00,27.54
"Jun 26 2009 13:39:01",42.504223,-71.243774,73.00,34.13,0.00,27.54
"Jun 26 2009 13:39:02",42.504223,-71.24377,73.00,32.75,0.00,27.54
"Jun 26 2009 13:39:03",42.504215,-71.24375,73.00,34.13,0.00,27.54
"Jun 26 2009 13:39:05",42.504272,-71.24374,73.00,34.13,0.00,27.10
"Jun 26 2009 13:39:06",42.504272,-71.24367,73.00,34.13,0.00,27.10
"Jun 26 2009 13:39:07",42.504215,-71.24361,73.00,34.13,0.00,27.10
"Jun 26 2009 13:39:08",42.504265,-71.243805,73.00,34.13,0.00,27.10
"Jun 26 2009 13:39:09",42.50433,-71.24388,73.00,34.13,0.00,27.10
"Jun 26 2009 13:39:10",42.504215,-71.24375,73.00,34.13,0.00,27.10
"Jun 26 2009 13:39:11",42.504185,-71.24367,73.00,34.13,0.00,26.65
"Jun 26 2009 13:39:12",42.5041,-71.24352,73.00,32.75,0.00,26.65
"Jun 26 2009 13:39:13",42.5042,-71.24341,73.00,32.75,0.00,26.65
"Jun 26 2009 13:39:14",42.50423,-71.24363,73.00,32.75,0.00,26.65
"Jun 26 2009 13:39:15",42.504208,-71.24348,73.00,32.75,20.00,26.20
"Jun 26 2009 13:39:17",42.504208,-71.24348,73.00,32.75,0.00,26.20
"Jun 26 2009 13:39:18",42.504208,-71.24348,73.00,32.75,12.00,26.20
"Jun 26 2009 13:39:19",42.504208,-71.24348,73.00,32.75,1.00,26.20
"Jun 26 2009 13:39:20",42.50415,-71.24357,73.00,32.75,0.00,26.20
"Jun 26 2009 13:39:21",42.50423,-71.243484,73.00,32.75,0.00,26.20
"Jun 26 2009 13:39:22",42.504272,-71.24341,73.00,32.75,0.00,26.20
"Jun 26 2009 13:39:23",42.50415,-71.24352,73.00,32.75,0.00,26.20
"Jun 26 2009 13:39:24",42.50423,-71.24345,73.00,34.13,0.00,26.20
"Jun 26 2009 13:39:25",42.504166,-71.243416,73.00,32.75,0.00,26.20
"Jun 26 2009 13:39:26",42.50407,-71.24346,73.00,34.13,0.00,26.20
"Jun 26 2009 13:39:27",42.504173,-71.243484,73.00,32.75,0.00,26.20
"Jun 26 2009 13:39:28",42.504143,-71.243416,73.00,32.75,0.00,26.20
"Jun 26 2009 13:39:29",42.504185,-71.24333,73.00,32.75,0.00,26.20
"Jun 26 2009 13:39:30",42.504185,-71.24333,73.00,34.13,0.00,26.20
"Jun 26 2009 13:39:32",42.504086,-71.24365,73.00,32.75,6.00,26.20
"Jun 26 2009 13:39:33",42.504086,-71.24365,73.00,34.13,0.00,26.20
"Jun 26 2009 13:39:34",42.504173,-71.24246,73.00,34.13,0.00,26.20
"Jun 26 2009 13:39:35",42.504173,-71.24246,73.00,34.13,0.00,26.20
"Jun 26 2009 13:39:36",42.504173,-71.24246,73.00,32.75,0.00,26.20
"Jun 26 2009 13:39:37",42.504158,-71.24338,73.00,34.13,0.00,26.20
"Jun 26 2009 13:39:38",42.504158,-71.2436,73.00,34.13,0.00,26.20
"Jun 26 2009 13:39:39",42.504166,-71.24364,73.00,34.13,100.00,26.20
"Jun 26 2009 13:39:40",42.504215,-71.24309,73.00,34.13,0.00,26.20
"Jun 26 2009 13:39:41",42.504257,-71.242905,73.00,34.13,0.00,26.20
"Jun 26 2009 13:39:42",42.50423,-71.242744,72.00,34.13,0.00,26.20
"Jun 26 2009 13:39:43",42.504173,-71.243126,70.00,34.13,0.00,26.20
"Jun 26 2009 13:39:44",42.504185,-71.243614,71.00,34.13,4.00,26.65
"Jun 26 2009 13:39:46",42.504158,-71.243614,71.00,34.13,0.00,26.65
"Jun 26 2009 13:39:47",42.504143,-71.24353,71.00,34.13,0.00,26.65
"Jun 26 2009 13:39:48",42.504135,-71.24363,70.00,34.13,0.00,26.65
"Jun 26 2009 13:39:49",42.504135,-71.24369,60.00,34.13,0.00,27.10
"Jun 26 2009 13:39:50",42.504135,-71.24367,60.00,34.13,0.00,27.10
"Jun 26 2009 13:39:51",42.50425,-71.24276,60.00,34.13,0.00,27.10
"Jun 26 2009 13:39:52",42.50424,-71.24278,60.00,34.13,0.00,27.10
"Jun 26 2009 13:39:53",42.50424,-71.24279,60.00,34.13,0.00,27.54
"Jun 26 2009 13:39:54",42.50424,-71.24279,60.00,34.13,0.00,27.54
"Jun 26 2009 13:39:55",42.50424,-71.24279,60.00,34.13,0.00,27.54
"Jun 26 2009 13:39:56",42.50424,-71.24279,60.00,34.13,0.00,27.54
"Jun 26 2009 13:39:57",42.504208,-71.24281,60.00,34.13,0.00,27.99
"Jun 26 2009 13:39:58",42.5042,-71.24282,60.00,34.13,0.00,27.99
"Jun 26 2009 13:39:59",42.504192,-71.24282,60.00,34.13,0.00,27.99
"Jun 26 2009 13:40:00",42.504192,-71.24282,60.00,34.13,0.00,27.99
"Jun 26 2009 13:40:02",42.504192,-71.24282,60.00,34.13,1.00,27.99
"Jun 26 2009 13:40:03",42.5042,-71.24283,59.00,34.13,0.00,28.44
"Jun 26 2009 13:40:04",42.504208,-71.242836,59.00,34.13,0.00,28.44
"Jun 26 2009 13:40:05",42.504208,-71.242836,60.00,34.13,0.00,28.44
"Jun 26 2009 13:40:06",42.504208,-71.242836,60.00,34.13,0.00,28.44
"Jun 26 2009 13:40:07",42.504208,-71.242836,60.00,34.13,0.00,28.89
"Jun 26 2009 13:40:08",42.504215,-71.24284,60.00,34.13,0.00,28.89
"Jun 26 2009 13:40:09",42.504215,-71.24284,60.00,34.13,0.00,28.89
"Jun 26 2009 13:40:10",42.504215,-71.24284,60.00,34.13,1.00,28.89
"Jun 26 2009 13:40:11",42.504215,-71.24284,59.00,34.13,1.00,28.89
"Jun 26 2009 13:40:12",42.504215,-71.24284,59.00,34.13,0.00,28.89
"Jun 26 2009 13:40:13",42.504215,-71.24284,59.00,34.13,0.00,29.34
"Jun 26 2009 13:40:14",42.504215,-71.24284,59.00,34.13,0.00,29.34
"Jun 26 2009 13:40:16",42.504215,-71.24284,59.00,34.13,0.00,29.34
"Jun 26 2009 13:40:17",42.504215,-71.24284,59.00,34.13,0.00,29.34
"Jun 26 2009 13:40:18",42.504215,-71.24284,59.00,34.13,0.00,29.34
"Jun 26 2009 13:40:19",42.504215,-71.24284,59.00,34.13,0.00,29.34
"Jun 26 2009 13:40:20",42.504215,-71.24284,59.00,34.13,0.00,29.79
"Jun 26 2009 13:40:21",42.504215,-71.24284,59.00,34.13,0.00,29.79
"Jun 26 2009 13:40:22",42.504215,-71.24284,59.00,34.13,0.00,29.79
"Jun 26 2009 13:40:23",42.504215,-71.24284,59.00,34.13,0.00,29.79
"Jun 26 2009 13:40:24",42.504215,-71.24284,59.00,34.13,0.00,29.79
"Jun 26 2009 13:40:25",42.504215,-71.24284,59.00,34.13,0.00,30.24
"Jun 26 2009 13:40:26",42.504223,-71.24284,59.00,34.13,0.00,30.24
"Jun 26 2009 13:40:27",42.504223,-71.24284,59.00,34.13,0.00,30.24
"Jun 26 2009 13:40:28",42.504223,-71.24284,59.00,34.13,0.00,30.24
"Jun 26 2009 13:40:30",42.504223,-71.24285,59.00,34.13,0.00,30.24
"Jun 26 2009 13:40:31",42.504223,-71.24285,59.00,34.13,0.00,30.24
"Jun 26 2009 13:40:32",42.504223,-71.24285,59.00,34.13,0.00,30.69
"Jun 26 2009 13:40:33",42.504223,-71.24285,58.00,34.13,0.00,30.69
"Jun 26 2009 13:40:34",42.504223,-71.24285,58.00,34.13,0.00,30.69
"Jun 26 2009 13:40:35",42.504223,-71.24285,58.00,34.13,0.00,30.69
"Jun 26 2009 13:40:36",42.504223,-71.24285,58.00,34.13,0.00,30.69
"Jun 26 2009 13:40:37",42.504223,-71.24285,58.00,34.13,0.00,30.69
"Jun 26 2009 13:40:38",42.504223,-71.24285,58.00,34.13,0.00,30.69
"Jun 26 2009 13:40:39",42.504215,-71.24285,58.00,34.13,0.00,31.14
"Jun 26 2009 13:40:40",42.504215,-71.24285,58.00,34.13,0.00,31.14
"Jun 26 2009 13:40:41",42.504215,-71.24285,58.00,34.13,0.00,31.14
"Jun 26 2009 13:40:42",42.504215,-71.24285,58.00,34.13,0.00,31.14
"Jun 26 2009 13:40:44",42.504223,-71.24285,58.00,34.13,0.00,31.14
"Jun 26 2009 13:40:45",42.504223,-71.24285,58.00,34.13,0.00,31.14
"Jun 26 2009 13:40:46",42.504223,-71.24285,58.00,34.13,0.00,31.14
"Jun 26 2009 13:40:47",42.504223,-71.24285,58.00,34.13,0.00,31.59
"Jun 26 2009 13:40:48",42.504223,-71.24285,58.00,34.13,0.00,31.59
"Jun 26 2009 13:40:49",42.504223,-71.24285,58.00,34.13,0.00,31.59
"Jun 26 2009 13:40:50",42.504223,-71.24285,58.00,34.13,0.00,31.59
"Jun 26 2009 13:40:51",42.504223,-71.24285,58.00,34.13,0.00,31.59
"Jun 26 2009 13:40:52",42.504223,-71.24285,69.00,34.13,0.00,31.59
"Jun 26 2009 13:40:53",42.504223,-71.24285,71.00,34.13,0.00,31.59
"Jun 26 2009 13:40:54",42.504223,-71.24285,70.00,34.13,0.00,31.59
"Jun 26 2009 13:40:55",42.504223,-71.24285,70.00,34.13,3.00,31.59
"Jun 26 2009 13:40:56",42.504223,-71.24285,72.00,34.13,0.00,31.59
"Jun 26 2009 13:40:58",42.504223,-71.24287,72.00,34.13,0.00,31.14
"Jun 26 2009 13:40:59",42.504223,-71.242874,72.00,34.13,0.00,30.69
"Jun 26 2009 13:41:00",42.504215,-71.242874,72.00,34.13,0.00,30.69
"Jun 26 2009 13:41:01",42.504208,-71.242874,72.00,34.13,0.00,30.24
"Jun 26 2009 13:41:02",42.5042,-71.242874,72.00,34.13,0.00,29.79
"Jun 26 2009 13:41:03",42.504192,-71.24287,72.00,34.13,9.00,29.79
"Jun 26 2009 13:41:04",42.504192,-71.24285,72.00,34.13,0.00,29.34
"Jun 26 2009 13:41:05",42.504185,-71.24285,72.00,34.13,0.00,29.34
"Jun 26 2009 13:41:06",42.504185,-71.24285,72.00,34.13,0.00,29.34
"Jun 26 2009 13:41:07",42.504185,-71.24285,73.00,34.13,0.00,28.89
"Jun 26 2009 13:41:08",42.504192,-71.24285,72.00,34.13,0.00,28.89
"Jun 26 2009 13:41:09",42.504192,-71.24285,72.00,34.13,0.00,28.89
"Jun 26 2009 13:41:10",42.5042,-71.24285,70.00,34.13,0.00,28.89
"Jun 26 2009 13:41:12",42.5042,-71.24287,71.00,34.13,0.00,28.89
"Jun 26 2009 13:41:13",42.504192,-71.24287,70.00,34.13,0.00,28.89
"Jun 26 2009 13:41:14",42.504192,-71.24285,70.00,34.13,0.00,28.89
"Jun 26 2009 13:41:15",42.504185,-71.24285,70.00,34.13,0.00,28.89
"Jun 26 2009 13:41:16",42.504185,-71.24285,70.00,34.13,1.00,28.89
"Jun 26 2009 13:41:17",42.504173,-71.24285,70.00,34.13,0.00,29.34
"Jun 26 2009 13:41:18",42.504173,-71.24285,70.00,34.13,0.00,29.34
"Jun 26 2009 13:41:19",42.504173,-71.24285,70.00,34.13,0.00,29.34
"Jun 26 2009 13:41:20",42.504173,-71.24285,70.00,34.13,0.00,29.34
"Jun 26 2009 13:41:21",42.504173,-71.24285,70.00,34.13,0.00,29.34
"Jun 26 2009 13:41:22",42.504173,-71.24285,70.00,34.13,0.00,29.34
"Jun 26 2009 13:41:23",42.504166,-71.24287,70.00,34.13,0.00,29.34
"Jun 26 2009 13:41:24",42.504166,-71.24287,70.00,34.13,0.00,29.79
"Jun 26 2009 13:41:26",42.504166,-71.24287,70.00,34.13,0.00,29.79
"Jun 26 2009 13:41:27",42.504166,-71.24287,70.00,34.13,0.00,29.79
"Jun 26 2009 13:41:28",42.504166,-71.24287,70.00,34.13,0.00,29.79
"Jun 26 2009 13:41:29",42.504166,-71.24287,70.00,34.13,0.00,29.79
"Jun 26 2009 13:41:30",42.504166,-71.24287,70.00,34.13,0.00,29.79
"Jun 26 2009 13:41:31",42.504166,-71.242874,70.00,34.13,0.00,29.79
"Jun 26 2009 13:41:32",42.504166,-71.242874,71.00,34.13,0.00,30.24
"Jun 26 2009 13:41:33",42.504166,-71.242874,45.00,34.13,0.00,30.24
"Jun 26 2009 13:41:34",42.504166,-71.242874,72.00,34.13,19.00,30.24
"Jun 26 2009 13:41:35",42.504158,-71.24287,72.00,34.13,45.00,30.24
"Jun 26 2009 13:41:36",42.504158,-71.24287,71.00,34.13,0.00,29.79
"Jun 26 2009 13:41:37",42.504158,-71.24287,70.00,34.13,0.00,30.24
"Jun 26 2009 13:41:38",42.504158,-71.24287,70.00,34.13,0.00,30.24
"Jun 26 2009 13:41:40",42.504158,-71.24287,30.00,34.13,0.00,30.24
"Jun 26 2009 13:41:41",42.504158,-71.24287,69.00,34.13,6.00,30.24
"Jun 26 2009 13:41:42",42.504158,-71.24287,71.00,34.13,2.00,30.24
"Jun 26 2009 13:41:43",42.504158,-71.24285,70.00,34.13,0.00,30.24
"Jun 26 2009 13:41:44",42.50415,-71.24285,70.00,34.13,0.00,30.24
"Jun 26 2009 13:41:45",42.50415,-71.24284,72.00,34.13,0.00,30.24
"Jun 26 2009 13:41:46",42.504143,-71.24285,72.00,34.13,0.00,29.79
"Jun 26 2009 13:41:47",42.504135,-71.242874,73.00,34.13,0.00,29.79
"Jun 26 2009 13:41:48",42.504135,-71.242874,73.00,34.13,0.00,29.79
"Jun 26 2009 13:41:49",42.504128,-71.24288,72.00,34.13,0.00,29.34
"Jun 26 2009 13:41:50",42.504128,-71.242874,72.00,34.13,0.00,29.34
"Jun 26 2009 13:41:51",42.504135,-71.24287,72.00,34.13,0.00,29.34
"Jun 26 2009 13:41:52",42.504135,-71.24287,72.00,34.13,0.00,28.89
"Jun 26 2009 13:41:54",42.50415,-71.24287,72.00,34.13,0.00,28.89
"Jun 26 2009 13:41:55",42.504143,-71.242874,72.00,34.13,0.00,28.89
"Jun 26 2009 13:41:56",42.504135,-71.24287,70.00,34.13,0.00,28.89
"Jun 26 2009 13:41:57",42.504135,-71.24285,71.00,34.13,0.00,28.44
"Jun 26 2009 13:41:58",42.504128,-71.24284,70.00,34.13,0.00,28.44
"Jun 26 2009 13:41:59",42.504128,-71.242836,70.00,34.13,0.00,27.99
"Jun 26 2009 13:42:00",42.504128,-71.24282,70.00,34.13,0.00,27.99
"Jun 26 2009 13:42:01",42.504135,-71.24281,70.00,34.13,5.00,27.54
"Jun 26 2009 13:42:02",42.504143,-71.242805,71.00,34.13,0.00,27.54
"Jun 26 2009 13:42:03",42.504143,-71.242805,72.00,34.13,0.00,26.65
"Jun 26 2009 13:42:04",42.504143,-71.242805,72.00,34.13,0.00,26.65
"Jun 26 2009 13:42:05",42.504143,-71.242805,72.00,34.13,0.00,26.20
"Jun 26 2009 13:42:06",42.504143,-71.2428,72.00,34.13,0.00,26.20
"Jun 26 2009 13:42:08",42.504143,-71.24278,72.00,34.13,0.00,26.20
"Jun 26 2009 13:42:09",42.504143,-71.242775,72.00,34.13,0.00,25.75
"Jun 26 2009 13:42:10",42.504135,-71.242775,72.00,34.13,0.00,25.75
"Jun 26 2009 13:42:11",42.504135,-71.242775,72.00,34.13,2.00,25.75
"Jun 26 2009 13:42:12",42.504128,-71.242775,72.00,34.13,0.00,25.75
"Jun 26 2009 13:42:13",42.504128,-71.242775,72.00,34.13,0.00,25.30
"Jun 26 2009 13:42:14",42.504128,-71.242775,72.00,34.13,0.00,25.30
"Jun 26 2009 13:42:15",42.504116,-71.242775,72.00,34.13,0.00,25.30
"Jun 26 2009 13:42:16",42.504116,-71.24277,72.00,34.13,5.00,25.30
"Jun 26 2009 13:42:17",42.504116,-71.24277,72.00,34.13,0.00,24.85
"Jun 26 2009 13:42:18",42.504116,-71.24277,72.00,34.13,0.00,24.85
"Jun 26 2009 13:42:19",42.504116,-71.24276,72.00,34.13,0.00,24.85
"Jun 26 2009 13:42:20",42.504116,-71.24276,72.00,34.13,0.00,24.85
"Jun 26 2009 13:42:22",42.504116,-71.24275,72.00,34.13,0.00,24.40
"Jun 26 2009 13:42:23",42.504116,-71.24275,72.00,34.13,0.00,24.40
"Jun 26 2009 13:42:24",42.504116,-71.24275,72.00,34.13,0.00,24.40
"Jun 26 2009 13:42:25",42.504116,-71.24275,72.00,34.13,0.00,24.40
"Jun 26 2009 13:42:26",42.504116,-71.24275,72.00,34.13,0.00,24.40
"Jun 26 2009 13:42:27",42.504116,-71.24275,72.00,34.13,1.00,24.40
"Jun 26 2009 13:42:28",42.504116,-71.24275,72.00,34.13,0.00,23.95
"Jun 26 2009 13:42:29",42.504116,-71.24275,72.00,34.13,0.00,23.95
"Jun 26 2009 13:42:30",42.504116,-71.24275,72.00,34.13,0.00,23.95
"Jun 26 2009 13:42:31",42.504116,-71.24275,72.00,34.13,0.00,23.95
"Jun 26 2009 13:42:32",42.504116,-71.24275,72.00,34.13,0.00,23.95
"Jun 26 2009 13:42:33",42.504116,-71.24275,72.00,34.13,0.00,23.95
"Jun 26 2009 13:42:35",42.504116,-71.24275,72.00,34.13,0.00,23.95
"Jun 26 2009 13:42:36",42.504116,-71.24275,72.00,34.13,5.00,23.50
"Jun 26 2009 13:42:37",42.504116,-71.24275,72.00,34.13,0.00,23.50
"Jun 26 2009 13:42:38",42.504116,-71.24275,72.00,34.13,0.00,23.50
"Jun 26 2009 13:42:39",42.504116,-71.24275,72.00,34.13,0.00,23.50
"Jun 26 2009 13:42:40",42.504116,-71.24275,72.00,34.13,2.00,23.50
"Jun 26 2009 13:42:41",42.504116,-71.24275,72.00,34.13,0.00,23.50
"Jun 26 2009 13:42:42",42.504116,-71.24275,72.00,34.13,0.00,23.50
"Jun 26 2009 13:42:43",42.504116,-71.24276,72.00,34.13,0.00,23.50
"Jun 26 2009 13:42:44",42.504116,-71.24276,72.00,34.13,0.00,23.50
"Jun 26 2009 13:42:45",42.504116,-71.24276,72.00,34.13,0.00,23.05
"Jun 26 2009 13:42:46",42.504128,-71.24276,72.00,34.13,2.00,23.05
"Jun 26 2009 13:42:47",42.504128,-71.24276,72.00,34.13,0.00,23.05
"Jun 26 2009 13:42:48",42.504128,-71.24276,72.00,34.13,0.00,23.05
"Jun 26 2009 13:42:50",42.504128,-71.24276,72.00,34.13,0.00,23.05
"Jun 26 2009 13:42:51",42.504128,-71.24276,72.00,34.13,2.00,23.05
"Jun 26 2009 13:42:52",42.504128,-71.24276,72.00,34.13,3.00,23.05
"Jun 26 2009 13:42:53",42.504128,-71.24276,72.00,34.13,0.00,23.05
"Jun 26 2009 13:42:54",42.504128,-71.24276,72.00,34.13,0.00,23.05
"Jun 26 2009 13:42:55",42.504128,-71.24275,72.00,34.13,1.00,23.05
"Jun 26 2009 13:42:56",42.504128,-71.24275,72.00,34.13,0.00,23.05
"Jun 26 2009 13:42:57",42.504128,-71.24275,72.00,34.13,0.00,23.05
"Jun 26 2009 13:42:58",42.504128,-71.24275,72.00,34.13,10.00,22.60
"Jun 26 2009 13:42:59",42.504135,-71.24275,72.00,34.13,0.00,22.60
"Jun 26 2009 13:43:00",42.504135,-71.24275,72.00,34.13,0.00,22.60
"Jun 26 2009 13:43:01",42.504135,-71.24275,72.00,34.13,0.00,22.60
"Jun 26 2009 13:43:03",42.504135,-71.24275,72.00,34.13,3.00,22.60
"Jun 26 2009 13:43:04",42.504128,-71.24276,72.00,34.13,0.00,22.60
"Jun 26 2009 13:43:05",42.504128,-71.24276,72.00,34.13,0.00,22.60
"Jun 26 2009 13:43:06",42.504128,-71.24276,72.00,34.13,0.00,22.60
"Jun 26 2009 13:43:07",42.504128,-71.24276,72.00,34.13,0.00,22.60
"Jun 26 2009 13:43:08",42.504128,-71.24276,72.00,34.13,0.00,22.60
"Jun 26 2009 13:43:09",42.504128,-71.24277,71.00,34.13,0.00,22.60
"Jun 26 2009 13:43:10",42.504135,-71.242775,71.00,34.13,0.00,23.05
"Jun 26 2009 13:43:11",42.504135,-71.24278,72.00,34.13,0.00,22.60
"Jun 26 2009 13:43:12",42.504143,-71.24278,72.00,34.13,0.00,23.05
"Jun 26 2009 13:43:13",42.50415,-71.24278,72.00,34.13,0.00,23.05
"Jun 26 2009 13:43:14",42.504158,-71.242775,72.00,34.13,0.00,23.05
"Jun 26 2009 13:43:15",42.504166,-71.24277,72.00,34.13,0.00,23.05
"Jun 26 2009 13:43:17",42.504192,-71.242775,72.00,34.13,0.00,23.05
"Jun 26 2009 13:43:18",42.5042,-71.242775,72.00,34.13,0.00,23.05
"Jun 26 2009 13:43:19",42.504223,-71.24278,72.00,34.13,0.00,23.05
"Jun 26 2009 13:43:20",42.504223,-71.242775,71.00,34.13,0.00,23.05
"Jun 26 2009 13:43:21",42.50423,-71.24277,72.00,34.13,0.00,23.50
"Jun 26 2009 13:43:22",42.50425,-71.24276,72.00,34.13,0.00,23.50
"Jun 26 2009 13:43:23",42.504257,-71.24275,72.00,34.13,0.00,23.50
"Jun 26 2009 13:43:24",42.504265,-71.24273,72.00,34.13,0.00,23.50
"Jun 26 2009 13:43:25",42.504272,-71.24272,72.00,34.13,0.00,23.50
"Jun 26 2009 13:43:26",42.50428,-71.242714,72.00,34.13,0.00,23.50
"Jun 26 2009 13:43:27",42.50428,-71.2427,72.00,34.13,0.00,23.50
"Jun 26 2009 13:43:28",42.504295,-71.24269,72.00,34.13,0.00,23.50
"Jun 26 2009 13:43:28",42.504295,-71.24269,72.00,34.13,0.00,23.50
"Jun 26 2009 13:43:31",42.504307,-71.24265,72.00,34.13,0.00,23.95
"Jun 26 2009 13:43:32",42.504314,-71.242645,72.00,34.13,0.00,23.95
"Jun 26 2009 13:43:33",42.504314,-71.24264,72.00,34.13,0.00,23.95
"Jun 26 2009 13:43:34",42.504314,-71.24263,72.00,34.13,0.00,23.95
"Jun 26 2009 13:43:35",42.504322,-71.24261,72.00,34.13,0.00,23.95
"Jun 26 2009 13:43:36",42.504322,-71.2426,72.00,34.13,0.00,23.95
"Jun 26 2009 13:43:37",42.504322,-71.24259,72.00,34.13,0.00,23.95
"Jun 26 2009 13:43:38",42.504337,-71.242584,72.00,34.13,0.00,23.95
"Jun 26 2009 13:43:39",42.504345,-71.242584,72.00,34.13,0.00,23.95
"Jun 26 2009 13:43:40",42.504353,-71.24259,72.00,34.13,0.00,23.95
"Jun 26 2009 13:43:41",42.504345,-71.2426,72.00,34.13,0.00,24.40
"Jun 26 2009 13:43:42",42.504345,-71.24262,72.00,34.13,0.00,24.40
"Jun 26 2009 13:43:43",42.504337,-71.24264,72.00,34.13,0.00,24.40
"Jun 26 2009 13:43:45",42.50433,-71.24266,72.00,34.13,0.00,24.40
"Jun 26 2009 13:43:46",42.504322,-71.242676,72.00,34.13,0.00,24.40
"Jun 26 2009 13:43:47",42.504322,-71.24268,72.00,34.13,0.00,24.40
"Jun 26 2009 13:43:48",42.504314,-71.24269,72.00,34.13,0.00,24.40
"Jun 26 2009 13:43:49",42.504314,-71.2427,72.00,34.13,0.00,24.40
"Jun 26 2009 13:43:50",42.504314,-71.24271,72.00,34.13,0.00,24.40
"Jun 26 2009 13:43:51",42.504307,-71.242714,72.00,34.13,0.00,24.40
"Jun 26 2009 13:43:52",42.504307,-71.24273,72.00,34.13,0.00,24.40
"Jun 26 2009 13:43:53",42.504307,-71.24275,72.00,34.13,0.00,24.40
"Jun 26 2009 13:43:54",42.504307,-71.24276,72.00,34.13,0.00,24.40
"Jun 26 2009 13:43:55",42.504295,-71.242775,72.00,34.13,0.00,24.40
"Jun 26 2009 13:43:56",42.504295,-71.24279,72.00,34.13,0.00,24.40
"Jun 26 2009 13:43:56",42.504295,-71.24279,72.00,34.13,1.00,24.40
"Jun 26 2009 13:43:59",42.504288,-71.24281,72.00,34.13,0.00,24.40
"Jun 26 2009 13:44:00",42.504288,-71.24283,72.00,34.13,0.00,24.40
"Jun 26 2009 13:44:01",42.504288,-71.242836,72.00,34.13,1.00,24.40
"Jun 26 2009 13:44:02",42.504288,-71.24284,72.00,34.13,0.00,24.40
"Jun 26 2009 13:44:03",42.504288,-71.24287,72.00,34.13,6.00,24.40
"Jun 26 2009 13:44:04",42.504288,-71.242874,72.00,34.13,0.00,24.40
"Jun 26 2009 13:44:05",42.504288,-71.24288,72.00,34.13,0.00,24.40
"Jun 26 2009 13:44:06",42.504288,-71.2429,72.00,34.13,0.00,24.40
"Jun 26 2009 13:44:07",42.50428,-71.242905,72.00,34.13,0.00,24.40
"Jun 26 2009 13:44:08",42.50428,-71.24292,72.00,34.13,0.00,24.40
"Jun 26 2009 13:44:09",42.504288,-71.24293,72.00,34.13,0.00,24.40
"Jun 26 2009 13:44:10",42.504288,-71.24294,72.00,34.13,0.00,24.40
"Jun 26 2009 13:44:10",42.504288,-71.24294,72.00,34.13,0.00,24.40
"Jun 26 2009 13:44:13",42.50428,-71.242966,72.00,34.13,0.00,24.40
"Jun 26 2009 13:44:14",42.50428,-71.24299,72.00,34.13,0.00,24.40
"Jun 26 2009 13:44:15",42.50428,-71.243004,72.00,34.13,0.00,24.85
"Jun 26 2009 13:44:16",42.50428,-71.24301,72.00,34.13,0.00,24.85
"Jun 26 2009 13:44:17",42.50428,-71.24303,72.00,34.13,0.00,24.85
"Jun 26 2009 13:44:18",42.504272,-71.24304,72.00,34.13,0.00,24.85
"Jun 26 2009 13:44:19",42.504272,-71.24306,72.00,34.13,0.00,24.85
"Jun 26 2009 13:44:20",42.504272,-71.24307,72.00,34.13,0.00,24.85
"Jun 26 2009 13:44:21",42.504272,-71.24308,72.00,34.13,0.00,24.85
"Jun 26 2009 13:44:22",42.504272,-71.24311,72.00,34.13,0.00,24.40
"Jun 26 2009 13:44:23",42.504272,-71.24312,72.00,34.13,0.00,24.40
"Jun 26 2009 13:44:24",42.504272,-71.24313,72.00,32.75,0.00,24.40
"Jun 26 2009 13:44:25",42.50428,-71.24315,72.00,34.13,9.00,24.40
"Jun 26 2009 13:44:27",42.50428,-71.24318,72.00,32.75,0.00,24.40
"Jun 26 2009 13:44:28",42.504288,-71.243195,72.00,34.13,0.00,24.40
"Jun 26 2009 13:44:29",42.50428,-71.24322,72.00,32.75,0.00,24.40
"Jun 26 2009 13:44:30",42.504288,-71.24323,72.00,34.13,0.00,24.85
"Jun 26 2009 13:44:31",42.504288,-71.24325,72.00,32.75,0.00,24.85
"Jun 26 2009 13:44:32",42.504295,-71.24326,72.00,32.75,0.00,24.85
"Jun 26 2009 13:44:33",42.504295,-71.24328,72.00,32.75,0.00,24.85
"Jun 26 2009 13:44:34",42.504307,-71.243286,72.00,32.75,0.00,24.85
"Jun 26 2009 13:44:35",42.504314,-71.2433,72.00,32.75,1.00,24.85
"Jun 26 2009 13:44:36",42.504322,-71.24332,72.00,32.75,0.00,24.85
"Jun 26 2009 13:44:37",42.504322,-71.243324,72.00,32.75,0.00,24.85
"Jun 26 2009 13:44:38",42.504322,-71.24334,72.00,32.75,0.00,24.85
"Jun 26 2009 13:44:39",42.504314,-71.24336,72.00,32.75,0.00,24.85
"Jun 26 2009 13:44:41",42.504307,-71.243385,72.00,32.75,0.00,24.85
"Jun 26 2009 13:44:42",42.504307,-71.2434,72.00,32.75,0.00,24.85
"Jun 26 2009 13:44:43",42.504307,-71.24342,72.00,32.75,0.00,24.85
"Jun 26 2009 13:44:44",42.504307,-71.24344,72.00,32.75,0.00,24.85
"Jun 26 2009 13:44:45",42.504314,-71.24345,72.00,32.75,0.00,24.85
"Jun 26 2009 13:44:46",42.504314,-71.243454,72.00,32.75,0.00,24.85
"Jun 26 2009 13:44:47",42.504314,-71.24346,73.00,32.75,0.00,24.85
"Jun 26 2009 13:44:48",42.504322,-71.24349,72.00,32.75,2.00,24.85
"Jun 26 2009 13:44:49",42.504322,-71.24351,72.00,32.75,0.00,24.85
"Jun 26 2009 13:44:50",42.504322,-71.243515,72.00,32.75,3.00,24.85
"Jun 26 2009 13:44:51",42.504322,-71.24353,72.00,32.75,1.00,24.85
"Jun 26 2009 13:44:52",42.504314,-71.243546,72.00,32.75,0.00,24.85
"Jun 26 2009 13:44:54",42.504314,-71.24357,72.00,32.75,0.00,24.85
"Jun 26 2009 13:44:55",42.504314,-71.24358,72.00,32.75,0.00,24.85
"Jun 26 2009 13:44:56",42.504322,-71.24361,72.00,32.75,0.00,24.85
"Jun 26 2009 13:44:57",42.504322,-71.24362,72.00,32.75,0.00,24.85
"Jun 26 2009 13:44:58",42.504322,-71.24364,72.00,32.75,0.00,24.85
"Jun 26 2009 13:44:59",42.50433,-71.24365,72.00,32.75,0.00,24.85
"Jun 26 2009 13:45:00",42.504322,-71.24367,72.00,32.75,0.00,24.85
"Jun 26 2009 13:45:01",42.504322,-71.24368,72.00,32.75,0.00,24.85
"Jun 26 2009 13:45:02",42.504322,-71.2437,72.00,32.75,0.00,24.85
"Jun 26 2009 13:45:03",42.504314,-71.24372,72.00,32.75,4.00,24.85
"Jun 26 2009 13:45:04",42.504314,-71.24374,72.00,32.75,12.00,24.85
"Jun 26 2009 13:45:05",42.504307,-71.24375,72.00,32.75,0.00,24.85
"Jun 26 2009 13:45:06",42.504307,-71.24377,72.00,32.75,0.00,24.40
"Jun 26 2009 13:45:08",42.504288,-71.2438,72.00,32.75,0.00,24.40
"Jun 26 2009 13:45:09",42.50428,-71.24381,72.00,32.75,0.00,24.40
"Jun 26 2009 13:45:10",42.50428,-71.24383,72.00,32.75,0.00,24.40
"Jun 26 2009 13:45:11",42.50428,-71.24384,72.00,32.75,13.00,24.40
"Jun 26 2009 13:45:12",42.50428,-71.24385,72.00,32.75,0.00,24.40
"Jun 26 2009 13:45:13",42.504272,-71.24387,72.00,32.75,0.00,24.40
"Jun 26 2009 13:45:14",42.504272,-71.24389,72.00,32.75,0.00,24.40
"Jun 26 2009 13:45:15",42.504272,-71.243904,72.00,32.75,0.00,24.40
"Jun 26 2009 13:45:16",42.504265,-71.24392,72.00,32.75,0.00,24.40
"Jun 26 2009 13:45:17",42.504265,-71.243935,72.00,32.75,0.00,24.40
"Jun 26 2009 13:45:18",42.504257,-71.24395,72.00,32.75,0.00,24.40
"Jun 26 2009 13:45:19",42.504257,-71.24397,72.00,32.75,0.00,24.40
"Jun 26 2009 13:45:20",42.504257,-71.24398,71.00,32.75,0.00,24.40
"Jun 26 2009 13:45:22",42.504265,-71.24401,71.00,32.75,0.00,24.40
"Jun 26 2009 13:45:23",42.504265,-71.244026,71.00,32.75,0.00,24.40
"Jun 26 2009 13:45:24",42.504265,-71.24403,71.00,32.75,0.00,24.40
"Jun 26 2009 13:45:25",42.504265,-71.24404,71.00,32.75,0.00,23.95
"Jun 26 2009 13:45:26",42.504272,-71.24405,72.00,32.75,0.00,23.95
"Jun 26 2009 13:45:27",42.50428,-71.244064,72.00,32.75,0.00,23.95
"Jun 26 2009 13:45:28",42.50428,-71.244064,72.00,32.75,9.00,23.95
"Jun 26 2009 13:45:29",42.504288,-71.24407,72.00,32.75,0.00,23.95
"Jun 26 2009 13:45:30",42.504288,-71.2441,72.00,32.75,28.00,23.95
"Jun 26 2009 13:45:31",42.504295,-71.24412,72.00,32.75,0.00,23.95
"Jun 26 2009 13:45:32",42.504288,-71.24413,72.00,32.75,0.00,23.95
"Jun 26 2009 13:45:33",42.504288,-71.24414,72.00,32.75,0.00,23.95
"Jun 26 2009 13:45:33",42.504288,-71.24414,72.00,32.75,14.00,23.95
"Jun 26 2009 13:45:36",42.50428,-71.24418,72.00,32.75,0.00,23.95
"Jun 26 2009 13:45:37",42.504272,-71.24419,72.00,32.75,7.00,23.95
"Jun 26 2009 13:45:38",42.504265,-71.24419,71.00,32.75,0.00,23.95
"Jun 26 2009 13:45:39",42.504265,-71.24422,70.00,32.75,0.00,23.95
"Jun 26 2009 13:45:40",42.504265,-71.244225,69.00,32.75,0.00,23.95
"Jun 26 2009 13:45:41",42.504257,-71.24423,70.00,32.75,0.00,23.95
"Jun 26 2009 13:45:42",42.504257,-71.24424,43.00,32.75,0.00,23.95
"Jun 26 2009 13:45:43",42.50424,-71.24424,70.00,32.75,0.00,23.95
"Jun 26 2009 13:45:44",42.504223,-71.244225,36.00,32.75,15.00,23.95
"Jun 26 2009 13:45:45",42.504208,-71.244225,44.00,32.75,0.00,23.95
"Jun 26 2009 13:45:46",42.504208,-71.24422,69.00,32.75,0.00,23.95
"Jun 26 2009 13:45:47",42.504215,-71.24422,37.00,32.75,0.00,23.95
"Jun 26 2009 13:45:47",42.504215,-71.24422,14.00,32.75,0.00,23.95
"Jun 26 2009 13:45:50",42.50423,-71.244194,9.00,32.75,2.00,23.95
"Jun 26 2009 13:45:51",42.50424,-71.24419,10.00,32.75,100.00,23.95
"Jun 26 2009 13:45:52",42.50425,-71.24418,47.00,32.75,0.00,23.50
"Jun 26 2009 13:45:53",42.504257,-71.24417,42.00,32.75,0.00,23.50
"Jun 26 2009 13:45:54",42.504257,-71.24417,18.00,32.75,0.00,23.50
"Jun 26 2009 13:45:55",42.504257,-71.24417,26.00,32.75,0.00,23.50
"Jun 26 2009 13:45:56",42.504257,-71.24417,11.00,32.75,0.00,23.05
"Jun 26 2009 13:45:57",42.504257,-71.24417,8.00,32.75,0.00,23.05
"Jun 26 2009 13:45:58",42.504257,-71.24417,7.00,32.75,0.00,23.05
"Jun 26 2009 13:45:59",42.504257,-71.24417,7.00,32.75,0.00,23.05
"Jun 26 2009 13:46:00",42.504257,-71.24417,7.00,32.75,6.00,22.60
"Jun 26 2009 13:46:02",42.504257,-71.24417,7.00,32.75,0.00,22.60
"Jun 26 2009 13:46:03",42.504257,-71.24417,4.00,32.75,0.00,22.60
"Jun 26 2009 13:46:04",42.504257,-71.24417,4.00,32.75,14.00,22.60
"Jun 26 2009 13:46:05",42.504257,-71.24417,0.00,32.75,7.00,22.15
"Jun 26 2009 13:46:06",42.504257,-71.24417,0.00,31.36,0.00,22.15
"Jun 26 2009 13:46:07",42.504257,-71.24417,0.00,32.75,0.00,22.15
"Jun 26 2009 13:46:08",42.504257,-71.24417,0.00,32.75,0.00,22.15
