time,lat,lon,light,temp,sound,ext
"Jun 26 2009 13:36:45",42.5042,-71.244064,72.00,38.29,0.00,26.65
"Jun 26 2009 13:36:46",42.50423,-71.24415,71.00,38.29,70.00,26.65
"Jun 26 2009 13:36:47",42.504223,-71.24444,71.00,36.90,0.00,26.65
"Jun 26 2009 13:36:48",42.50451,-71.244514,70.00,36.90,0.00,26.20
"Jun 26 2009 13:36:50",42.504345,-71.244385,71.00,36.90,0.00,26.20
"Jun 26 2009 13:36:51",42.504314,-71.24435,71.00,38.29,0.00,26.20
"Jun 26 2009 13:36:52",42.504295,-71.24433,70.00,38.29,0.00,26.65
"Jun 26 2009 13:36:53",42.504288,-71.244316,70.00,36.90,0.00,26.65
"Jun 26 2009 13:36:54",42.504272,-71.24427,70.00,36.90,97.00,26.20
"Jun 26 2009 13:36:55",42.504295,-71.24438,70.00,36.90,0.00,27.54
"Jun 26 2009 13:36:56",42.50433,-71.24443,70.00,36.90,0.00,26.20
"Jun 26 2009 13:36:57",42.504322,-71.24443,70.00,38.29,0.00,26.20
"Jun 26 2009 13:36:58",42.504322,-71.24442,69.00,36.90,0.00,28.89
"Jun 26 2009 13:36:59",42.504314,-71.24438,70.00,36.90,0.00,26.65
"Jun 26 2009 13:37:00",42.504288,-71.24433,70.00,36.90,0.00,27.10
"Jun 26 2009 13:37:01",42.504265,-71.24429,69.00,38.29,0.00,27.10
"Jun 26 2009 13:37:02",42.50425,-71.244286,69.00,36.90,0.00,29.34
"Jun 26 2009 13:37:04",42.504272,-71.24427,70.00,36.90,0.00,27.54
"Jun 26 2009 13:37:05",42.504272,-71.24428,69.00,36.90,0.00,27.54
"Jun 26 2009 13:37:06",42.50428,-71.24428,70.00,36.90,1.00,31.59
"Jun 26 2009 13:37:07",42.50428,-71.24428,70.00,38.29,0.00,26.65
"Jun 26 2009 13:37:08",42.50428,-71.24426,70.00,36.90,0.00,25.75
"Jun 26 2009 13:37:09",42.50428,-71.24424,70.00,36.90,26.00,25.30
"Jun 26 2009 13:37:10",42.50428,-71.24423,70.00,36.90,0.00,24.85
"Jun 26 2009 13:37:11",42.504265,-71.24422,70.00,36.90,0.00,24.40
"Jun 26 2009 13:37:12",42.50424,-71.244194,71.00,38.29,0.00,23.95
"Jun 26 2009 13:37:13",42.504257,-71.24424,71.00,36.90,0.00,23.50
"Jun 26 2009 13:37:14",42.504272,-71.24426,71.00,36.90,0.00,23.05
"Jun 26 2009 13:37:15",42.504272,-71.24428,71.00,36.90,0.00,23.05
"Jun 26 2009 13:37:16",42.50428,-71.244286,71.00,38.29,0.00,22.60
"Jun 26 2009 13:37:18",42.504272,-71.2443,71.00,36.90,0.00,23.50
"Jun 26 2009 13:37:19",42.504272,-71.2443,71.00,36.90,0.00,23.50
"Jun 26 2009 13:37:20",42.50428,-71.24434,71.00,36.90,100.00,23.05
"Jun 26 2009 13:37:21",42.504272,-71.244286,71.00,36.90,18.00,23.05
"Jun 26 2009 13:37:22",42.50428,-71.244255,71.00,38.29,0.00,22.60
"Jun 26 2009 13:37:23",42.504322,-71.244316,71.00,36.90,0.00,22.60
"Jun 26 2009 13:37:24",42.504307,-71.244316,71.00,36.90,24.00,22.60
"Jun 26 2009 13:37:25",42.504288,-71.24429,71.00,36.90,0.00,22.60
"Jun 26 2009 13:37:26",42.50428,-71.24431,71.00,36.90,0.00,22.60
"Jun 26 2009 13:37:27",42.504288,-71.24434,71.00,38.29,100.00,22.15
"Jun 26 2009 13:37:28",42.504288,-71.244316,70.00,38.29,0.00,22.15
"Jun 26 2009 13:37:29",42.50428,-71.2443,70.00,36.90,0.00,22.15
"Jun 26 2009 13:37:30",42.504272,-71.24428,71.00,36.90,85.00,22.15
"Jun 26 2009 13:37:32",42.50424,-71.24426,70.00,36.90,12.00,22.15
"Jun 26 2009 13:37:33",42.504215,-71.24427,70.00,36.90,1.00,22.15
"Jun 26 2009 13:37:34",42.504192,-71.24428,70.00,36.90,0.00,22.15
"Jun 26 2009 13:37:35",42.504185,-71.244286,70.00,36.90,43.00,22.15
"Jun 26 2009 13:37:36",42.504185,-71.24429,70.00,36.90,6.00,22.15
"Jun 26 2009 13:37:37",42.5042,-71.24429,70.00,38.29,0.00,22.15
"Jun 26 2009 13:37:38",42.504192,-71.24427,70.00,36.90,0.00,22.15
"Jun 26 2009 13:37:39",42.504215,-71.24425,70.00,36.90,30.00,22.15
"Jun 26 2009 13:37:40",42.504208,-71.244225,70.00,36.90,0.00,22.15
"Jun 26 2009 13:37:41",42.504208,-71.24424,70.00,36.90,0.00,22.15
"Jun 26 2009 13:37:42",42.504215,-71.244255,70.00,38.29,0.00,22.15
"Jun 26 2009 13:37:43",42.504223,-71.244225,71.00,36.90,0.00,22.15
"Jun 26 2009 13:37:45",42.50424,-71.24425,71.00,36.90,0.00,22.15
"Jun 26 2009 13:37:46",42.50424,-71.24424,71.00,36.90,0.00,22.15
"Jun 26 2009 13:37:47",42.50424,-71.24424,71.00,36.90,17.00,22.15
"Jun 26 2009 13:37:48",42.50424,-71.24424,71.00,36.90,0.00,22.15
"Jun 26 2009 13:37:49",42.50425,-71.24425,71.00,36.90,0.00,22.15
"Jun 26 2009 13:37:50",42.50425,-71.244255,71.00,36.90,0.00,25.30
"Jun 26 2009 13:37:51",42.50425,-71.244255,71.00,36.90,0.00,27.99
"Jun 26 2009 13:37:52",42.50425,-71.24424,71.00,38.29,0.00,28.89
"Jun 26 2009 13:37:53",42.50425,-71.24424,71.00,36.90,0.00,29.79
"Jun 26 2009 13:37:54",42.504257,-71.24425,71.00,36.90,0.00,30.24
"Jun 26 2009 13:37:55",42.504257,-71.24425,71.00,36.90,56.00,30.69
"Jun 26 2009 13:37:56",42.504265,-71.24426,71.00,36.90,12.00,30.69
"Jun 26 2009 13:37:57",42.504265,-71.24427,71.00,36.90,0.00,31.14
"Jun 26 2009 13:37:59",42.50428,-71.244286,71.00,36.90,0.00,31.59
"Jun 26 2009 13:38:00",42.504288,-71.24429,72.00,36.90,0.00,31.59
"Jun 26 2009 13:38:01",42.504295,-71.2443,71.00,36.90,0.00,32.04
"Jun 26 2009 13:38:02",42.504295,-71.24431,71.00,38.29,0.00,32.04
"Jun 26 2009 13:38:03",42.504307,-71.244316,71.00,36.90,0.00,34.29
"Jun 26 2009 13:38:04",42.504307,-71.244316,71.00,36.90,0.00,31.59
"Jun 26 2009 13:38:05",42.504307,-71.24433,71.00,36.90,0.00,30.24
"Jun 26 2009 13:38:06",42.504307,-71.24433,71.00,36.90,0.00,30.69
"Jun 26 2009 13:38:07",42.504295,-71.244316,71.00,38.29,9.00,30.24
"Jun 26 2009 13:38:08",42.504295,-71.24431,71.00,38.29,0.00,30.69
"Jun 26 2009 13:38:09",42.504295,-71.2443,71.00,36.90,0.00,31.14
"Jun 26 2009 13:38:10",42.504295,-71.24429,71.00,38.29,0.00,30.69
"Jun 26 2009 13:38:11",42.504288,-71.24428,71.00,38.29,0.00,30.69
"Jun 26 2009 13:38:13",42.50428,-71.24424,71.00,36.90,0.00,31.14
"Jun 26 2009 13:38:14",42.504272,-71.244225,71.00,36.90,0.00,30.69
"Jun 26 2009 13:38:15",42.504257,-71.24421,71.00,36.90,0.00,31.14
"Jun 26 2009 13:38:16",42.504257,-71.24418,71.00,38.29,0.00,31.14
"Jun 26 2009 13:38:17",42.50424,-71.24416,71.00,38.29,0.00,31.59
"Jun 26 2009 13:38:18",42.50423,-71.24415,70.00,38.29,0.00,31.59
"Jun 26 2009 13:38:19",42.504223,-71.244125,70.00,36.90,0.00,31.59
"Jun 26 2009 13:38:20",42.504223,-71.2441,70.00,36.90,0.00,31.59
"Jun 26 2009 13:38:21",42.504215,-71.24407,71.00,36.90,0.00,31.59
"Jun 26 2009 13:38:22",42.504215,-71.24406,71.00,38.29,0.00,31.59
"Jun 26 2009 13:38:23",42.504208,-71.24404,71.00,36.90,0.00,31.59
"Jun 26 2009 13:38:24",42.504208,-71.24401,71.00,38.29,0.00,31.59
"Jun 26 2009 13:38:25",42.504208,-71.24398,71.00,36.90,0.00,31.59
"Jun 26 2009 13:38:27",42.504208,-71.24394,71.00,38.29,0.00,31.59
"Jun 26 2009 13:38:28",42.504208,-71.24392,71.00,38.29,0.00,31.59
"Jun 26 2009 13:38:29",42.504208,-71.24392,71.00,36.90,0.00,31.59
"Jun 26 2009 13:38:30",42.504208,-71.243904,72.00,38.29,0.00,31.59
"Jun 26 2009 13:38:31",42.504215,-71.2439,72.00,36.90,0.00,31.59
"Jun 26 2009 13:38:32",42.504215,-71.24389,71.00,38.29,0.00,31.59
"Jun 26 2009 13:38:33",42.504215,-71.24389,72.00,38.29,0.00,31.14
"Jun 26 2009 13:38:34",42.504223,-71.24387,71.00,38.29,0.00,31.59
"Jun 26 2009 13:38:35",42.504223,-71.24387,72.00,38.29,0.00,31.59
"Jun 26 2009 13:38:36",42.50424,-71.24387,71.00,38.29,0.00,31.59
"Jun 26 2009 13:38:37",42.50425,-71.24387,71.00,38.29,0.00,31.59
"Jun 26 2009 13:38:38",42.504257,-71.24386,71.00,38.29,0.00,31.59
"Jun 26 2009 13:38:39",42.504265,-71.24386,72.00,38.29,0.00,31.59
"Jun 26 2009 13:38:41",42.50428,-71.24383,72.00,38.29,0.00,31.59
"Jun 26 2009 13:38:42",42.50428,-71.24382,69.00,38.29,0.00,30.69
"Jun 26 2009 13:38:43",42.504288,-71.24381,70.00,38.29,0.00,29.34
"Jun 26 2009 13:38:44",42.504288,-71.243805,69.00,38.29,0.00,28.44
"Jun 26 2009 13:38:45",42.50428,-71.2438,70.00,38.29,0.00,27.99
"Jun 26 2009 13:38:46",42.504288,-71.24379,72.00,38.29,46.00,27.54
"Jun 26 2009 13:38:47",42.504288,-71.24377,71.00,38.29,0.00,27.10
"Jun 26 2009 13:38:48",42.504288,-71.243744,71.00,38.29,0.00,26.65
"Jun 26 2009 13:38:49",42.504295,-71.24373,72.00,38.29,0.00,26.20
"Jun 26 2009 13:38:50",42.504307,-71.243706,72.00,38.29,0.00,26.20
"Jun 26 2009 13:38:51",42.504295,-71.2437,71.00,38.29,0.00,25.75
"Jun 26 2009 13:38:52",42.504295,-71.243675,71.00,38.29,0.00,25.75
"Jun 26 2009 13:38:54",42.504307,-71.24365,71.00,38.29,0.00,25.75
"Jun 26 2009 13:38:55",42.504307,-71.243645,71.00,38.29,0.00,25.30
"Jun 26 2009 13:38:56",42.504307,-71.24362,72.00,38.29,0.00,25.30
"Jun 26 2009 13:38:57",42.504307,-71.2436,71.00,38.29,0.00,25.30
"Jun 26 2009 13:38:58",42.504314,-71.24357,72.00,38.29,0.00,25.30
"Jun 26 2009 13:38:59",42.504314,-71.243546,72.00,38.29,0.00,24.85
"Jun 26 2009 13:39:00",42.504322,-71.243546,72.00,38.29,0.00,24.85
"Jun 26 2009 13:39:01",42.504322,-71.24354,72.00,38.29,0.00,24.85
"Jun 26 2009 13:39:02",42.504322,-71.24352,71.00,38.29,0.00,24.85
"Jun 26 2009 13:39:03",42.504322,-71.24351,72.00,38.29,0.00,24.85
"Jun 26 2009 13:39:04",42.504314,-71.24349,72.00,38.29,0.00,24.85
"Jun 26 2009 13:39:05",42.504314,-71.24348,71.00,38.29,0.00,24.85
"Jun 26 2009 13:39:06",42.504314,-71.24344,71.00,38.29,0.00,24.85
"Jun 26 2009 13:39:08",42.504314,-71.2434,71.00,38.29,0.00,24.85
"Jun 26 2009 13:39:09",42.504314,-71.24339,72.00,38.29,0.00,24.85
"Jun 26 2009 13:39:10",42.504314,-71.243385,72.00,38.29,0.00,24.85
"Jun 26 2009 13:39:11",42.504314,-71.24337,71.00,38.29,0.00,24.85
"Jun 26 2009 13:39:12",42.504314,-71.24336,71.00,38.29,0.00,25.75
"Jun 26 2009 13:39:13",42.504314,-71.24336,71.00,38.29,0.00,26.20
"Jun 26 2009 13:39:14",42.504314,-71.243355,71.00,38.29,0.00,26.20
"Jun 26 2009 13:39:15",42.504314,-71.24336,71.00,38.29,0.00,26.65
"Jun 26 2009 13:39:16",42.504322,-71.24336,71.00,38.29,0.00,26.65
"Jun 26 2009 13:39:17",42.504322,-71.243355,71.00,38.29,0.00,27.10
"Jun 26 2009 13:39:18",42.504322,-71.243355,71.00,38.29,0.00,27.10
"Jun 26 2009 13:39:19",42.50433,-71.243355,71.00,38.29,0.00,27.54
"Jun 26 2009 13:39:20",42.50433,-71.24334,71.00,38.29,0.00,27.99
"Jun 26 2009 13:39:22",42.50433,-71.243355,71.00,38.29,0.00,27.99
"Jun 26 2009 13:39:23",42.504337,-71.24336,71.00,38.29,0.00,28.44
"Jun 26 2009 13:39:24",42.504337,-71.24338,71.00,38.29,0.00,28.44
"Jun 26 2009 13:39:25",42.504337,-71.24338,71.00,38.29,0.00,28.89
"Jun 26 2009 13:39:26",42.504337,-71.243385,71.00,38.29,0.00,28.89
"Jun 26 2009 13:39:27",42.504337,-71.243385,71.00,39.67,58.00,28.89
"Jun 26 2009 13:39:28",42.504337,-71.24339,71.00,38.29,0.00,29.34
"Jun 26 2009 13:39:29",42.504337,-71.24339,71.00,39.67,5.00,29.34
"Jun 26 2009 13:39:30",42.504337,-71.24339,71.00,38.29,0.00,29.79
"Jun 26 2009 13:39:31",42.504337,-71.24339,71.00,38.29,0.00,29.79
"Jun 26 2009 13:39:32",42.504337,-71.2434,71.00,38.29,17.00,29.79
"Jun 26 2009 13:39:33",42.504337,-71.2434,71.00,38.29,0.00,30.24
"Jun 26 2009 13:39:35",42.504337,-71.2434,71.00,38.29,0.00,30.24
"Jun 26 2009 13:39:36",42.504337,-71.2434,71.00,38.29,0.00,30.24
"Jun 26 2009 13:39:37",42.504337,-71.2434,71.00,39.67,0.00,30.69
"Jun 26 2009 13:39:38",42.504337,-71.2434,71.00,38.29,0.00,30.69
"Jun 26 2009 13:39:39",42.504345,-71.2434,71.00,38.29,0.00,30.69
"Jun 26 2009 13:39:40",42.504345,-71.2434,71.00,38.29,0.00,30.69
"Jun 26 2009 13:39:41",42.504345,-71.2434,71.00,39.67,0.00,31.14
"Jun 26 2009 13:39:42",42.504345,-71.2434,71.00,38.29,0.00,31.14
"Jun 26 2009 13:39:43",42.504345,-71.24341,71.00,38.29,0.00,31.14
"Jun 26 2009 13:39:44",42.504345,-71.24341,71.00,38.29,0.00,31.14
"Jun 26 2009 13:39:45",42.504345,-71.24341,71.00,38.29,0.00,31.59
"Jun 26 2009 13:39:46",42.504345,-71.24341,71.00,39.67,0.00,31.59
"Jun 26 2009 13:39:47",42.504345,-71.24341,71.00,38.29,0.00,31.59
"Jun 26 2009 13:39:49",42.504345,-71.24341,71.00,39.67,0.00,31.59
"Jun 26 2009 13:39:50",42.504345,-71.24341,71.00,38.29,0.00,32.04
"Jun 26 2009 13:39:51",42.504353,-71.24341,71.00,39.67,0.00,32.04
"Jun 26 2009 13:39:52",42.504353,-71.243416,71.00,39.67,0.00,32.04
"Jun 26 2009 13:39:53",42.504353,-71.243416,71.00,39.67,17.00,32.04
"Jun 26 2009 13:39:54",42.504353,-71.243416,71.00,39.67,0.00,32.49
"Jun 26 2009 13:39:55",42.504353,-71.24342,71.00,38.29,0.00,32.49
"Jun 26 2009 13:39:56",42.504353,-71.24342,71.00,39.67,5.00,32.49
"Jun 26 2009 13:39:57",42.504353,-71.24342,71.00,38.29,0.00,32.49
"Jun 26 2009 13:39:58",42.504353,-71.24342,71.00,39.67,0.00,32.94
"Jun 26 2009 13:39:59",42.50436,-71.24342,71.00,39.67,10.00,32.94
"Jun 26 2009 13:40:00",42.50436,-71.24343,71.00,39.67,0.00,32.94
"Jun 26 2009 13:40:01",42.50436,-71.24343,71.00,39.67,0.00,32.94
"Jun 26 2009 13:40:03",42.50436,-71.24343,71.00,39.67,0.00,32.94
"Jun 26 2009 13:40:04",42.50436,-71.24343,71.00,39.67,0.00,33.39
"Jun 26 2009 13:40:05",42.50436,-71.24343,71.00,39.67,0.00,33.39
"Jun 26 2009 13:40:06",42.50436,-71.24343,71.00,39.67,0.00,33.39
"Jun 26 2009 13:40:07",42.50436,-71.24343,71.00,39.67,0.00,33.39
"Jun 26 2009 13:40:08",42.50436,-71.24343,71.00,39.67,0.00,33.39
"Jun 26 2009 13:40:09",42.50436,-71.24343,71.00,39.67,0.00,33.39
"Jun 26 2009 13:40:10",42.50436,-71.24343,71.00,39.67,29.00,33.84
"Jun 26 2009 13:40:11",42.50436,-71.24344,71.00,39.67,12.00,33.84
"Jun 26 2009 13:40:12",42.50436,-71.24344,71.00,39.67,0.00,33.84
"Jun 26 2009 13:40:13",42.50436,-71.24344,71.00,39.67,0.00,33.84
"Jun 26 2009 13:40:14",42.50436,-71.24344,71.00,39.67,0.00,34.29
"Jun 26 2009 13:40:15",42.50436,-71.24344,71.00,39.67,0.00,34.29
"Jun 26 2009 13:40:17",42.50436,-71.24344,71.00,39.67,0.00,34.29
"Jun 26 2009 13:40:18",42.50436,-71.24344,71.00,39.67,0.00,34.29
"Jun 26 2009 13:40:19",42.50436,-71.24344,71.00,39.67,0.00,34.29
"Jun 26 2009 13:40:20",42.50436,-71.24344,71.00,39.67,0.00,34.74
"Jun 26 2009 13:40:21",42.50436,-71.24344,71.00,39.67,0.00,34.74
"Jun 26 2009 13:40:22",42.50436,-71.24344,71.00,39.67,0.00,34.74
"Jun 26 2009 13:40:23",42.50436,-71.24344,71.00,39.67,0.00,34.74
"Jun 26 2009 13:40:24",42.50436,-71.24344,71.00,39.67,0.00,34.74
"Jun 26 2009 13:40:25",42.50436,-71.24344,71.00,41.05,0.00,34.74
"Jun 26 2009 13:40:26",42.50436,-71.24344,71.00,39.67,0.00,34.74
"Jun 26 2009 13:40:27",42.504353,-71.24344,71.00,39.67,23.00,34.74
"Jun 26 2009 13:40:28",42.504353,-71.24345,71.00,39.67,0.00,35.19
"Jun 26 2009 13:40:29",42.504353,-71.24345,71.00,39.67,0.00,35.19
"Jun 26 2009 13:40:31",42.504353,-71.24345,71.00,39.67,3.00,35.19
"Jun 26 2009 13:40:32",42.504345,-71.24345,71.00,39.67,0.00,35.19
"Jun 26 2009 13:40:33",42.504345,-71.24345,71.00,39.67,0.00,35.19
"Jun 26 2009 13:40:34",42.504345,-71.24345,71.00,39.67,0.00,35.19
"Jun 26 2009 13:40:35",42.504345,-71.24345,71.00,39.67,0.00,35.19
"Jun 26 2009 13:40:36",42.504345,-71.24345,71.00,41.05,0.00,35.19
"Jun 26 2009 13:40:37",42.504345,-71.24345,71.00,39.67,0.00,35.19
"Jun 26 2009 13:40:38",42.504345,-71.24345,71.00,39.67,0.00,35.64
"Jun 26 2009 13:40:39",42.504337,-71.24345,71.00,39.67,0.00,35.64
"Jun 26 2009 13:40:40",42.504337,-71.24345,71.00,41.05,0.00,35.64
"Jun 26 2009 13:40:41",42.504337,-71.24345,71.00,39.67,0.00,35.64
"Jun 26 2009 13:40:42",42.504337,-71.24345,71.00,39.67,0.00,35.64
"Jun 26 2009 13:40:43",42.504337,-71.243454,71.00,39.67,0.00,35.64
"Jun 26 2009 13:40:45",42.50433,-71.243454,71.00,39.67,0.00,35.64
"Jun 26 2009 13:40:46",42.50433,-71.243454,71.00,41.05,0.00,35.64
"Jun 26 2009 13:40:47",42.50433,-71.243454,71.00,39.67,11.00,35.64
"Jun 26 2009 13:40:48",42.50433,-71.243454,71.00,41.05,23.00,36.09
"Jun 26 2009 13:40:49",42.50433,-71.243454,71.00,39.67,0.00,36.09
"Jun 26 2009 13:40:50",42.50433,-71.243454,71.00,41.05,0.00,36.09
"Jun 26 2009 13:40:51",42.504322,-71.243454,71.00,39.67,0.00,36.09
"Jun 26 2009 13:40:52",42.504322,-71.243454,71.00,41.05,0.00,36.09
"Jun 26 2009 13:40:53",42.504322,-71.243454,71.00,41.05,0.00,36.09
"Jun 26 2009 13:40:54",42.504322,-71.243454,71.00,41.05,24.00,36.09
"Jun 26 2009 13:40:55",42.504322,-71.243454,71.00,41.05,0.00,36.09
"Jun 26 2009 13:40:56",42.504322,-71.243454,71.00,41.05,0.00,36.09
"Jun 26 2009 13:40:58",42.504322,-71.243454,71.00,41.05,0.00,36.09
"Jun 26 2009 13:40:59",42.504322,-71.243454,71.00,41.05,0.00,36.09
"Jun 26 2009 13:41:00",42.504322,-71.243454,71.00,41.05,0.00,36.09
"Jun 26 2009 13:41:01",42.504322,-71.243454,71.00,41.05,0.00,36.09
"Jun 26 2009 13:41:02",42.504322,-71.243454,71.00,41.05,0.00,36.09
"Jun 26 2009 13:41:03",42.504322,-71.24346,71.00,41.05,4.00,36.09
"Jun 26 2009 13:41:04",42.504322,-71.24346,71.00,41.05,14.00,35.64
"Jun 26 2009 13:41:05",42.504314,-71.24346,71.00,41.05,0.00,35.64
"Jun 26 2009 13:41:06",42.504314,-71.24346,71.00,41.05,0.00,35.64
"Jun 26 2009 13:41:07",42.504314,-71.24346,71.00,41.05,0.00,36.09
"Jun 26 2009 13:41:08",42.504314,-71.24346,71.00,41.05,0.00,36.09
"Jun 26 2009 13:41:09",42.504314,-71.24346,71.00,41.05,3.00,36.09
"Jun 26 2009 13:41:10",42.504314,-71.24346,71.00,41.05,0.00,36.09
"Jun 26 2009 13:41:12",42.504314,-71.24348,71.00,41.05,0.00,36.09
"Jun 26 2009 13:41:13",42.504314,-71.24348,71.00,41.05,0.00,36.09
"Jun 26 2009 13:41:14",42.504314,-71.24348,71.00,41.05,0.00,36.09
"Jun 26 2009 13:41:15",42.504314,-71.24348,71.00,41.05,0.00,36.09
"Jun 26 2009 13:41:16",42.504314,-71.24348,71.00,41.05,0.00,36.09
"Jun 26 2009 13:41:17",42.504307,-71.24348,71.00,41.05,0.00,36.09
"Jun 26 2009 13:41:18",42.504307,-71.24346,71.00,41.05,0.00,36.09
"Jun 26 2009 13:41:19",42.504295,-71.24348,71.00,42.44,11.00,36.09
"Jun 26 2009 13:41:20",42.504295,-71.24348,71.00,41.05,0.00,35.64
"Jun 26 2009 13:41:21",42.504295,-71.24348,71.00,41.05,0.00,35.64
"Jun 26 2009 13:41:22",42.504295,-71.24348,71.00,41.05,0.00,35.64
"Jun 26 2009 13:41:23",42.504295,-71.24348,71.00,42.44,7.00,35.64
"Jun 26 2009 13:41:24",42.504295,-71.24348,71.00,42.44,0.00,35.64
"Jun 26 2009 13:41:26",42.504307,-71.24348,71.00,41.05,5.00,35.64
"Jun 26 2009 13:41:27",42.504307,-71.24348,71.00,41.05,0.00,35.19
"Jun 26 2009 13:41:28",42.504307,-71.24348,71.00,41.05,0.00,35.19
"Jun 26 2009 13:41:29",42.504307,-71.24348,71.00,41.05,33.00,35.19
"Jun 26 2009 13:41:30",42.504307,-71.24348,71.00,41.05,32.00,35.19
"Jun 26 2009 13:41:31",42.504314,-71.24348,71.00,41.05,0.00,35.19
"Jun 26 2009 13:41:32",42.504314,-71.24348,71.00,41.05,0.00,35.19
"Jun 26 2009 13:41:33",42.504314,-71.24348,71.00,41.05,0.00,35.19
"Jun 26 2009 13:41:34",42.504307,-71.243484,71.00,42.44,0.00,35.19
"Jun 26 2009 13:41:35",42.504307,-71.243484,71.00,41.05,0.00,35.19
"Jun 26 2009 13:41:36",42.504314,-71.243484,71.00,41.05,0.00,34.74
"Jun 26 2009 13:41:37",42.504314,-71.243484,71.00,42.44,0.00,34.74
"Jun 26 2009 13:41:38",42.504314,-71.24349,70.00,42.44,0.00,35.19
"Jun 26 2009 13:41:40",42.504314,-71.24349,68.00,42.44,0.00,35.19
"Jun 26 2009 13:41:41",42.504314,-71.24349,71.00,41.05,0.00,34.74
"Jun 26 2009 13:41:42",42.504307,-71.24349,70.00,41.05,0.00,34.29
"Jun 26 2009 13:41:43",42.504307,-71.24349,70.00,41.05,0.00,34.29
"Jun 26 2009 13:41:44",42.504307,-71.243484,70.00,42.44,25.00,33.84
"Jun 26 2009 13:41:45",42.504307,-71.243484,70.00,41.05,0.00,33.84
"Jun 26 2009 13:41:46",42.504295,-71.243484,70.00,41.05,0.00,33.39
"Jun 26 2009 13:41:47",42.504288,-71.243484,70.00,41.05,0.00,33.39
"Jun 26 2009 13:41:48",42.504288,-71.243484,70.00,41.05,0.00,32.94
"Jun 26 2009 13:41:49",42.504288,-71.243484,70.00,42.44,0.00,32.94
"Jun 26 2009 13:41:50",42.504288,-71.24349,70.00,42.44,34.00,32.49
"Jun 26 2009 13:41:51",42.504288,-71.24349,70.00,41.05,0.00,32.49
"Jun 26 2009 13:41:52",42.50428,-71.2435,70.00,41.05,0.00,32.49
"Jun 26 2009 13:41:54",42.50428,-71.2435,70.00,42.44,0.00,32.04
"Jun 26 2009 13:41:55",42.50428,-71.2435,70.00,42.44,5.00,32.04
"Jun 26 2009 13:41:56",42.50428,-71.2435,70.00,41.05,0.00,32.04
"Jun 26 2009 13:41:57",42.50428,-71.2435,70.00,42.44,0.00,31.59
"Jun 26 2009 13:41:58",42.504272,-71.2435,70.00,41.05,0.00,31.59
"Jun 26 2009 13:41:59",42.504272,-71.2435,70.00,42.44,0.00,31.59
"Jun 26 2009 13:42:00",42.504265,-71.243515,70.00,41.05,62.00,31.59
"Jun 26 2009 13:42:01",42.504265,-71.24351,70.00,41.05,54.00,31.14
"Jun 26 2009 13:42:02",42.504265,-71.24351,70.00,41.05,0.00,31.14
"Jun 26 2009 13:42:03",42.504265,-71.24351,70.00,42.44,100.00,31.14
"Jun 26 2009 13:42:04",42.504265,-71.2435,70.00,41.05,0.00,31.14
"Jun 26 2009 13:42:05",42.504257,-71.2435,70.00,42.44,0.00,30.69
"Jun 26 2009 13:42:06",42.504257,-71.2435,70.00,41.05,0.00,30.69
"Jun 26 2009 13:42:08",42.50425,-71.24349,70.00,41.05,0.00,30.69
"Jun 26 2009 13:42:09",42.50425,-71.24349,70.00,42.44,0.00,30.69
"Jun 26 2009 13:42:10",42.50425,-71.24349,70.00,42.44,0.00,30.69
"Jun 26 2009 13:42:11",42.50425,-71.24349,70.00,42.44,0.00,30.24
"Jun 26 2009 13:42:12",42.50425,-71.24349,70.00,42.44,0.00,30.24
"Jun 26 2009 13:42:13",42.50425,-71.24349,70.00,41.05,0.00,30.24
"Jun 26 2009 13:42:14",42.50424,-71.24349,71.00,42.44,0.00,30.24
"Jun 26 2009 13:42:15",42.50425,-71.243484,71.00,42.44,5.00,29.79
"Jun 26 2009 13:42:16",42.50425,-71.243484,71.00,41.05,0.00,29.79
"Jun 26 2009 13:42:17",42.50425,-71.24349,72.00,41.05,0.00,29.79
"Jun 26 2009 13:42:18",42.50425,-71.24349,72.00,42.44,0.00,29.34
"Jun 26 2009 13:42:19",42.50425,-71.2435,72.00,41.05,0.00,29.34
"Jun 26 2009 13:42:20",42.50424,-71.2435,72.00,42.44,27.00,29.34
"Jun 26 2009 13:42:22",42.50425,-71.2435,72.00,41.05,5.00,28.89
"Jun 26 2009 13:42:23",42.504257,-71.24351,72.00,42.44,0.00,28.89
"Jun 26 2009 13:42:24",42.504265,-71.2435,72.00,42.44,11.00,28.89
"Jun 26 2009 13:42:25",42.504265,-71.2435,72.00,41.05,0.00,28.44
"Jun 26 2009 13:42:26",42.504272,-71.2435,72.00,42.44,54.00,28.44
"Jun 26 2009 13:42:27",42.504265,-71.24351,72.00,42.44,0.00,28.44
"Jun 26 2009 13:42:28",42.504265,-71.24351,72.00,42.44,0.00,28.44
"Jun 26 2009 13:42:29",42.504265,-71.2435,72.00,42.44,0.00,28.44
"Jun 26 2009 13:42:30",42.504265,-71.2435,72.00,41.05,0.00,28.44
"Jun 26 2009 13:42:31",42.504265,-71.2435,72.00,41.05,0.00,27.99
"Jun 26 2009 13:42:32",42.504265,-71.2435,72.00,42.44,0.00,27.99
"Jun 26 2009 13:42:33",42.504265,-71.2435,72.00,42.44,14.00,27.99
"Jun 26 2009 13:42:35",42.504265,-71.24349,72.00,41.05,0.00,27.99
"Jun 26 2009 13:42:36",42.504265,-71.24349,72.00,41.05,0.00,27.99
"Jun 26 2009 13:42:37",42.504265,-71.24349,72.00,41.05,0.00,27.54
"Jun 26 2009 13:42:38",42.504265,-71.24349,72.00,42.44,0.00,27.54
"Jun 26 2009 13:42:39",42.504265,-71.24349,72.00,41.05,13.00,27.54
"Jun 26 2009 13:42:40",42.504265,-71.243484,72.00,41.05,0.00,27.54
"Jun 26 2009 13:42:41",42.504265,-71.243484,72.00,41.05,0.00,27.54
"Jun 26 2009 13:42:42",42.504265,-71.243484,72.00,41.05,0.00,27.54
"Jun 26 2009 13:42:43",42.504265,-71.243484,72.00,41.05,0.00,27.54
"Jun 26 2009 13:42:44",42.504265,-71.243484,72.00,41.05,0.00,27.10
"Jun 26 2009 13:42:45",42.504265,-71.243484,71.00,41.05,0.00,27.10
"Jun 26 2009 13:42:46",42.504265,-71.243484,71.00,41.05,61.00,27.10
"Jun 26 2009 13:42:47",42.504265,-71.243484,71.00,41.05,11.00,27.10
"Jun 26 2009 13:42:49",42.504265,-71.243484,71.00,41.05,0.00,27.10
"Jun 26 2009 13:42:50",42.50428,-71.24349,71.00,41.05,0.00,26.65
"Jun 26 2009 13:42:51",42.50428,-71.24351,71.00,41.05,40.00,26.65
"Jun 26 2009 13:42:52",42.504295,-71.24353,71.00,41.05,0.00,26.65
"Jun 26 2009 13:42:53",42.50428,-71.243546,72.00,41.05,5.00,26.65
"Jun 26 2009 13:42:54",42.50428,-71.243546,71.00,41.05,0.00,26.65
"Jun 26 2009 13:42:55",42.50428,-71.24355,71.00,41.05,0.00,26.65
"Jun 26 2009 13:42:56",42.504272,-71.24357,71.00,41.05,8.00,26.20
"Jun 26 2009 13:42:57",42.504272,-71.24358,71.00,41.05,0.00,26.20
"Jun 26 2009 13:42:58",42.504265,-71.243614,71.00,41.05,0.00,26.20
"Jun 26 2009 13:42:59",42.504272,-71.24362,71.00,41.05,0.00,26.20
"Jun 26 2009 13:43:00",42.504265,-71.243645,71.00,41.05,18.00,26.20
"Jun 26 2009 13:43:01",42.504265,-71.24366,71.00,41.05,0.00,26.20
"Jun 26 2009 13:43:03",42.504257,-71.24369,71.00,39.67,0.00,26.20
"Jun 26 2009 13:43:04",42.504257,-71.2437,71.00,39.67,0.00,26.20
"Jun 26 2009 13:43:05",42.504265,-71.243706,71.00,39.67,10.00,26.20
"Jun 26 2009 13:43:06",42.504265,-71.24373,71.00,39.67,0.00,26.20
"Jun 26 2009 13:43:07",42.504265,-71.243744,71.00,39.67,7.00,25.75
"Jun 26 2009 13:43:08",42.504257,-71.24376,71.00,39.67,0.00,25.75
"Jun 26 2009 13:43:09",42.50425,-71.243774,71.00,39.67,27.00,25.75
"Jun 26 2009 13:43:10",42.50424,-71.2438,71.00,39.67,0.00,25.75
"Jun 26 2009 13:43:11",42.50424,-71.24381,71.00,39.67,14.00,25.75
"Jun 26 2009 13:43:12",42.50424,-71.24384,71.00,39.67,0.00,25.75
"Jun 26 2009 13:43:13",42.50424,-71.24386,70.00,39.67,0.00,25.75
"Jun 26 2009 13:43:14",42.50424,-71.24386,70.00,39.67,0.00,25.75
"Jun 26 2009 13:43:15",42.50425,-71.24387,70.00,39.67,0.00,25.75
"Jun 26 2009 13:43:17",42.504257,-71.243935,70.00,39.67,0.00,25.75
"Jun 26 2009 13:43:18",42.504257,-71.24394,70.00,39.67,0.00,25.75
"Jun 26 2009 13:43:19",42.504265,-71.243965,70.00,39.67,0.00,25.75
"Jun 26 2009 13:43:20",42.504288,-71.24395,70.00,39.67,0.00,25.75
"Jun 26 2009 13:43:21",42.504307,-71.243965,69.00,39.67,0.00,25.75
"Jun 26 2009 13:43:22",42.504314,-71.243996,69.00,39.67,0.00,25.75
"Jun 26 2009 13:43:23",42.504307,-71.24401,69.00,39.67,0.00,25.30
"Jun 26 2009 13:43:24",42.504307,-71.24402,69.00,39.67,0.00,25.30
"Jun 26 2009 13:43:25",42.504307,-71.244026,69.00,39.67,0.00,25.30
"Jun 26 2009 13:43:26",42.504307,-71.24403,69.00,39.67,14.00,25.30
"Jun 26 2009 13:43:27",42.50428,-71.24399,69.00,39.67,0.00,25.30
"Jun 26 2009 13:43:28",42.50425,-71.243996,69.00,39.67,0.00,25.30
"Jun 26 2009 13:43:29",42.504223,-71.24402,69.00,39.67,0.00,25.30
"Jun 26 2009 13:43:31",42.50425,-71.24404,70.00,39.67,0.00,25.30
"Jun 26 2009 13:43:32",42.504272,-71.244064,70.00,38.29,32.00,25.30
"Jun 26 2009 13:43:33",42.50428,-71.244064,70.00,39.67,0.00,25.30
"Jun 26 2009 13:43:34",42.504288,-71.244095,70.00,39.67,0.00,25.30
"Jun 26 2009 13:43:35",42.504288,-71.24411,71.00,39.67,0.00,25.30
"Jun 26 2009 13:43:36",42.50428,-71.24413,71.00,38.29,0.00,25.30
"Jun 26 2009 13:43:37",42.504265,-71.24415,71.00,38.29,0.00,25.30
"Jun 26 2009 13:43:38",42.504257,-71.244156,71.00,38.29,0.00,25.30
"Jun 26 2009 13:43:39",42.50424,-71.24419,71.00,39.67,0.00,25.30
"Jun 26 2009 13:43:40",42.504215,-71.24422,71.00,38.29,0.00,25.30
"Jun 26 2009 13:43:41",42.504208,-71.24423,70.00,39.67,0.00,25.30
"Jun 26 2009 13:43:42",42.5042,-71.24425,70.00,38.29,0.00,25.30
"Jun 26 2009 13:43:43",42.504192,-71.24428,69.00,39.67,0.00,25.30
"Jun 26 2009 13:43:45",42.504158,-71.24433,69.00,38.29,0.00,25.30
"Jun 26 2009 13:43:46",42.504143,-71.24431,69.00,38.29,0.00,25.30
"Jun 26 2009 13:43:47",42.504128,-71.24431,60.00,38.29,0.00,25.30
"Jun 26 2009 13:43:48",42.50411,-71.244286,16.00,38.29,0.00,24.85
"Jun 26 2009 13:43:49",42.504093,-71.244255,9.00,38.29,0.00,24.85
"Jun 26 2009 13:43:50",42.504063,-71.24424,7.00,38.29,0.00,24.85
"Jun 26 2009 13:43:51",42.504044,-71.24425,12.00,38.29,0.00,24.85
"Jun 26 2009 13:43:52",42.50402,-71.24425,23.00,39.67,0.00,24.85
"Jun 26 2009 13:43:53",42.503994,-71.24424,56.00,38.29,0.00,24.85
"Jun 26 2009 13:43:54",42.50398,-71.244225,29.00,38.29,0.00,24.40
"Jun 26 2009 13:43:55",42.503963,-71.24421,6.00,38.29,0.00,24.40
"Jun 26 2009 13:43:56",42.50395,-71.24419,8.00,38.29,0.00,24.40
"Jun 26 2009 13:43:57",42.50393,-71.24417,8.00,38.29,0.00,24.40
"Jun 26 2009 13:43:59",42.503906,-71.24413,3.00,39.67,1.00,23.95
"Jun 26 2009 13:44:00",42.503906,-71.24413,4.00,38.29,0.00,23.95
"Jun 26 2009 13:44:01",42.503906,-71.24413,1.00,38.29,0.00,23.95
"Jun 26 2009 13:44:02",42.503906,-71.24413,1.00,38.29,0.00,23.50
"Jun 26 2009 13:44:03",42.503906,-71.24413,1.00,38.29,0.00,23.50
"Jun 26 2009 13:44:04",42.503906,-71.24413,0.00,38.29,0.00,23.50
"Jun 26 2009 13:44:05",42.503906,-71.24413,0.00,38.29,5.00,23.50
"Jun 26 2009 13:44:06",42.503906,-71.24413,0.00,38.29,20.00,23.05
"Jun 26 2009 13:44:07",42.503906,-71.24413,2.00,38.29,0.00,23.05
"Jun 26 2009 13:44:08",42.503906,-71.24413,4.00,38.29,0.00,23.05
"Jun 26 2009 13:44:09",42.503906,-71.24413,7.00,38.29,0.00,23.05
"Jun 26 2009 13:44:10",42.503906,-71.24413,6.00,38.29,27.00,22.60
"Jun 26 2009 13:44:12",42.503906,-71.24413,7.00,38.29,0.00,22.60
"Jun 26 2009 13:44:13",42.503906,-71.24413,1.00,38.29,0.00,22.60
"Jun 26 2009 13:44:14",42.503906,-71.24413,0.00,38.29,0.00,22.15
"Jun 26 2009 13:44:15",42.503906,-71.24413,0.00,38.29,0.00,20.35
"Jun 26 2009 13:44:16",42.503906,-71.24413,0.00,38.29,0.00,17.20
"Jun 26 2009 13:44:17",42.503906,-71.24413,1.00,38.29,50.00,15.40
"Jun 26 2009 13:44:18",42.503906,-71.24413,4.00,38.29,0.00,13.60
"Jun 26 2009 13:44:19",42.503906,-71.24413,7.00,38.29,0.00,11.80
"Jun 26 2009 13:44:20",42.503906,-71.24413,7.00,38.29,0.00,10.45
"Jun 26 2009 13:44:21",42.503906,-71.24413,8.00,38.29,7.00,9.10
"Jun 26 2009 13:44:22",42.503906,-71.24413,7.00,38.29,0.00,8.20
"Jun 26 2009 13:44:23",42.503906,-71.24413,4.00,38.29,0.00,7.30
"Jun 26 2009 13:44:24",42.503906,-71.24413,7.00,38.29,0.00,6.85
"Jun 26 2009 13:44:26",42.503906,-71.24413,7.00,36.90,0.00,5.95
"Jun 26 2009 13:44:27",42.503906,-71.24413,7.00,36.90,14.00,5.50
"Jun 26 2009 13:44:28",42.503906,-71.24413,7.00,38.29,0.00,4.61
"Jun 26 2009 13:44:29",42.503906,-71.24413,7.00,36.90,0.00,4.16
"Jun 26 2009 13:44:30",42.503906,-71.24413,7.00,38.29,0.00,3.71
"Jun 26 2009 13:44:31",42.503906,-71.24413,8.00,38.29,0.00,3.26
"Jun 26 2009 13:44:32",42.503906,-71.24413,8.00,38.29,0.00,2.81
"Jun 26 2009 13:44:33",42.503906,-71.24413,8.00,36.90,0.00,2.36
"Jun 26 2009 13:44:34",42.503906,-71.24413,8.00,36.90,0.00,2.36
"Jun 26 2009 13:44:35",42.503906,-71.24413,8.00,38.29,14.00,1.91
"Jun 26 2009 13:44:36",42.503906,-71.24413,7.00,38.29,0.00,1.46
"Jun 26 2009 13:44:37",42.503906,-71.24413,4.00,36.90,0.00,1.46
"Jun 26 2009 13:44:38",42.503906,-71.24413,7.00,36.90,51.00,1.01
"Jun 26 2009 13:44:40",42.503906,-71.24413,7.00,36.90,0.00,0.56
"Jun 26 2009 13:44:41",42.503906,-71.24413,7.00,36.90,0.00,0.56
"Jun 26 2009 13:44:42",42.503906,-71.24413,7.00,38.29,0.00,0.11
"Jun 26 2009 13:44:43",42.503906,-71.24413,8.00,38.29,0.00,0.11
"Jun 26 2009 13:44:44",42.503906,-71.24413,8.00,36.90,0.00,-0.34
"Jun 26 2009 13:44:45",42.503906,-71.24413,8.00,36.90,0.00,-0.34
"Jun 26 2009 13:44:46",42.503906,-71.24413,8.00,38.29,0.00,-0.79
"Jun 26 2009 13:44:47",42.503906,-71.24413,8.00,36.90,0.00,-0.79
"Jun 26 2009 13:44:48",42.503906,-71.24413,8.00,36.90,0.00,-0.79
"Jun 26 2009 13:44:49",42.503906,-71.24413,8.00,36.90,0.00,-1.24
"Jun 26 2009 13:44:50",42.503906,-71.24413,8.00,36.90,0.00,-1.24
"Jun 26 2009 13:44:51",42.503906,-71.24413,9.00,36.90,0.00,-1.24
"Jun 26 2009 13:44:52",42.503906,-71.24413,9.00,36.90,0.00,-1.69
"Jun 26 2009 13:44:54",42.503906,-71.24413,9.00,36.90,0.00,-1.69
"Jun 26 2009 13:44:55",42.503906,-71.24413,9.00,36.90,0.00,-1.69
"Jun 26 2009 13:44:56",42.503906,-71.24413,9.00,36.90,0.00,-1.69
"Jun 26 2009 13:44:57",42.503906,-71.24413,10.00,36.90,0.00,-2.14
"Jun 26 2009 13:44:58",42.503906,-71.24413,10.00,36.90,0.00,-2.14
"Jun 26 2009 13:44:59",42.503906,-71.24413,10.00,36.90,0.00,-2.14
"Jun 26 2009 13:45:00",42.503906,-71.24413,10.00,38.29,0.00,-2.14
"Jun 26 2009 13:45:01",42.503906,-71.24413,5.00,36.90,27.00,-2.59
"Jun 26 2009 13:45:02",42.503906,-71.24413,4.00,36.90,0.00,-2.59
"Jun 26 2009 13:45:03",42.503906,-71.24413,4.00,36.90,0.00,-2.59
"Jun 26 2009 13:45:04",42.503906,-71.24413,0.00,36.90,0.00,-2.14
"Jun 26 2009 13:45:05",42.503906,-71.24413,0.00,36.90,10.00,-0.79
"Jun 26 2009 13:45:06",42.503906,-71.24413,1.00,36.90,0.00,0.11
"Jun 26 2009 13:45:08",42.503906,-71.24413,1.00,36.90,0.00,0.56
"Jun 26 2009 13:45:09",42.503906,-71.24413,1.00,36.90,0.00,1.91
"Jun 26 2009 13:45:10",42.503906,-71.24413,1.00,36.90,0.00,2.36
"Jun 26 2009 13:45:11",42.503906,-71.24413,0.00,36.90,0.00,3.26
"Jun 26 2009 13:45:12",42.503906,-71.24413,1.00,36.90,0.00,3.71
"Jun 26 2009 13:45:13",42.503906,-71.24413,1.00,36.90,0.00,4.16
"Jun 26 2009 13:45:14",42.503906,-71.24413,0.00,36.90,24.00,4.61
"Jun 26 2009 13:45:15",42.503906,-71.24413,1.00,36.90,0.00,5.06
"Jun 26 2009 13:45:16",42.503906,-71.24413,0.00,36.90,0.00,5.50
"Jun 26 2009 13:45:17",42.503906,-71.24413,0.00,36.90,5.00,5.95
"Jun 26 2009 13:45:18",42.503906,-71.24413,0.00,36.90,0.00,6.40
"Jun 26 2009 13:45:19",42.503906,-71.24413,0.00,36.90,0.00,6.85
"Jun 26 2009 13:45:20",42.503906,-71.24413,0.00,36.90,0.00,7.30
"Jun 26 2009 13:45:22",42.503906,-71.24413,0.00,36.90,0.00,7.30
"Jun 26 2009 13:45:23",42.503906,-71.24413,0.00,36.90,0.00,7.75
"Jun 26 2009 13:45:24",42.503906,-71.24413,0.00,36.90,0.00,8.20
"Jun 26 2009 13:45:25",42.503906,-71.24413,0.00,36.90,63.00,8.20
"Jun 26 2009 13:45:26",42.503906,-71.24413,0.00,36.90,0.00,8.65
"Jun 26 2009 13:45:27",42.503906,-71.24413,0.00,36.90,40.00,8.65
"Jun 26 2009 13:45:28",42.503906,-71.24413,2.00,36.90,0.00,9.10
"Jun 26 2009 13:45:29",42.503906,-71.24413,9.00,36.90,0.00,9.10
"Jun 26 2009 13:45:30",42.503906,-71.24413,1.00,36.90,0.00,9.55
"Jun 26 2009 13:45:31",42.503906,-71.24413,5.00,36.90,0.00,9.55
"Jun 26 2009 13:45:32",42.503906,-71.24413,10.00,36.90,0.00,10.00
"Jun 26 2009 13:45:33",42.503906,-71.24413,8.00,36.90,0.00,10.00
"Jun 26 2009 13:45:34",42.503906,-71.24413,1.00,35.52,0.00,10.45
"Jun 26 2009 13:45:36",42.503906,-71.24413,0.00,36.90,89.00,10.45
"Jun 26 2009 13:45:37",42.503906,-71.24413,4.00,36.90,13.00,10.90
"Jun 26 2009 13:45:38",42.503906,-71.24413,6.00,36.90,28.00,10.90
"Jun 26 2009 13:45:39",42.503906,-71.24413,16.00,35.52,0.00,10.90
"Jun 26 2009 13:45:40",42.503906,-71.24413,17.00,35.52,0.00,11.35
"Jun 26 2009 13:45:41",42.503906,-71.24413,17.00,35.52,0.00,11.35
"Jun 26 2009 13:45:42",42.503906,-71.24413,18.00,35.52,40.00,11.35
"Jun 26 2009 13:45:43",42.503906,-71.24413,19.00,36.90,32.00,11.35
