time,lat,lon,light,temp,sound,ext
"Jun 26 2009 13:37:17",42.504353,-71.244194,76.00,20.29,0.00,24.40
"Jun 26 2009 13:37:18",42.50436,-71.24419,76.00,20.29,72.00,24.40
"Jun 26 2009 13:37:19",42.50436,-71.24419,76.00,20.29,46.00,24.40
"Jun 26 2009 13:37:20",42.504353,-71.24418,76.00,20.29,38.00,24.40
"Jun 26 2009 13:37:21",42.504353,-71.24418,76.00,20.29,0.00,24.40
"Jun 26 2009 13:37:23",42.504337,-71.24418,76.00,20.29,0.00,24.85
"Jun 26 2009 13:37:24",42.504337,-71.24418,76.00,20.29,0.00,24.40
"Jun 26 2009 13:37:25",42.504353,-71.24417,76.00,20.29,0.00,24.40
"Jun 26 2009 13:37:26",42.504337,-71.24418,76.00,20.29,0.00,24.40
"Jun 26 2009 13:37:27",42.504337,-71.24419,76.00,20.29,0.00,24.40
"Jun 26 2009 13:37:28",42.50433,-71.244194,76.00,20.29,0.00,24.40
"Jun 26 2009 13:37:29",42.504307,-71.24422,76.00,20.29,0.00,24.40
"Jun 26 2009 13:37:30",42.504295,-71.24423,76.00,20.29,0.00,24.40
"Jun 26 2009 13:37:31",42.50428,-71.24423,76.00,20.29,0.00,24.40
"Jun 26 2009 13:37:32",42.504265,-71.24426,76.00,20.29,40.00,24.40
"Jun 26 2009 13:37:33",42.504257,-71.24428,76.00,20.29,0.00,24.40
"Jun 26 2009 13:37:34",42.50423,-71.2443,76.00,20.29,0.00,24.40
"Jun 26 2009 13:37:35",42.504215,-71.24434,76.00,20.29,31.00,24.40
"Jun 26 2009 13:37:36",42.504192,-71.24436,76.00,20.29,0.00,24.40
"Jun 26 2009 13:37:38",42.504158,-71.24439,76.00,20.29,0.00,24.40
"Jun 26 2009 13:37:39",42.504158,-71.244415,76.00,20.29,0.00,24.40
"Jun 26 2009 13:37:40",42.504158,-71.244415,76.00,20.29,4.00,24.40
"Jun 26 2009 13:37:41",42.50415,-71.24441,72.00,20.29,0.00,24.40
"Jun 26 2009 13:37:42",42.504143,-71.24439,11.00,20.29,0.00,24.40
"Jun 26 2009 13:37:43",42.50415,-71.24439,8.00,20.29,18.00,24.40
"Jun 26 2009 13:37:44",42.504158,-71.24438,7.00,20.29,0.00,24.40
"Jun 26 2009 13:37:45",42.504166,-71.24437,13.00,20.29,0.00,24.40
"Jun 26 2009 13:37:46",42.504166,-71.24435,76.00,20.29,0.00,24.40
"Jun 26 2009 13:37:47",42.504185,-71.24433,76.00,20.29,0.00,24.85
"Jun 26 2009 13:37:48",42.504166,-71.244354,76.00,20.29,0.00,24.85
"Jun 26 2009 13:37:49",42.504158,-71.24438,76.00,20.29,0.00,24.85
"Jun 26 2009 13:37:50",42.504143,-71.24439,76.00,20.29,0.00,24.85
"Jun 26 2009 13:37:52",42.504116,-71.24442,76.00,20.29,0.00,24.85
"Jun 26 2009 13:37:53",42.50411,-71.24443,76.00,20.29,43.00,24.85
"Jun 26 2009 13:37:54",42.504093,-71.24445,76.00,20.29,0.00,24.85
"Jun 26 2009 13:37:55",42.504086,-71.24445,76.00,20.29,0.00,24.85
"Jun 26 2009 13:37:56",42.504078,-71.24445,76.00,20.29,0.00,24.85
"Jun 26 2009 13:37:57",42.50407,-71.24447,76.00,20.29,0.00,24.85
"Jun 26 2009 13:37:58",42.50407,-71.24449,76.00,20.29,0.00,24.85
"Jun 26 2009 13:37:59",42.504063,-71.24449,76.00,20.29,0.00,24.85
"Jun 26 2009 13:38:00",42.50407,-71.2445,76.00,20.29,0.00,24.85
"Jun 26 2009 13:38:01",42.504078,-71.24451,76.00,20.29,18.00,24.85
"Jun 26 2009 13:38:02",42.504078,-71.24451,76.00,20.29,0.00,24.85
"Jun 26 2009 13:38:03",42.504086,-71.244514,76.00,20.29,0.00,25.30
"Jun 26 2009 13:38:04",42.504086,-71.244514,76.00,20.29,0.00,25.30
"Jun 26 2009 13:38:05",42.5041,-71.24451,76.00,20.29,0.00,24.85
"Jun 26 2009 13:38:07",42.504116,-71.24451,76.00,20.29,0.00,24.85
"Jun 26 2009 13:38:08",42.504128,-71.244514,76.00,20.29,31.00,25.30
"Jun 26 2009 13:38:09",42.504135,-71.244514,76.00,20.29,0.00,25.30
"Jun 26 2009 13:38:10",42.504143,-71.24452,76.00,20.29,0.00,25.30
"Jun 26 2009 13:38:11",42.50415,-71.24453,76.00,20.29,0.00,24.85
"Jun 26 2009 13:38:12",42.50415,-71.24453,76.00,20.29,3.00,25.30
"Jun 26 2009 13:38:13",42.50415,-71.24453,76.00,20.29,0.00,25.30
"Jun 26 2009 13:38:14",42.504158,-71.24454,76.00,20.29,0.00,25.30
"Jun 26 2009 13:38:15",42.504166,-71.24454,76.00,20.29,0.00,25.30
"Jun 26 2009 13:38:16",42.504166,-71.24454,76.00,20.29,0.00,25.30
"Jun 26 2009 13:38:17",42.504166,-71.24454,76.00,20.29,0.00,25.30
"Jun 26 2009 13:38:18",42.504166,-71.24454,76.00,20.29,0.00,25.30
"Jun 26 2009 13:38:19",42.504166,-71.244545,76.00,20.29,0.00,25.30
"Jun 26 2009 13:38:20",42.504166,-71.244545,76.00,20.29,34.00,25.30
"Jun 26 2009 13:38:22",42.504166,-71.24455,76.00,20.29,0.00,25.30
"Jun 26 2009 13:38:23",42.504166,-71.24455,76.00,20.29,0.00,25.30
"Jun 26 2009 13:38:24",42.504166,-71.24455,76.00,20.29,0.00,25.30
"Jun 26 2009 13:38:25",42.504166,-71.24455,76.00,20.29,18.00,25.30
"Jun 26 2009 13:38:26",42.504166,-71.24455,76.00,20.29,22.00,25.30
"Jun 26 2009 13:38:27",42.504166,-71.24455,76.00,20.29,0.00,25.30
"Jun 26 2009 13:38:28",42.504166,-71.24455,76.00,20.29,0.00,25.30
"Jun 26 2009 13:38:29",42.504166,-71.24455,76.00,20.29,0.00,25.30
"Jun 26 2009 13:38:30",42.504166,-71.24455,76.00,20.29,0.00,25.30
"Jun 26 2009 13:38:31",42.504166,-71.24455,76.00,20.29,0.00,25.30
"Jun 26 2009 13:38:32",42.504166,-71.24455,76.00,20.29,15.00,25.30
"Jun 26 2009 13:38:33",42.504166,-71.24455,76.00,20.29,0.00,25.30
"Jun 26 2009 13:38:34",42.504166,-71.24455,76.00,20.29,0.00,25.30
"Jun 26 2009 13:38:36",42.504166,-71.24455,76.00,20.29,0.00,25.30
"Jun 26 2009 13:38:37",42.504166,-71.24455,76.00,20.29,0.00,25.30
"Jun 26 2009 13:38:38",42.504166,-71.24455,76.00,20.29,0.00,25.30
"Jun 26 2009 13:38:39",42.504272,-71.244354,76.00,20.29,0.00,25.30
"Jun 26 2009 13:38:40",42.50433,-71.24444,76.00,20.29,0.00,25.30
"Jun 26 2009 13:38:41",42.50433,-71.244514,76.00,20.29,0.00,25.30
"Jun 26 2009 13:38:42",42.504337,-71.24455,76.00,20.29,0.00,25.30
"Jun 26 2009 13:38:43",42.504345,-71.244606,76.00,20.29,0.00,25.30
"Jun 26 2009 13:38:44",42.504353,-71.24465,76.00,20.29,0.00,25.30
"Jun 26 2009 13:38:45",42.50437,-71.24468,76.00,20.29,10.00,25.30
"Jun 26 2009 13:38:46",42.504387,-71.24476,76.00,20.29,0.00,25.30
"Jun 26 2009 13:38:47",42.504395,-71.24477,76.00,20.29,0.00,25.30
"Jun 26 2009 13:38:48",42.50441,-71.244804,76.00,20.29,0.00,25.30
"Jun 26 2009 13:38:49",42.50443,-71.244835,76.00,20.29,0.00,25.30
"Jun 26 2009 13:38:51",42.50441,-71.24464,76.00,20.29,0.00,25.30
"Jun 26 2009 13:38:52",42.504402,-71.244514,76.00,20.29,0.00,25.30
"Jun 26 2009 13:38:53",42.504417,-71.24452,76.00,20.29,0.00,25.30
"Jun 26 2009 13:38:54",42.50443,-71.24453,76.00,20.29,0.00,25.30
"Jun 26 2009 13:38:55",42.504436,-71.24453,76.00,20.29,0.00,25.30
"Jun 26 2009 13:38:56",42.504436,-71.24454,76.00,20.29,0.00,25.30
"Jun 26 2009 13:38:57",42.504444,-71.24454,76.00,20.29,0.00,25.30
"Jun 26 2009 13:38:58",42.50445,-71.24455,76.00,20.29,0.00,25.30
"Jun 26 2009 13:38:59",42.50446,-71.244576,76.00,20.29,0.00,25.30
"Jun 26 2009 13:39:00",42.504467,-71.24459,76.00,20.29,0.00,25.30
"Jun 26 2009 13:39:01",42.504467,-71.24461,76.00,20.29,0.00,25.30
"Jun 26 2009 13:39:02",42.504475,-71.24463,76.00,20.29,0.00,25.30
"Jun 26 2009 13:39:03",42.504482,-71.24465,76.00,20.29,0.00,25.30
"Jun 26 2009 13:39:05",42.50451,-71.24467,76.00,20.29,0.00,25.30
"Jun 26 2009 13:39:06",42.504517,-71.24468,76.00,20.29,0.00,25.30
"Jun 26 2009 13:39:07",42.504517,-71.24467,76.00,20.29,0.00,25.30
"Jun 26 2009 13:39:08",42.504524,-71.244675,76.00,20.29,0.00,25.30
"Jun 26 2009 13:39:09",42.50453,-71.24466,76.00,20.29,0.00,25.75
"Jun 26 2009 13:39:10",42.50454,-71.244644,76.00,20.29,0.00,25.75
"Jun 26 2009 13:39:11",42.50456,-71.244644,76.00,20.29,7.00,25.75
"Jun 26 2009 13:39:12",42.504574,-71.244644,76.00,20.29,0.00,25.75
"Jun 26 2009 13:39:13",42.50458,-71.24465,76.00,20.29,7.00,25.75
"Jun 26 2009 13:39:14",42.50458,-71.24466,75.00,20.29,0.00,25.75
"Jun 26 2009 13:39:15",42.50458,-71.24466,76.00,20.29,0.00,25.75
"Jun 26 2009 13:39:16",42.504604,-71.24467,76.00,20.29,0.00,25.75
"Jun 26 2009 13:39:17",42.504623,-71.244675,76.00,20.29,0.00,25.75
"Jun 26 2009 13:39:18",42.50464,-71.24468,76.00,20.29,0.00,25.75
"Jun 26 2009 13:39:20",42.50466,-71.24472,75.00,20.29,0.00,25.75
"Jun 26 2009 13:39:21",42.50466,-71.24473,75.00,20.29,0.00,25.75
"Jun 26 2009 13:39:22",42.50468,-71.24473,75.00,20.29,0.00,25.75
"Jun 26 2009 13:39:23",42.50469,-71.24472,76.00,20.29,0.00,25.30
"Jun 26 2009 13:39:24",42.504704,-71.24472,75.00,20.29,5.00,25.75
"Jun 26 2009 13:39:25",42.50471,-71.24471,75.00,20.29,0.00,25.75
"Jun 26 2009 13:39:26",42.504726,-71.244705,75.00,20.29,0.00,26.65
"Jun 26 2009 13:39:27",42.504726,-71.24471,75.00,20.29,0.00,27.10
"Jun 26 2009 13:39:28",42.504738,-71.24471,75.00,20.29,10.00,27.54
"Jun 26 2009 13:39:29",42.504745,-71.24472,75.00,20.29,0.00,27.54
"Jun 26 2009 13:39:30",42.504753,-71.24473,75.00,20.29,4.00,27.99
"Jun 26 2009 13:39:31",42.50476,-71.244736,75.00,20.29,0.00,27.99
"Jun 26 2009 13:39:32",42.50477,-71.244736,76.00,20.29,0.00,27.99
"Jun 26 2009 13:39:33",42.504776,-71.24473,76.00,20.29,0.00,28.44
"Jun 26 2009 13:39:35",42.504795,-71.24473,76.00,20.29,13.00,28.44
"Jun 26 2009 13:39:36",42.504795,-71.24473,76.00,20.29,0.00,28.44
"Jun 26 2009 13:39:37",42.504795,-71.244736,75.00,20.29,0.00,28.44
"Jun 26 2009 13:39:38",42.504795,-71.24474,76.00,20.29,7.00,28.44
"Jun 26 2009 13:39:39",42.504795,-71.24475,76.00,20.29,0.00,28.44
"Jun 26 2009 13:39:40",42.504803,-71.24476,76.00,20.29,0.00,27.99
"Jun 26 2009 13:39:41",42.504803,-71.244774,76.00,20.29,0.00,27.54
"Jun 26 2009 13:39:42",42.50481,-71.244774,76.00,20.29,0.00,27.54
"Jun 26 2009 13:39:43",42.50481,-71.24479,76.00,20.29,5.00,27.10
"Jun 26 2009 13:39:44",42.50481,-71.2448,76.00,20.29,0.00,26.65
"Jun 26 2009 13:39:45",42.50481,-71.244804,76.00,20.29,0.00,26.65
"Jun 26 2009 13:39:46",42.504818,-71.24483,76.00,20.29,5.00,26.65
"Jun 26 2009 13:39:47",42.504818,-71.24485,76.00,20.29,0.00,26.20
"Jun 26 2009 13:39:49",42.504833,-71.244896,76.00,20.29,0.00,26.20
"Jun 26 2009 13:39:50",42.50484,-71.24491,76.00,20.29,0.00,26.20
"Jun 26 2009 13:39:51",42.504868,-71.24492,76.00,20.29,1.00,26.20
"Jun 26 2009 13:39:52",42.504875,-71.24494,76.00,20.29,0.00,26.20
"Jun 26 2009 13:39:53",42.504883,-71.24494,75.00,20.29,0.00,25.75
"Jun 26 2009 13:39:54",42.50489,-71.24494,75.00,20.29,16.00,25.75
"Jun 26 2009 13:39:55",42.50489,-71.24494,75.00,20.29,0.00,25.75
"Jun 26 2009 13:39:56",42.504898,-71.24493,75.00,20.29,0.00,25.75
"Jun 26 2009 13:39:57",42.504906,-71.24491,75.00,20.29,0.00,25.75
"Jun 26 2009 13:39:58",42.504925,-71.244896,76.00,20.29,0.00,25.75
"Jun 26 2009 13:39:59",42.504932,-71.244896,76.00,20.29,0.00,25.75
"Jun 26 2009 13:40:00",42.504948,-71.24489,63.00,20.29,0.00,25.75
"Jun 26 2009 13:40:01",42.504948,-71.2449,15.00,20.29,0.00,25.75
"Jun 26 2009 13:40:02",42.504955,-71.24491,63.00,21.67,3.00,25.75
"Jun 26 2009 13:40:04",42.50497,-71.24494,76.00,20.29,15.00,25.75
"Jun 26 2009 13:40:05",42.504982,-71.24493,76.00,20.29,0.00,25.75
"Jun 26 2009 13:40:06",42.504982,-71.24493,76.00,20.29,0.00,25.75
"Jun 26 2009 13:40:07",42.50499,-71.24493,76.00,20.29,0.00,25.75
"Jun 26 2009 13:40:08",42.505005,-71.24493,76.00,20.29,0.00,25.75
"Jun 26 2009 13:40:09",42.505013,-71.24492,76.00,20.29,0.00,25.75
"Jun 26 2009 13:40:10",42.50502,-71.24492,76.00,20.29,0.00,25.75
"Jun 26 2009 13:40:11",42.505028,-71.24492,76.00,20.29,0.00,25.75
"Jun 26 2009 13:40:12",42.505028,-71.24493,76.00,20.29,0.00,25.75
"Jun 26 2009 13:40:13",42.505047,-71.24493,76.00,20.29,0.00,25.75
"Jun 26 2009 13:40:14",42.505054,-71.24494,76.00,20.29,0.00,25.75
"Jun 26 2009 13:40:15",42.505054,-71.24493,76.00,20.29,0.00,25.30
"Jun 26 2009 13:40:16",42.505062,-71.24494,76.00,20.29,0.00,25.30
"Jun 26 2009 13:40:17",42.505077,-71.24495,76.00,20.29,0.00,25.30
"Jun 26 2009 13:40:19",42.505093,-71.24496,76.00,20.29,0.00,25.30
"Jun 26 2009 13:40:20",42.505104,-71.24496,76.00,20.29,0.00,25.30
"Jun 26 2009 13:40:21",42.50512,-71.244965,76.00,20.29,0.00,25.30
"Jun 26 2009 13:40:22",42.505135,-71.24497,76.00,20.29,0.00,25.30
"Jun 26 2009 13:40:23",42.505142,-71.24498,76.00,20.29,4.00,25.30
"Jun 26 2009 13:40:24",42.50515,-71.24498,76.00,20.29,16.00,25.30
"Jun 26 2009 13:40:25",42.50516,-71.24498,76.00,20.29,2.00,25.30
"Jun 26 2009 13:40:26",42.50517,-71.24498,76.00,21.67,20.00,25.30
"Jun 26 2009 13:40:27",42.505184,-71.24498,76.00,20.29,0.00,25.30
"Jun 26 2009 13:40:28",42.50519,-71.24499,76.00,20.29,0.00,25.30
"Jun 26 2009 13:40:29",42.5052,-71.245,76.00,21.67,0.00,25.30
"Jun 26 2009 13:40:30",42.505207,-71.245,76.00,20.29,0.00,25.30
"Jun 26 2009 13:40:31",42.505215,-71.245,76.00,20.29,0.00,25.30
"Jun 26 2009 13:40:32",42.505234,-71.244995,76.00,20.29,0.00,25.30
"Jun 26 2009 13:40:34",42.50524,-71.24501,75.00,20.29,0.00,25.30
"Jun 26 2009 13:40:35",42.505257,-71.24503,75.00,20.29,0.00,25.30
"Jun 26 2009 13:40:36",42.505257,-71.24504,74.00,20.29,9.00,25.30
"Jun 26 2009 13:40:37",42.505257,-71.24503,74.00,20.29,0.00,25.30
"Jun 26 2009 13:40:38",42.505257,-71.245026,74.00,20.29,0.00,25.30
"Jun 26 2009 13:40:39",42.505264,-71.24501,76.00,20.29,0.00,25.30
"Jun 26 2009 13:40:40",42.505272,-71.24502,76.00,20.29,0.00,25.30
"Jun 26 2009 13:40:41",42.505283,-71.245026,76.00,20.29,0.00,25.30
"Jun 26 2009 13:40:42",42.505272,-71.24503,76.00,21.67,0.00,25.75
"Jun 26 2009 13:40:43",42.505272,-71.24504,76.00,20.29,14.00,25.30
"Jun 26 2009 13:40:44",42.50529,-71.24504,76.00,20.29,0.00,25.75
"Jun 26 2009 13:40:45",42.5053,-71.245026,76.00,20.29,100.00,25.75
"Jun 26 2009 13:40:46",42.5053,-71.24502,76.00,21.67,0.00,25.75
"Jun 26 2009 13:40:48",42.505314,-71.24502,76.00,20.29,0.00,25.75
"Jun 26 2009 13:40:49",42.50532,-71.24501,76.00,20.29,0.00,25.75
"Jun 26 2009 13:40:50",42.50532,-71.245,76.00,21.67,0.00,25.75
"Jun 26 2009 13:40:51",42.50533,-71.244995,76.00,20.29,0.00,25.75
"Jun 26 2009 13:40:52",42.505337,-71.244995,76.00,20.29,0.00,25.75
"Jun 26 2009 13:40:53",42.505337,-71.24499,76.00,21.67,4.00,25.75
"Jun 26 2009 13:40:54",42.505356,-71.244965,76.00,21.67,14.00,25.75
"Jun 26 2009 13:40:55",42.505363,-71.24496,76.00,21.67,0.00,25.75
"Jun 26 2009 13:40:56",42.50537,-71.24494,76.00,20.29,3.00,25.75
"Jun 26 2009 13:40:57",42.50538,-71.24493,76.00,21.67,0.00,25.75
"Jun 26 2009 13:40:58",42.505386,-71.24491,76.00,20.29,0.00,25.75
"Jun 26 2009 13:40:59",42.505386,-71.2449,76.00,20.29,0.00,25.75
"Jun 26 2009 13:41:00",42.505386,-71.24489,76.00,21.67,0.00,25.75
"Jun 26 2009 13:41:01",42.505386,-71.24488,76.00,21.67,16.00,25.75
"Jun 26 2009 13:41:03",42.50537,-71.24487,76.00,21.67,0.00,26.20
"Jun 26 2009 13:41:04",42.50537,-71.24487,76.00,20.29,0.00,26.20
"Jun 26 2009 13:41:05",42.505363,-71.244865,76.00,20.29,0.00,26.20
"Jun 26 2009 13:41:06",42.505356,-71.244865,76.00,21.67,3.00,26.20
"Jun 26 2009 13:41:07",42.50535,-71.24486,76.00,21.67,3.00,26.20
"Jun 26 2009 13:41:08",42.505337,-71.24485,76.00,21.67,0.00,26.20
"Jun 26 2009 13:41:09",42.50533,-71.24485,76.00,21.67,0.00,26.20
"Jun 26 2009 13:41:10",42.50532,-71.24484,76.00,21.67,0.00,26.20
"Jun 26 2009 13:41:11",42.505314,-71.244835,76.00,21.67,12.00,26.20
"Jun 26 2009 13:41:12",42.505314,-71.24483,76.00,21.67,0.00,26.20
"Jun 26 2009 13:41:13",42.505306,-71.24482,76.00,21.67,0.00,26.20
"Jun 26 2009 13:41:14",42.5053,-71.244804,76.00,21.67,0.00,26.20
"Jun 26 2009 13:41:15",42.50529,-71.2448,76.00,21.67,0.00,26.20
"Jun 26 2009 13:41:16",42.505283,-71.2448,76.00,21.67,0.00,26.20
"Jun 26 2009 13:41:18",42.505272,-71.24478,76.00,21.67,0.00,26.20
"Jun 26 2009 13:41:19",42.505264,-71.24478,76.00,21.67,0.00,26.20
"Jun 26 2009 13:41:20",42.505257,-71.244774,76.00,21.67,0.00,26.20
"Jun 26 2009 13:41:21",42.50525,-71.24477,76.00,21.67,0.00,26.20
"Jun 26 2009 13:41:22",42.50524,-71.24476,76.00,21.67,0.00,26.20
"Jun 26 2009 13:41:23",42.505226,-71.24475,76.00,21.67,0.00,26.20
"Jun 26 2009 13:41:24",42.505215,-71.24474,76.00,21.67,0.00,26.20
"Jun 26 2009 13:41:25",42.505207,-71.24474,76.00,21.67,0.00,26.20
"Jun 26 2009 13:41:26",42.5052,-71.244736,76.00,21.67,0.00,26.20
"Jun 26 2009 13:41:27",42.50519,-71.244736,76.00,21.67,0.00,25.75
"Jun 26 2009 13:41:28",42.505184,-71.24473,76.00,21.67,0.00,25.75
"Jun 26 2009 13:41:29",42.50517,-71.24473,76.00,21.67,0.00,25.75
"Jun 26 2009 13:41:30",42.50516,-71.24473,76.00,21.67,0.00,25.75
"Jun 26 2009 13:41:31",42.50516,-71.24473,76.00,21.67,0.00,25.75
"Jun 26 2009 13:41:33",42.505142,-71.24472,76.00,21.67,0.00,25.75
"Jun 26 2009 13:41:34",42.505135,-71.244705,76.00,21.67,0.00,25.75
"Jun 26 2009 13:41:35",42.505127,-71.2447,76.00,20.29,0.00,25.75
"Jun 26 2009 13:41:36",42.50512,-71.24468,76.00,21.67,0.00,25.75
"Jun 26 2009 13:41:37",42.50511,-71.244675,76.00,21.67,0.00,25.75
"Jun 26 2009 13:41:38",42.505093,-71.24467,76.00,21.67,0.00,25.75
"Jun 26 2009 13:41:39",42.505085,-71.24466,76.00,21.67,0.00,25.75
"Jun 26 2009 13:41:40",42.505077,-71.24465,76.00,21.67,0.00,25.75
"Jun 26 2009 13:41:41",42.505062,-71.244644,76.00,21.67,0.00,25.75
"Jun 26 2009 13:41:42",42.505054,-71.24464,76.00,21.67,0.00,25.75
"Jun 26 2009 13:41:43",42.505047,-71.24464,76.00,21.67,36.00,26.20
"Jun 26 2009 13:41:44",42.50504,-71.24464,76.00,21.67,0.00,26.20
"Jun 26 2009 13:41:45",42.505028,-71.24464,76.00,21.67,0.00,26.20
"Jun 26 2009 13:41:46",42.50502,-71.24464,76.00,21.67,0.00,26.20
"Jun 26 2009 13:41:48",42.505005,-71.24463,76.00,21.67,0.00,26.20
"Jun 26 2009 13:41:49",42.504997,-71.24463,76.00,21.67,23.00,25.75
"Jun 26 2009 13:41:50",42.504997,-71.24463,75.00,21.67,0.00,25.75
"Jun 26 2009 13:41:51",42.504982,-71.24463,20.00,20.29,0.00,25.75
"Jun 26 2009 13:41:52",42.50497,-71.24463,20.00,20.29,0.00,25.75
"Jun 26 2009 13:41:53",42.504982,-71.24463,18.00,20.29,4.00,25.75
"Jun 26 2009 13:41:54",42.50497,-71.24461,18.00,20.29,0.00,25.75
"Jun 26 2009 13:41:55",42.504982,-71.24462,18.00,20.29,0.00,25.75
"Jun 26 2009 13:41:56",42.50499,-71.244606,18.00,21.67,0.00,25.75
"Jun 26 2009 13:41:57",42.50497,-71.244606,20.00,21.67,0.00,25.75
"Jun 26 2009 13:41:58",42.50497,-71.24461,76.00,21.67,0.00,25.75
"Jun 26 2009 13:41:59",42.504982,-71.24462,76.00,21.67,0.00,25.75
"Jun 26 2009 13:42:00",42.50499,-71.24462,76.00,20.29,8.00,25.75
"Jun 26 2009 13:42:02",42.504997,-71.24467,76.00,21.67,0.00,25.75
"Jun 26 2009 13:42:03",42.504982,-71.244675,76.00,21.67,0.00,25.75
"Jun 26 2009 13:42:04",42.50497,-71.24466,76.00,21.67,0.00,25.75
"Jun 26 2009 13:42:05",42.504963,-71.244644,76.00,21.67,54.00,25.75
"Jun 26 2009 13:42:06",42.504948,-71.24461,76.00,20.29,0.00,25.30
"Jun 26 2009 13:42:07",42.50494,-71.2446,76.00,20.29,0.00,25.30
"Jun 26 2009 13:42:08",42.504925,-71.24458,75.00,21.67,0.00,25.30
"Jun 26 2009 13:42:09",42.504917,-71.24455,75.00,20.29,0.00,25.30
"Jun 26 2009 13:42:10",42.504917,-71.244545,76.00,20.29,50.00,25.30
"Jun 26 2009 13:42:11",42.504898,-71.244545,76.00,21.67,0.00,25.30
"Jun 26 2009 13:42:12",42.504883,-71.24454,76.00,20.29,0.00,24.85
"Jun 26 2009 13:42:13",42.504875,-71.24454,76.00,20.29,0.00,24.85
"Jun 26 2009 13:42:14",42.504875,-71.244545,76.00,20.29,0.00,24.85
"Jun 26 2009 13:42:15",42.504868,-71.24454,76.00,20.29,0.00,24.85
"Jun 26 2009 13:42:17",42.50485,-71.24453,76.00,20.29,0.00,24.85
"Jun 26 2009 13:42:18",42.504833,-71.244545,76.00,20.29,0.00,24.85
"Jun 26 2009 13:42:19",42.504875,-71.24459,76.00,20.29,0.00,24.85
"Jun 26 2009 13:42:20",42.504875,-71.244606,76.00,20.29,0.00,24.85
"Jun 26 2009 13:42:21",42.504883,-71.24461,76.00,20.29,0.00,24.40
"Jun 26 2009 13:42:22",42.504917,-71.24462,76.00,20.29,0.00,24.40
"Jun 26 2009 13:42:23",42.504917,-71.244606,76.00,20.29,14.00,24.40
"Jun 26 2009 13:42:24",42.504932,-71.24461,76.00,20.29,0.00,24.85
"Jun 26 2009 13:42:25",42.504925,-71.244606,76.00,20.29,0.00,24.85
"Jun 26 2009 13:42:26",42.504925,-71.24461,76.00,20.29,0.00,24.40
"Jun 26 2009 13:42:27",42.504917,-71.24461,76.00,20.29,34.00,24.85
"Jun 26 2009 13:42:28",42.504925,-71.24464,76.00,20.29,0.00,24.85
"Jun 26 2009 13:42:29",42.504925,-71.24465,76.00,21.67,0.00,24.85
"Jun 26 2009 13:42:30",42.50494,-71.24468,76.00,20.29,0.00,24.85
"Jun 26 2009 13:42:32",42.50497,-71.244804,76.00,20.29,0.00,24.85
"Jun 26 2009 13:42:33",42.50497,-71.24483,76.00,20.29,0.00,24.85
"Jun 26 2009 13:42:34",42.504982,-71.24485,76.00,20.29,5.00,24.85
"Jun 26 2009 13:42:35",42.505005,-71.24494,76.00,20.29,0.00,24.85
"Jun 26 2009 13:42:36",42.505013,-71.24497,76.00,20.29,1.00,24.85
"Jun 26 2009 13:42:37",42.50502,-71.24501,76.00,20.29,0.00,24.85
"Jun 26 2009 13:42:38",42.505028,-71.24504,76.00,20.29,0.00,24.40
"Jun 26 2009 13:42:39",42.504982,-71.24484,76.00,20.29,0.00,24.40
"Jun 26 2009 13:42:40",42.50494,-71.24468,75.00,20.29,0.00,24.40
"Jun 26 2009 13:42:41",42.50494,-71.244675,75.00,20.29,0.00,24.40
"Jun 26 2009 13:42:42",42.504932,-71.24461,75.00,20.29,0.00,24.40
"Jun 26 2009 13:42:43",42.504925,-71.2446,75.00,20.29,0.00,24.40
"Jun 26 2009 13:42:44",42.504906,-71.24459,74.00,20.29,0.00,24.40
"Jun 26 2009 13:42:45",42.504898,-71.2446,75.00,20.29,0.00,24.40
"Jun 26 2009 13:42:47",42.504883,-71.24459,75.00,20.29,0.00,23.95
"Jun 26 2009 13:42:48",42.504883,-71.244606,75.00,20.29,0.00,24.40
"Jun 26 2009 13:42:49",42.504868,-71.244606,75.00,20.29,0.00,24.85
"Jun 26 2009 13:42:50",42.504875,-71.2446,75.00,20.29,0.00,23.50
"Jun 26 2009 13:42:51",42.504875,-71.24461,75.00,20.29,0.00,25.75
"Jun 26 2009 13:42:52",42.504875,-71.24463,75.00,20.29,0.00,23.05
"Jun 26 2009 13:42:53",42.504875,-71.24464,75.00,20.29,0.00,23.05
"Jun 26 2009 13:42:54",42.504868,-71.24463,75.00,20.29,0.00,23.95
"Jun 26 2009 13:42:55",42.504875,-71.24462,75.00,20.29,0.00,24.85
"Jun 26 2009 13:42:56",42.504906,-71.244606,75.00,20.29,0.00,24.85
"Jun 26 2009 13:42:57",42.504875,-71.24462,75.00,20.29,7.00,25.30
"Jun 26 2009 13:42:58",42.50484,-71.24463,75.00,20.29,1.00,25.30
"Jun 26 2009 13:42:59",42.50484,-71.24463,75.00,20.29,0.00,24.40
"Jun 26 2009 13:43:00",42.504833,-71.24463,75.00,20.29,0.00,23.05
"Jun 26 2009 13:43:02",42.504818,-71.24463,75.00,20.29,0.00,22.60
"Jun 26 2009 13:43:03",42.50481,-71.24463,75.00,20.29,0.00,22.60
"Jun 26 2009 13:43:04",42.50481,-71.24463,75.00,20.29,5.00,23.05
"Jun 26 2009 13:43:05",42.50481,-71.24463,75.00,20.29,0.00,23.05
"Jun 26 2009 13:43:06",42.504803,-71.24462,75.00,20.29,0.00,23.50
"Jun 26 2009 13:43:07",42.504803,-71.24465,75.00,20.29,0.00,23.50
"Jun 26 2009 13:43:08",42.504803,-71.24463,76.00,20.29,0.00,23.50
"Jun 26 2009 13:43:09",42.504803,-71.24464,76.00,20.29,0.00,23.50
"Jun 26 2009 13:43:10",42.504784,-71.24464,76.00,20.29,29.00,23.50
"Jun 26 2009 13:43:11",42.504776,-71.24463,74.00,20.29,0.00,23.50
"Jun 26 2009 13:43:12",42.50476,-71.24463,74.00,20.29,11.00,23.50
"Jun 26 2009 13:43:13",42.504738,-71.244644,74.00,20.29,0.00,23.50
"Jun 26 2009 13:43:14",42.50471,-71.24465,74.00,20.29,11.00,23.50
"Jun 26 2009 13:43:15",42.50469,-71.24466,74.00,20.29,0.00,23.50
"Jun 26 2009 13:43:17",42.50466,-71.24466,75.00,20.29,0.00,23.50
"Jun 26 2009 13:43:18",42.504646,-71.24467,75.00,20.29,0.00,23.95
"Jun 26 2009 13:43:19",42.50464,-71.244675,74.00,20.29,0.00,23.95
"Jun 26 2009 13:43:20",42.504623,-71.244675,74.00,20.29,0.00,23.95
"Jun 26 2009 13:43:21",42.504604,-71.24467,74.00,20.29,0.00,23.95
"Jun 26 2009 13:43:22",42.504597,-71.24467,75.00,20.29,1.00,23.95
"Jun 26 2009 13:43:23",42.50458,-71.24466,75.00,20.29,0.00,23.95
"Jun 26 2009 13:43:24",42.504574,-71.24465,74.00,20.29,0.00,23.95
"Jun 26 2009 13:43:25",42.504574,-71.244644,74.00,20.29,0.00,23.95
"Jun 26 2009 13:43:26",42.504574,-71.24465,74.00,20.29,0.00,23.95
"Jun 26 2009 13:43:27",42.504574,-71.24464,74.00,20.29,0.00,23.95
"Jun 26 2009 13:43:28",42.504574,-71.24463,74.00,20.29,0.00,23.95
"Jun 26 2009 13:43:29",42.504574,-71.24463,74.00,20.29,0.00,23.95
"Jun 26 2009 13:43:30",42.504566,-71.24462,74.00,20.29,29.00,24.40
"Jun 26 2009 13:43:32",42.50453,-71.24461,75.00,20.29,42.00,24.40
"Jun 26 2009 13:43:33",42.50453,-71.24461,76.00,20.29,0.00,24.40
"Jun 26 2009 13:43:34",42.504524,-71.24462,76.00,20.29,0.00,24.40
"Jun 26 2009 13:43:35",42.504524,-71.24462,76.00,20.29,0.00,24.40
"Jun 26 2009 13:43:36",42.504517,-71.24461,76.00,20.29,5.00,24.40
"Jun 26 2009 13:43:37",42.50451,-71.2446,76.00,20.29,0.00,24.40
"Jun 26 2009 13:43:38",42.504482,-71.244576,76.00,20.29,0.00,24.40
"Jun 26 2009 13:43:39",42.504475,-71.244576,76.00,20.29,0.00,24.40
"Jun 26 2009 13:43:40",42.50446,-71.24456,76.00,20.29,0.00,24.40
"Jun 26 2009 13:43:41",42.504444,-71.244545,76.00,20.29,0.00,24.40
"Jun 26 2009 13:43:42",42.504417,-71.24452,76.00,20.29,0.00,24.85
"Jun 26 2009 13:43:43",42.504402,-71.24451,76.00,20.29,0.00,24.85
"Jun 26 2009 13:43:44",42.50437,-71.244484,76.00,20.29,0.00,24.85
"Jun 26 2009 13:43:46",42.504295,-71.24445,76.00,20.29,0.00,24.85
"Jun 26 2009 13:43:47",42.504265,-71.24443,76.00,20.29,0.00,24.85
"Jun 26 2009 13:43:48",42.50424,-71.24441,76.00,20.29,2.00,24.85
"Jun 26 2009 13:43:49",42.504208,-71.244415,76.00,20.29,0.00,24.85
"Jun 26 2009 13:43:50",42.504208,-71.2444,76.00,20.29,0.00,24.85
"Jun 26 2009 13:43:51",42.504208,-71.244385,76.00,20.29,0.00,24.85
"Jun 26 2009 13:43:52",42.504215,-71.24437,75.00,20.29,0.00,24.85
"Jun 26 2009 13:43:53",42.504223,-71.244354,76.00,20.29,0.00,24.85
"Jun 26 2009 13:43:54",42.504166,-71.24437,75.00,20.29,0.00,24.85
"Jun 26 2009 13:43:55",42.504135,-71.24438,75.00,20.29,0.00,24.85
"Jun 26 2009 13:43:56",42.504128,-71.244354,75.00,20.29,0.00,24.85
"Jun 26 2009 13:43:57",42.50411,-71.24434,75.00,20.29,0.00,24.85
"Jun 26 2009 13:43:58",42.504086,-71.24434,75.00,20.29,0.00,24.85
"Jun 26 2009 13:43:59",42.50405,-71.24433,75.00,20.29,24.00,24.85
"Jun 26 2009 13:44:01",42.504044,-71.244286,74.00,20.29,0.00,33.39
"Jun 26 2009 13:44:02",42.504086,-71.244255,74.00,20.29,18.00,33.39
"Jun 26 2009 13:44:03",42.50411,-71.24423,74.00,20.29,0.00,32.94
"Jun 26 2009 13:44:04",42.504135,-71.24422,74.00,20.29,0.00,33.39
"Jun 26 2009 13:44:05",42.50415,-71.24421,74.00,20.29,0.00,32.49
"Jun 26 2009 13:44:06",42.504166,-71.244194,74.00,20.29,0.00,32.04
"Jun 26 2009 13:44:07",42.504185,-71.244194,74.00,20.29,0.00,32.04
"Jun 26 2009 13:44:08",42.504192,-71.24419,74.00,20.29,12.00,30.69
"Jun 26 2009 13:44:09",42.5042,-71.24419,75.00,20.29,0.00,27.54
"Jun 26 2009 13:44:10",42.504208,-71.24418,75.00,20.29,0.00,28.44
"Jun 26 2009 13:44:11",42.504215,-71.24419,75.00,20.29,0.00,27.99
"Jun 26 2009 13:44:12",42.504223,-71.24418,75.00,20.29,0.00,27.54
"Jun 26 2009 13:44:13",42.50423,-71.24418,74.00,20.29,0.00,26.65
